-0.0102598727239504,0.0106807241898064,0.0164602718499982,0.000538938597008605
-0.0309255977900198,0.0100917519646564,0.016693896014619,-0.00174875610832843
-0.0514630442213124,0.00637541613222861,0.0160876480107076,-0.00371604340379024
-0.0600000037207523,0.00346467082093417,0.0174541925797893,-0.00493320896398193
-0.053110451802715,0.000270346769916877,0.017990508241601,-0.00467719016974345
-0.0368433936663004,-0.00514087414848513,0.0138688948803369,-0.00329756979006455
-0.0204358799508407,-0.0103655393632336,0.00828578940358074,-0.00172542440372259
-0.00875290305763022,-0.0150468504046929,0.00309828912614383,-0.000735725741506288
-0.00116213926198198,-0.0179636921726396,-0.00240239956178211,-0.000695576296055144
0.0043911066471077,-0.0141545337058897,-0.00590420156660646,-0.00116744106396804
0.0109092162926305,-0.00860051302651876,-0.00929963276049685,-0.00125600098089477
0.0195265814237546,-0.00909837951100936,-0.01428458044919,-0.000585834122918115
0.0281407613601836,-0.0134563570087233,-0.0182032320287474,0.000492897557253647
0.0350369486086623,-0.0169309753084185,-0.021474338251817,0.00150885456370959
0.0407587729955686,-0.0178961042356562,-0.0256700994693618,0.0023515127392713
0.0455658992263249,-0.0175711377783531,-0.0287298230683485,0.00312917354646374
0.0476706646400909,-0.018236615675681,-0.0270333870378505,0.00380724072888873
0.0483716807650899,-0.0190749399406274,-0.0212818184285094,0.00391735644173996
0.0495495185253721,-0.0195289891654319,-0.0160907656647754,0.00284809407976252
0.0451961833871452,-0.0200232326641028,-0.0129498131016885,0.00074044973653229
0.0286317520368189,-0.0196710513852667,-0.00985745729037004,-0.00167810438772894
0.00690792149772358,-0.0185715408963731,-0.00455308785747047,-0.00400075298572827
-0.00464629920798536,-0.0150563100699534,0.000943068546574599,-0.00592047720850166
-0.00161057295965701,-0.00881699907359861,0.00502343428191835,-0.00658392794402229
0.00474914505574878,-0.00119772254186342,0.0108894737675491,-0.00552980820839852
0.00661549797732964,0.00672423361461628,0.0168732745750229,-0.0037123897240156
0.0155398484932744,0.00665076701582946,0.0205785296047796,-0.00196811313761219
0.0362372150637152,-0.00503364266969084,0.0220023382700183,-0.000269265981594469
0.0581773249251094,-0.0162805228957212,0.0202667370132974,0.000846911903788797
0.0654448375818488,-0.01376109059298,0.0179126396641963,0.000487113807808424
0.0389581702619265,0.000620291917465071,0.0175353152677456,-0.00133570426735405
-0.00297274603158822,0.00888026762869967,0.0167916043938352,-0.00330212575918887
-0.0227949524551291,-8.23139035127148e-05,0.0111726811300112,-0.00329640769708929
-0.0179626678248298,-0.0129182743981698,5.44862167185488e-05,-0.000439559537736693
-0.00579701868201034,-0.0101316927714587,-0.0129789429688063,0.00352887923164026
-0.00366495401871057,0.00227794254954119,-0.0205145386911417,0.00600240543689716
-0.0142833366676485,0.00507043622263984,-0.0205669167840621,0.00589805230547832
-0.0224438294189384,-0.0054395464135593,-0.0176955950037833,0.00391618874061826
-0.0229902408656907,-0.0112510304353459,-0.00787570788655879,0.00127941267101572
-0.0213768009134079,0.00438001622708183,0.00774310382791849,-0.000778248772032582
-0.0298210596630142,0.0294896383071214,0.0188507236667373,-0.00150958923544836
-0.0579154741102148,0.0528315861041356,0.0233278567751807,-0.00124036900226789
-0.0730130029430204,0.0539594606951073,0.0191846906141425,-0.000612114730637832
-0.0408184576710936,0.0117665332121476,0.00557905125264063,-0.000165411585764951
-0.000248451051386669,-0.0214599214593028,-0.00403640325714376,-0.000698847186782527
-0.00035382913140275,0.0068892313146845,0.00206044354904893,-0.00213995420549889
-0.0211527842196119,0.0559492593169253,0.0144675483351299,-0.00281245100403205
-0.0104795384287009,0.0666811649582829,0.0166445591495746,-0.00169458405365808
0.0350877269609413,0.0401946907935142,0.00770533986639682,0.000473033259918674
0.0560262913453439,0.0159565886118048,-0.00189341165786218,0.00231730883372658
0.0309034373997902,0.0122425843794162,-0.00818346224215492,0.00297109061224387
-0.00486528875512447,0.00389937118241171,-0.0138140719725294,0.00250373188267361
-0.0290870134603659,-0.0272212180280983,-0.0210254966914826,0.00166896751512772
-0.0361506252931651,-0.0591493191501442,-0.0279820612398998,0.00120766296442117
-0.0309522135318649,-0.0668481731889012,-0.028251140949902,0.00104374071478585
-0.0164992883758934,-0.0480573116611188,-0.019828511174276,0.000846840288839966
0.0166511359759541,-0.0190171562668723,-0.00885903742680071,0.000623320884549196
0.0491671367968796,-0.00172073378094703,-0.00159507434519403,0.000505727787606967
0.0458165284563396,-0.000750468949805412,0.00231015139655434,0.000391980787740486
0.0194451978670002,0.00203523092535981,0.004285347010315,-0.00023488921646377
0.00164039567663678,0.0211252997284233,0.00156985070117971,-0.00152371616979217
-0.00559252189049756,0.0420236212589657,-0.00454128497882481,-0.00278756059905395
-0.0134372195628624,0.0434799571686976,-0.00933156075147812,-0.00334039059318944
-0.0233628330972912,0.0300544442431992,-0.0110514577169572,-0.00283457584669009
-0.0278237321859128,0.0150708074426621,-0.00568626517027162,-0.00124780216069912
-0.0208789862129983,-0.00161551690748176,0.00621124738474678,0.000658117526976009
-0.00258002440060055,-0.0221021287751626,0.0157912215361372,0.00213451522438851
0.0129620997333812,-0.0428008076110883,0.0219379354733614,0.00310853122170378
0.0112402831275321,-0.0582999270415763,0.024945898206293,0.00354719159586957
-0.000102831543194147,-0.0648971126975825,0.0211402039014839,0.00308933634614553
-0.00798020135218325,-0.0601350589171697,0.0176651494865952,0.0015154096819921
-0.00882430675987214,-0.0444747783669724,0.0208133463314077,-0.000643537518290214
-0.00290241765803139,-0.0258042918969202,0.0246275853674905,-0.002305806096992
0.00235064503384147,-0.00226546056022787,0.0248775342038998,-0.00253439211381406
-0.00264947138252776,0.0378390311052244,0.021253000849844,-0.00107484725025891
-0.0101373020777443,0.0835832129897441,0.00301969670145812,0.00129037514670402
-0.00189939841545115,0.109171593295539,-0.043462521628399,0.00244159557774106
0.0220058267499153,0.106806073782634,-0.0939071477316505,0.000458151769997315
0.0431372520803582,0.0648676583862776,-0.0948439766545275,-0.00403819645667091
0.0376450968773592,-0.0203653268491748,-0.0392860177065658,-0.00804513794009731
-0.000954456848607328,-0.0914533707000209,0.0258127369913072,-0.00912307522434073
-0.0398411556727929,-0.0936428326227376,0.0653397667687983,-0.00813814202126496
-0.0460270906457322,-0.0588636625859247,0.0673741012244075,-0.0071250069202784
-0.0211181988237012,-0.0402300427417618,0.0382098219499977,-0.00622073479366526
0.0138248084630884,-0.0327967465172963,0.0135242838032759,-0.00506598565770986
0.0405236017140335,-0.00548690135195313,0.0148047837420647,-0.00321379674749677
0.0577231629376873,0.0423153788638666,0.0219011073532454,0.000453770830356172
0.062016676560985,0.0850729679073161,0.0142177099336334,0.00545934225716757
0.0386895278995219,0.10773736715707,-0.00544702167037329,0.00907684771751253
-0.00790837954247348,0.0899025808320844,-0.0199264988851628,0.00896458258159142
-0.0544158349117235,0.0344789528227201,-0.0167206082503438,0.00563611942754758
-0.0791412633314612,0.00377148326274085,-0.00520693953062509,0.00167255403883868
-0.0822124102074085,0.0191472566898332,0.0038910965129435,-0.000953405444167047
-0.066963123888074,0.0338741426463704,0.0130875736310802,-0.00171565029915829
-0.0409088628987891,0.0149467781109456,0.0183043289780325,-0.00106037201406004
-0.0423027409892763,-0.0213981382554012,0.0140616102479528,-0.000243900736180773
-0.0686464862222769,-0.0258706458008031,0.00820517363911467,-0.00033132558219348
-0.0677147408385892,0.0166804503172954,0.0070013959118791,-0.00132306703751187
-0.0311188086308583,0.0650599911057582,0.00764357944111902,-0.00256234085575547
0.00427497319001803,0.0852238036978664,0.00799740452991215,-0.00316588418691207
0.0244769523905088,0.0872593651236961,0.00831696119859521,-0.00292566818724972
0.0394946160907778,0.0860688167642443,0.00550166327268838,-0.00238736820415048
0.0665684406182106,0.0601880702301917,-0.00608924961423362,-0.00200085485997599
0.104245727992116,-0.0125635649132841,-0.0219122420750005,-0.00185493809993365
0.111927337700408,-0.0876053162715689,-0.0268623999815777,-0.00194226628977579
0.0727493224626316,-0.097570933193215,-0.0173559900095456,-0.00246928893043553
0.013398800693314,-0.0553537677997639,-0.00362062694665422,-0.00280228567834661
-0.0367697583516889,-0.00875337244004767,0.00341644983114812,-0.00147490016474934
-0.060548757351853,0.027456830828728,0.00160680480822367,0.00161382040262286
-0.0599771662373313,0.0472449253035405,-0.00146370154318749,0.00499670782131362
-0.0521218029109336,0.0568197298535353,-0.00802844230141688,0.00699556366283281
-0.042884714689056,0.06604604533943,-0.0200928481441894,0.00665361330734855
-0.0282186076886922,0.0716916225814339,-0.0228825285912998,0.00457431244439528
-0.0121796630555737,0.0699511587062994,-0.0154811509729797,0.00242062575381165
-0.000991502097349672,0.0610897092811143,-0.0104719961793196,0.00109161302998139
0.00293688539539089,0.0481067477207722,-0.00697103621304679,0.000147963522496626
0.00221786933734655,0.0339069178681236,0.00142500339870247,-0.000946180175071385
5.32923227683398e-05,0.0258209737606393,0.0110727805265725,-0.00202982258425091
-0.00322733804107072,0.0215652726654277,0.0114278154812121,-0.0028628026352149
-6.43850117010691e-05,0.000956736797872088,0.000514212982937596,-0.00327201269640218
0.0137086893957793,-0.0508000490284005,-0.0121718306626896,-0.00247954215394101
0.0275431295734075,-0.112583138375537,-0.0148904636419439,-0.000244197272580652
0.0295263069587426,-0.131379592545059,-0.00619081922757102,0.00221566948051425
0.0201463605256779,-0.0944305757132556,0.0051898759241914,0.00371332203499963
0.0115504497266443,-0.046206938034293,0.01175767404533,0.00416717522304282
0.0091561181063702,-0.0173709623758484,0.0133429107943852,0.00420289013085248
0.00965093801420542,-0.00475722919604774,0.014300619259465,0.00402819171417765
0.0100217655681607,0.00117523080923774,0.0131437288957117,0.00345380022645353
0.00788870079139525,0.00117500463355255,0.00631223492089499,0.00270375828583792
0.00477924350534494,-0.00575471397766041,-0.00131783868693784,0.00177947612164878
0.00295362302958663,-0.014843555132561,-0.00349317618977295,0.000531273904487623
0.00240227879261235,-0.0234824679290399,0.00125185274643557,-0.000974451051856247
0.000423770490421783,-0.0297473705528992,0.00743009191526267,-0.00299007107050594
-0.00604043209319397,-0.0354411133508143,0.00725046966644104,-0.00511007529799897
-0.016032050163508,-0.0399263312215468,0.00709851637542214,-0.00604984894421477
-0.0256597250098186,-0.0298984485494126,0.0185177147781163,-0.00575403965305105
-0.0303252607843888,0.00166854395458958,0.0309767559437272,-0.00491941662712858
-0.0249422295212841,0.0396872212952549,0.0220162955383976,-0.00280738104781489
-0.0127302763027128,0.0647232612977455,-0.000737390925989033,0.000426217689880133
-0.00519178446568298,0.0726478125320195,-0.00766967359930556,0.00246433693841111
-0.00323130047815092,0.0704170536979302,0.00405494654841762,0.00266573633947387
-0.0032642541337168,0.0598718416263997,0.0161162214623699,0.0026044695678302
-0.0078658775858034,0.0353731221869942,0.0195962922100702,0.00297028158590931
-0.014675952201446,0.00245599142333594,0.0125152940854898,0.00324311819594605
-0.0129128714846193,-0.05877546693428,0.000104746659477746,0.00285302391415844
-0.00586037149930425,-0.13394249536557,-0.00347163972045656,0.00159673431234034
-0.00910616553902928,-0.12655037387954,0.00271717655214686,0.000394317366668725
-0.0297025381270556,-0.0514434740979918,0.00404619020831591,0.000210288814848394
-0.0775765004664292,-0.00951848458995468,0.0018183932200279,0.000346485159824126
-0.141519363029067,0.00224107523048198,0.00911717144676566,-0.000308588187155764
-0.179575904454781,0.0277115783277679,0.0243801338731515,-0.00160636954326885
-0.17473214541558,0.0613839117483779,0.0373764548283667,-0.00243272475149224
-0.128345063127473,0.078079877204127,0.0410170445669641,-0.00204706318629236
-0.0360029148440699,0.0715307044921219,0.0362204820494515,-0.000989891741014377
0.0714279597556188,0.0631848807521545,0.0305122372465813,-9.19577321560639e-05
0.146609156994057,0.0668977866022841,0.0247441847407915,0.000809127391560043
0.191951682380268,0.0498054245179687,0.00738613653530597,0.00191654014105394
0.209958539507316,-0.0111421957370014,-0.0203571790650842,0.00235420722954094
0.158931625540873,-0.0839891043024496,-0.0329689169802823,0.00138283918416695
0.0450621563107806,-0.123057842860398,-0.0270874497324515,-0.000367145385275874
-0.0522153946191879,-0.108205221524061,-0.0295221222166756,-0.00187796055420895
-0.0873325097319041,-0.0754632314911765,-0.038523360152309,-0.00260182199281696
-0.0851219187848798,-0.0641919234674641,-0.0271407875390208,-0.00217304201577046
-0.0778506233487186,-0.0558904380877562,0.00452058904364757,-0.000650319291017473
-0.0747908968521735,-0.0257290671504698,0.0358741117887711,0.00127519044113023
-0.07201682371555,0.0185295118151303,0.052643648541355,0.00276384868584632
-0.0611134712262882,0.0567851527879681,0.0504176648557578,0.00306725461287705
-0.0336313571956989,0.0691316349565201,0.035953907317524,0.00202261150347329
0.00849434557331318,0.0364082882796129,0.0194827392846946,0.000490219326580625
0.036908612719934,-0.0223444543934932,0.00864502550003068,-0.000399748863315108
0.0314271145387782,-0.0475893126664259,0.00603105589254784,-0.000289077942768016
0.0171555787740014,-0.0218545035343719,0.00119589089565659,0.000390108566571149
0.0189453144703711,0.0154127148707536,-0.0243743380658177,0.000883658340785063
0.0273850034680792,0.0324598651330807,-0.064401408288591,0.000442644423214689
0.0294444622596695,0.0268229879070609,-0.0792415698291881,-0.00099634635177569
0.0253522689948061,0.00953980377453439,-0.0527002909494701,-0.00223537348801135
0.0221204375163034,-0.0085318140340855,-0.01875179113119,-0.00163586034564544
0.0242854889951617,-0.0223383166794388,-0.00776108025493612,0.000475349224492624
0.0288945635646587,-0.0341737655874268,-0.0125570945137952,0.00199376242751768
0.0302788196315758,-0.0447796963125788,-0.0145027618251887,0.00211488807006292
0.0147217358639809,-0.0458717411370741,-0.00235145779520886,0.00163665088904595
-0.0200436027525201,-0.0385209638269959,0.0165338976807402,0.00172225697112826
-0.0400340442179071,-0.0309402846677376,0.0213690063134605,0.00300977712223007
-0.0219082369269593,-0.0228938254221478,0.0100434801007726,0.00447135110415104
0.00731621733866031,-0.0152223472965804,-0.00311476706260775,0.00457144938411211
0.0207036229650442,-0.0127821311881443,-0.00892567140244806,0.00312105906084551
0.0264583883433122,-0.0210695654503528,-0.00867278149062145,0.000983269723879252
0.0331684617876397,-0.0373086515061939,-0.00790769384167147,-0.000737632304176813
0.0258277778206012,-0.0442778715892241,-0.00696361943762511,-0.00146629446546061
-0.00145542838445824,-0.0308030090370841,-0.00445899658618854,-0.0016168544418482
-0.0259324724692255,-0.0119672193919707,-0.00408398058123555,-0.00189217710392207
-0.0367853800726431,-0.00316211072280189,-0.00707399918516045,-0.0024014676767466
-0.0398273685873803,0.0123427430993738,-0.00806017644532661,-0.0024393584945895
-0.018171548677054,0.0415890196865452,-0.00576343252906359,-0.00125563850226508
0.0269063468020737,0.0656068791044475,-0.00728245200342693,0.00106376911961795
0.0446492584700113,0.0809203970080801,-0.0203800697103682,0.00335556249581579
0.0286566384154733,0.0853109603892713,-0.0447359344414484,0.00387572352987677
0.0323946858449109,0.0574331695389137,-0.0606231693251666,0.00193886909553892
0.0567012859339304,-0.0173168709755384,-0.0508565420524895,-0.00108461901710351
0.0511097429047591,-0.096672993742095,-0.0267308996153361,-0.00320075172826974
0.0136813357562683,-0.109552082612213,-0.00265370052105911,-0.00374261574002867
-0.0253005383056845,-0.0625952034316605,0.0157696345409603,-0.00321071822825854
-0.0561567808544011,-0.0181863666864464,0.024889847466167,-0.00218536982796875
-0.0696333826268098,0.000323998868422187,0.0303297912617265,-0.00105223321176855
-0.0572987564513237,0.00694872281079679,0.0372512302146274,0.000389810438299261
-0.0294079078748256,0.0107205716649787,0.0393393993091579,0.00254294778821516
-0.00164057269842933,0.0127797084142084,0.0327548934606879,0.00451216881927334
0.0216786123074866,0.0172093417591611,0.017365804037232,0.00478142528373319
0.0387556299517471,0.0298584194908651,-0.00645407963066508,0.00328999274006763
0.036945287393308,0.0510007884501981,-0.0204373512539166,0.00135477664090546
0.00908787282542311,0.0670469913046046,-0.010243402541599,0.000195523140875885
-0.0251388342631453,0.0637480651159655,0.00522260621418239,0.00034419280868377
-0.0454235591862911,0.039036383483941,0.00941150170296188,0.00164399497449321
-0.0629260757936878,0.0129464827569309,0.0101475064094806,0.00297842286592267
-0.079196433294782,0.00652850565428817,0.0112479716847216,0.00310989960275753
-0.0661867847693166,0.00982319842521078,0.00293321319060934,0.00175198107848318
-0.0151609325728076,-0.00179957342947065,-0.0116697938626849,-0.000952355147446546
0.0495902521188011,-0.0453600066818935,-0.020451647631095,-0.00435909594120187
0.0973356972528499,-0.0951723276811969,-0.0241440231423053,-0.0069393648815391
0.11407304783229,-0.0979842597944855,-0.0221650885300789,-0.00752045534546919
0.0996709949538715,-0.0508139274840352,-0.0146602678384678,-0.00637279015612276
0.069080592260668,-0.000436371533773641,-0.00958659567140743,-0.00469619947685375
0.0407120887055415,0.0201371640560524,-0.00771758365632399,-0.00327837197936669
0.0165412292597009,0.0146868447598449,-0.00258546590902367,-0.00186684532167383
0.00126141688097631,0.00409780536187567,0.00703059275547181,0.000211414490828982
-0.00568537057401667,0.000334223788659637,0.016697027481583,0.00312394248804173
-0.0115517360232847,0.00108650145235886,0.0237200770590984,0.00603899530455978
-0.00900295849347137,0.00372277829235019,0.0267564419136971,0.00768646306102098
0.00188104590673353,0.0101308172000035,0.0258720909464289,0.00759656837864953
0.00492030226722744,0.0253870858660414,0.0229692836890652,0.00622501146979831
0.00594648669201934,0.0463367392742005,0.0199406140647003,0.00410198531286814
0.0137298996491195,0.0667678114171909,0.0145245428708386,0.00152311467511799
0.0123358559435596,0.0753820281213155,-6.37633474052449e-05,-0.00129737677678185
0.0114024535486631,0.0526287827513964,-0.0162210627617667,-0.00400205956308199
0.0190959473329447,0.0145346551482851,-0.0177061107302569,-0.00588993520722587
0.00917388249269667,-0.01152100346244,-0.0106840826659663,-0.00633809969182545
-0.0137244431649681,-0.0406566325409001,-0.0121228527713859,-0.0053993750660036
-0.0235184311218608,-0.0868834098199938,-0.021409748872313,-0.00345943559179201
-0.0232286445515759,-0.113715297143908,-0.0249401701524327,-0.00123503081193884
-0.0191630549095943,-0.0962185518840586,-0.0214591542155834,0.00024672974222354
-0.0035032221092578,-0.0576702722726166,-0.017926765579356,0.00069623227820041
0.0189659205514447,-0.0169182948334156,-0.011782478347275,0.000527257114275097
0.0295995542739554,0.0184455679700389,-0.00130995410461153,0.000157134279618827
0.0184800252597438,0.0501728007814014,0.00752406267388468,-0.000339833462890737
-6.13060258369859e-05,0.0766136616333116,0.0100129131348661,-0.00107749602938629
-0.0101576125530434,0.0782784166180487,0.00927813234007441,-0.00177659247642755
-0.0140173242452341,0.060728678664032,0.0125792125664426,-0.00184755363612339
-0.0134342015505317,0.0516275114764217,0.0210875382239457,-0.000782536662986072
-0.00946902524067147,0.0484166580102724,0.0256464319513541,0.00161641983030663
-0.0020110056580214,0.0284090893554479,0.0186545402907935,0.00469449522078098
0.0129321139422967,-0.0278053615349391,0.00520079620801107,0.00647547978197797
0.0254591953083474,-0.0970624189777568,-0.00236678735376837,0.00521593446542721
0.015893387064217,-0.107074940132697,-8.82495543354234e-06,0.00184760881331371
-0.00991318110830237,-0.0602696467524776,0.00248587990230005,-0.00119419894900882
-0.0206555447327553,-0.0272789015373278,-0.000935725662338818,-0.00270437353266506
-0.00628237964136247,-0.0267421729702461,-0.0075831484228772,-0.00263000936038888
0.0100427622069779,-0.0255184735611184,-0.0130462043556766,-0.00177976273969184
0.0170010527314018,0.00139536610126578,-0.00852184458639007,-0.00157262731345705
0.0167552925334625,0.0322064157537013,0.00383556835552539,-0.00222763045498494
0.00387509934460575,0.0399197793404339,0.0163397171262646,-0.00273390634063918
-0.0119167997834629,0.0322384851282822,0.0363623249573836,-0.00200500205856353
-0.0326928787822723,0.0262948045619081,0.0602036822103483,0.000248762332712882
-0.0734353423977274,0.0322982736503584,0.0700137626994707,0.00234203968065917
-0.109414415339808,0.0429952507516226,0.0659502494329143,0.00273342016665639
-0.111226176097652,0.0456639557055994,0.0555756385331122,0.0022785877250236
-0.0808099753870779,0.0433251590141409,0.0352528985035172,0.00204795061230935
-0.0431939805407735,0.047697461601779,0.00883939537950849,0.00199467147701745
-0.028802076420195,0.063266556746182,-0.0120083186857202,0.00193596345168856
-0.0316828246737873,0.0621881857419403,-0.037298878327513,0.00146981368495634
-0.0191459105827527,0.0255945828689843,-0.0705495006008833,-0.000371259838139604
0.00772131313023892,-0.0251993926916022,-0.082239226958993,-0.00353362191970637
0.0204252797837936,-0.0853849421395934,-0.0638577435750232,-0.00598349014515175
0.0220230143024472,-0.142653747665979,-0.0404407452979833,-0.00609909348334888
0.0366787037093846,-0.142778768747456,-0.0268277389942949,-0.00419065954872856
0.0583501743834419,-0.0867876380135265,-0.0159532863709182,-0.00124740870906923
0.0546359762892152,-0.044947004170042,-0.000812402939993725,0.00178332852377366
0.0238755956388735,-0.0247609657809608,0.012344340504996,0.00408191835211076
-0.00634010659341946,0.00795105357853991,0.0184559837728485,0.0054903102045031
-0.0257765866797591,0.0353058215304361,0.0202293951744837,0.00589446572721507
-0.0337804312493586,0.038146615659325,0.0207191070324508,0.00528300861890523
-0.0338065084752892,0.0350066772583173,0.0214302680888416,0.00438713046670798
-0.0358412223360167,0.0373460192261828,0.0224630017863933,0.00322999688974722
-0.040617187898432,0.0333653757001432,0.0253455853346244,0.000881881430861381
-0.0365750597331969,0.0220590567712436,0.0291215232224606,-0.00284494999786455
-0.019911100254743,0.0154532529979947,0.0273605309499017,-0.00655875676899258
-0.00422272445780335,0.0150889954153238,0.0169066608101288,-0.00904808890540208
-0.000723442659496042,0.0133036344721376,-0.000949116131570407,-0.00982920916797529
-0.00985039875906683,0.0104781655007492,-0.0249601357021023,-0.00761901552292552
-0.0154679873281738,0.0137854781466596,-0.0535922346855357,-0.00233024054241563
-0.000878582913856358,0.0147543077902778,-0.072082610583036,0.00300952368274599
0.0172233057655879,4.92609836410945e-05,-0.0611065548169329,0.00531880799412397
0.0168415105961481,-0.01890125472041,-0.0298392381307353,0.00471062168271787
0.00757063364740945,-0.023003659843295,-0.00694097790440654,0.00335940619456508
0.00499863494090582,-0.0168325701307848,-0.00226899274510616,0.00262674104163993
0.00767521319980353,-0.0123863846393513,-0.00626767716446368,0.00230801039350027
0.0121069174792025,-0.010777175292441,-0.0102952777054578,0.00181549319924161
0.0149194279881069,-0.0155559734069574,-0.00994240736040448,0.000886136156463477
0.0123996608708114,-0.0269581803871758,-0.00691254048992176,-0.000384799570894696
0.0147507382506138,-0.0374558829210025,-0.00921869860810323,-0.00155078545355828
0.0253233612517972,-0.0430825970117764,-0.0206687451475461,-0.00254457651731274
0.0243923726511858,-0.0295273413335901,-0.0281592981401168,-0.00387104128542701
0.0068213794669532,0.00853912213540129,-0.0194025454109298,-0.00524918535022681
-0.0124682065679501,0.0456466406976904,-0.0074765273005709,-0.00528875919224409
-0.0292322575178196,0.0667665289759482,-0.00279832007087992,-0.00344837158420586
-0.0457528087848009,0.074219687386354,0.00218067309925693,-0.000953667752858369
-0.055554670205221,0.0625195016626123,0.00837154612803797,0.000953351383720934
-0.0407549356284273,0.013379122861135,0.00991802332834658,0.00194161712126914
-0.000554800852196023,-0.0564441664111559,0.00673475735547186,0.0017814616577134
0.0211889950676554,-0.0796570603185695,0.00318104350894357,0.000577249240930224
-0.00771899211450845,-0.052304360629269,0.00420354927714796,-0.000686872828821581
-0.053192659594988,-0.0301762929290335,0.0108666432392602,-0.000913741830850789
-0.05983326700406,-0.0196669719864272,0.0166993859117852,0.000162624289161182
-0.0114076698739198,-0.01132075275733,0.0166781944517947,0.0017303865025015
0.0494375033543993,-0.0113587476361129,0.0143736043184915,0.00240481004807812
0.0678114885926883,0.00518484549881221,0.0139448966260344,0.00178597317490222
0.0637258120237545,0.0504595988448045,0.0104007744340884,0.00130517460358455
0.0777575946718349,0.0859621264834544,-0.000791937795347588,0.00194576344407284
0.0803972617977783,0.0939794350215632,-0.0136925630861132,0.00233836131773317
0.0464845331268439,0.0856202065251843,-0.0187993755514412,0.000638336321869704
-0.0032689780712328,0.0573777819990356,-0.0120260054180253,-0.00275989828179681
-0.0412403470885357,0.0191277656925811,0.000944621935423693,-0.00544296936319782
-0.0531020957469745,-0.000640193702469746,0.0123411363549938,-0.0058207310624246
-0.0487902653109508,-0.00163109890259806,0.0189137907686639,-0.00416557862164465
-0.0340127542080601,0.00017290161490589,0.0222919597228751,-0.0016232841179891
-0.0127108219987014,0.0026817221814672,0.0238985957144672,0.000715012214786108
-0.00607567606305074,-0.0027761047851931,0.0204359430784767,0.0025953023163337
-0.0117134674467537,-0.0303854615524488,0.0135039406229453,0.00367473962618398
-0.00950547588533272,-0.0561441406498404,0.00922449568912866,0.00307249144663794
-0.00396625136203404,-0.0360369092360774,0.00849871476962809,0.00131321261055989
-0.0040126031843644,0.0204865595232286,0.00852954965666975,0.000250977598216039
-0.00668643931748631,0.0600868834187768,0.00293416452029917,0.000803989639229582
-0.00689346519531782,0.0619533796057904,-0.0108830601510195,0.00226124590008082
0.00350415522139591,0.044147404977755,-0.0208028327414965,0.00307013424887613
0.0241408446150841,0.017524805258259,-0.0173854144679469,0.00235505154319052
0.0315411916084096,-0.00419466387289799,-0.0101718657136153,0.000865035898645899
0.0108645983837169,-0.0034176603956437,-0.00760136323704818,-0.00051888831554748
-0.0113841042764971,0.00855820399274855,-0.00601157235692247,-0.00189323607907567
-0.00660173537411486,0.0100519901523364,-0.00282191348875815,-0.00281458473003889
0.0151451908770486,-0.0114159746739684,0.00254474703710404,-0.00294070117951737
0.0289997854312961,-0.039955205763149,0.0122250943127436,-0.00347512462413879
0.0385376184993999,-0.0414088044397682,0.0218181547804912,-0.00427276945067776
0.0521784233845518,-0.0193252364568227,0.0236308689310323,-0.00315564086683572
0.0457852508861841,0.00134355255600102,0.022265459622623,-6.33183115832832e-05
0.0151476343516692,0.0195789359326697,0.022115609402774,0.00257180165704303
-0.0123095741624408,0.0391297192319045,0.0169314766661409,0.00327570496820818
-0.0253558255250373,0.0413010743350588,0.00353432779424761,0.00248548767954943
-0.0223342919009898,0.0209577825793628,-0.0192047232378313,0.00113477629854525
-0.00643691995593377,0.0013194924144896,-0.0404013926058221,-0.000280741237326183
-0.00184326487988891,-0.00626786952842677,-0.0379443318759022,-0.00144707136733977
-0.0190021558848893,-0.00833483443020088,-0.0153373539548181,-0.00181207784501402
-0.0386590439925896,-0.00842139938659358,0.00475638751129283,-0.00114868005152779
-0.0599736804658356,-0.00183834071459758,0.0138658985523555,-5.8061951135612e-05
-0.0744074096881012,0.00991358187488685,0.0171542182592035,0.000998413752811658
-0.0494374706055737,0.0196964199387865,0.019662974808293,0.00193839905475434
0.00638689222247213,0.0280939028706926,0.0205081895206793,0.00228060226987284
0.0496998852469641,0.040661468043842,0.0198334144560295,0.0016576932961393
0.0629580265657979,0.0516857275417548,0.0166759927614615,0.000656435580495366
0.0621907037014212,0.0480254128719004,-0.000245603191964781,0.000252032198505081
0.0606594805532453,0.0202784076460253,-0.0299205421994427,0.000363991873469679
0.0555367447273726,-0.0209141934179538,-0.0456474673997994,-0.000145353157426906
0.0404768778529626,-0.0457022530325841,-0.0330066908341527,-0.00166417026826554
0.0140267164113641,-0.045531932813168,-0.00842588858174196,-0.00326946456231387
-0.017015959174676,-0.0289026371048965,0.0107176668802289,-0.00371843434887345
-0.039042958074497,-0.0074860934033709,0.0215837471731587,-0.00276849474800562
-0.0449068215811752,0.00558411002349115,0.0280882632229651,-0.00145097892425741
-0.037015716951353,0.0108358286149717,0.0323887591583166,-0.000408686729405936
-0.0157546365526338,-0.00705044550786133,0.0302550159241467,0.000528759783749626
0.0186584893082637,-0.0612367776467239,0.0233780199344615,0.00130670498041994
0.042850119297234,-0.0846048512602637,0.0230638983959392,0.00192681605339821
0.0302675210404581,-0.0314582274316948,0.0256192853480209,0.00283828342716011
-0.00182181362626963,0.0324656643127207,0.0187860356351754,0.00375546185080291
-0.0227609663917024,0.0588843051512659,0.00892395120177397,0.00379288657425018
-0.021086007210476,0.0679900334410856,0.0047760741845396,0.00306648027008304
0.0074373279810031,0.0719220705472207,-0.000235285466744398,0.00219570377769408
0.0507711851447442,0.0531743755090989,-0.0105073392560281,0.0011397077447432
0.0631904680369916,0.0222763970604139,-0.0208899268778715,-0.000146655206651923
0.0307404476162938,0.0160269179666441,-0.0302690259518733,-0.0011182124391875
-0.000179142775742644,0.0231944309667169,-0.0379663082449891,-0.00148786697565219
-0.0132104235432553,0.00280921299206001,-0.038325965423653,-0.00169546583530222
-0.0207356394541504,-0.04188920848917,-0.0294934867265493,-0.00224712813454777
-0.0196591600835919,-0.0597816762369516,-0.0163031842677271,-0.00304107501530564
-0.0116745357686679,-0.0395091831435531,-0.00678675973916784,-0.00364265961467279
-0.00486087569021866,-0.0319034030320599,-0.00453292832602832,-0.0039454879500295
0.00618692385216075,-0.0451673078666898,-0.00539536408430847,-0.00359495582703097
0.0305995686915551,-0.0418269080968261,-0.00303877876659506,-0.00167825732348842
0.0544481252806802,-0.022383204983687,0.00376145792325529,0.0016202998631341
0.0550669715522728,-0.00345398574125368,0.0132690201458958,0.00481742737359129
0.0380776395798127,0.0159482623022407,0.0214933924912339,0.00676741199967604
0.0237291076281393,0.0273807528645244,0.0248103457902911,0.00716668014390174
0.0105926861107182,0.0241358597015376,0.0272443326619522,0.00625063028413474
-0.00705036578530739,0.021474544749464,0.0283929026370243,0.00452107176533844
-0.0187607595802821,0.0251468015745969,0.0182952648589153,0.002478004710599
-0.0214403450585943,0.0172011643347244,-0.00168146489350995,0.000318066836261973
-0.0183003447694915,-0.0185929450828082,-0.0156432980368011,-0.0018983501492192
-0.00807010613189149,-0.0795093542216215,-0.0187664484958072,-0.00384676056385232
0.000794990043609211,-0.124285580474034,-0.0129868148161766,-0.0051672163288504
0.00574010850758442,-0.103672882978163,0.00016770882398597,-0.00537074468447379
0.0180180385037314,-0.0389647558350657,0.000262370623208174,-0.00382718406124779
0.02676204312684,0.0100327697643631,-0.0241779761269002,-0.00127757388163598
0.013758243777253,0.0291665803553432,-0.0429526609625222,0.000229061228544866
-0.00496978461289945,0.0310104509413954,-0.0344117740688071,-5.51540212805005e-05
-0.00858617440527387,0.024261230195602,-0.0119080412965556,-0.000861554444649292
-0.00363830578983067,0.0163335343815887,0.00792420753619837,-0.000964831771062004
0.00144963795375063,0.0124222896301273,0.0133478311613525,-7.72108854003343e-05
0.0083374336710253,0.0143506630668226,0.00623251822116694,0.00152044817491094
0.00729042619185071,0.0193500243567538,-0.00242762084780962,0.00290187527275849
-0.0119351439054953,0.0148600161304452,-0.00840870380043384,0.00322448024780078
-0.0446503540572817,-0.0149430445284434,-0.0114719509030202,0.00231985048624648
-0.0779181557273453,-0.0507894224417643,-0.0064221985073596,0.0005553368795074
-0.0878862404074965,-0.0542120319146097,0.0110382946373609,-0.00136253518493165
-0.0632792491446566,-0.0199767954270496,0.0274022173502381,-0.00277189129819826
-0.0196266959082763,0.0185661292465092,0.0284061815479763,-0.00344211301823873
0.0259699578559413,0.0321445805486871,0.0194010359510509,-0.00336422749329475
0.0652978749658376,0.0359375464308198,0.00597126489854628,-0.00272654661747183
0.103232820737506,0.0523696409501837,-0.0119955461114576,-0.00255853613804871
0.128005830519541,0.0697049546173437,-0.0208900789925902,-0.00343879439356966
0.102068910800964,0.0647069299037682,-0.0121269657869009,-0.00422320581725348
0.0324518886893676,0.0280074542250928,-0.00201830773833759,-0.0036776033913019
-0.0338915847061227,-0.0127008163916311,-0.00100502984542164,-0.00179059926368587
-0.0769893483667157,-0.0180027927332977,-0.000712086309627614,0.00107229263654436
-0.0912586577920348,-0.00609932600212872,-0.000574257907657564,0.00470429634356564
-0.0639129453863734,-0.0336998425846548,-0.00951306549868952,0.0078596516121798
-0.0144367157100714,-0.0976640673818709,-0.0206619481323822,0.00900398651075611
0.0103888378323357,-0.11854215965556,-0.0198014493226968,0.00853106290874476
0.00229975819442809,-0.0640218918971673,-0.0106622410010342,0.0071098713759723
-0.00892734948264624,0.00494437495035166,-0.00331337781902297,0.00452193006553131
-0.00933937077474757,0.0383054467453516,0.000971372857010606,0.00134223468989445
-0.00778693820065894,0.0472353419328231,0.00236411410347138,-0.00223601819900586
-0.00923786793814304,0.0506646356995124,0.000645668645469846,-0.00685180903600323
-0.0097443149540945,0.0501417290495397,-0.000612890644103147,-0.0109569759650559
-0.00553538569623351,0.0495915153840355,-0.00113913210891329,-0.0114211520483272
0.00366358276726467,0.0472515336083096,-0.00371706076076188,-0.00797737032799067
0.0121830050864117,0.0377962180112035,-0.00618025003579097,-0.00359990328787721
0.00662443434372384,0.0257882992505265,-0.00784109620083068,-0.000776324343873303
-0.0164273329699621,0.0165184079734452,-0.00881580296431391,4.4425143598638e-05
-0.0384896067313032,0.0116869654478592,-0.00507705182054524,6.0993793652344e-05
-0.0467477563099337,0.0139035199782963,0.00504796124055058,0.00107073346105671
-0.0462951185550877,0.0196362346763375,0.0129899134702486,0.00365353845479841
-0.0390231004271078,0.00367023811015052,0.00313943123633906,0.00660438086361857
-0.0225076315442674,-0.0488878043642083,-0.0247238457470528,0.00777301246940759
-0.000766554298313585,-0.0931477240063276,-0.0446655448959723,0.00583113178599785
0.0174664925296013,-0.0838247006190137,-0.0357556708109808,0.00200805251536643
0.0211958067445847,-0.0452057397597035,-0.0132220618933376,-0.000781763530050198
0.00382681684880657,-0.019565603061829,-0.00157479225255719,-0.00133575849859629
-0.0247633274412917,-0.0137757068886215,-0.00185303373014336,-0.000707809271394189
-0.0448026783864183,-0.0135455121965522,-0.00153762428203371,0.000261845028877956
-0.0498692218459433,-0.010359553538168,0.00126332802448242,0.00114090128881668
-0.0469051571396275,-0.00191013095508947,-0.00129719629793055,0.00131758205131404
-0.031329392415401,0.00957406637422647,-0.00888947117624388,0.000730152196835722
0.00278728689176708,0.0121752439894426,-0.0134832352878005,2.78740093464928e-05
0.0310287801215571,0.00431950256708967,-0.0072071809297129,-0.000243209185498737
0.0324357566930962,-0.00216313720593414,0.00416095727338596,-0.000242096082948232
0.0174717371633126,-0.00983268469491338,0.00919696261656697,-0.000350606506778588
-0.00151713643559406,-0.0272905428337103,0.010916599766634,-0.000619481052154215
-0.0148493590732754,-0.0417485697890251,0.0128266840755893,-0.000967449817975098
-0.0151258006048848,-0.0391922748013117,0.00792335318416782,-0.00104601250513026
-0.00655126966531826,-0.0255219998810305,-0.00242568841450066,-0.000669085186661599
0.00390664980558116,-0.0136474372675354,-0.00686190076146818,-0.000468443186222603
0.0101501819028087,-0.00688105320762921,-0.00250619731242448,-0.000789081667019244
0.0054781644686461,0.0040800040941809,0.00412666259859893,-0.00104516763286945
-0.00728423963973946,0.0151820429388112,0.00806764674191448,-0.00077905552282633
-0.0151939888295018,0.0118322548837709,0.00925333180797948,-0.000251059147965498
-0.0141971296375067,0.000731448133197046,0.00715797934200403,0.000245502525571865
-0.013121633767067,-0.00599755450659623,-0.000165193437100748,0.000495919112020373
-0.0186333044788348,-0.00928496581341968,-0.0105687145269457,8.70181425111994e-06
-0.0305415158107847,-0.0103203027132277,-0.014801966518859,-0.00097332099432336
-0.0405629493110878,-0.0083077918049954,-0.00647740478749903,-0.00112769528697887
-0.0339703869818763,-0.00556026998630095,0.00908725511282475,0.000289483483227148
-0.0125484831240629,0.000520254511997198,0.0168722951142217,0.00247596874396588
0.00265458891301175,0.00966790423732868,0.00892367527840922,0.00392491850836387
0.0125155742794752,0.00917783908652037,0.000391781817330679,0.00379373647030293
0.0352045232520799,0.00045357104955052,0.00659235909050753,0.00251388415343147
0.049988794809974,0.000104337182656282,0.0200790188491973,0.00086948566720947
0.0350981568528684,0.00155432650102437,0.0291032752865367,-0.000845562523868342
0.0226267153684793,-0.0137570994944309,0.0286811781852435,-0.00262830216672459
0.0378421369744292,-0.0334687921189764,0.0133534981746828,-0.00433989352570325
0.0603884146564754,-0.0330858428906042,-0.00862882041432204,-0.00517528437929536
0.0588776324611718,-0.0154525767604304,-0.0155868350959495,-0.00383840179901707
0.0344548797736308,0.00286722789263568,-0.00431641462506836,-0.000191800078736563
0.0148484083030279,0.0192039402850449,0.00796506267338207,0.00364059850246862
0.00289339013860642,0.0313683432185953,0.010423390400174,0.00490921488687158
-0.0163367057393013,0.0367602443655382,0.00205164025318449,0.00270116199729193
-0.0436047293251011,0.0449926044571258,-0.00201197446669584,-0.00143567244647604
-0.0648506576630421,0.0577871562565039,0.0182516473599563,-0.00464280281247379
-0.0689659201730579,0.0703291140509555,0.0431757932111223,-0.00485927919251865
-0.0595398992017926,0.0779969554179877,0.0431389843823248,-0.00277905627427583
-0.03171939570567,0.0568936429463728,0.0253097115585244,-0.000818912942617291
0.016749160124383,-0.0069743456232355,0.00756571941074222,-0.000252100742073286
0.0492693916927381,-0.0490942987313962,-0.0012479816154459,-0.000589492123886481
0.0479966989579656,-0.0224056028108778,0.000942469321119514,-0.000724885240372578
0.0444211183308166,0.0184087019212699,0.00470972803419286,-0.000244777517961162
0.0406963502962728,0.0415942272193763,0.000601957975745637,0.000421209248748543
0.0207861156443898,0.0625746951022746,-0.00662574375055896,0.000921642772810163
0.00234889495984944,0.0774207228597447,-0.00864945704643864,0.00134483880422828
0.00937539847482865,0.0644331595035056,-0.00809737022332486,0.00201213373629627
0.0401839064424592,0.00984461591820221,-0.00891621841685573,0.00288284124755819
0.0592146816962032,-0.0521324055479428,-0.00465091232776026,0.0031453506004512
0.0385212349634161,-0.0607884384405217,0.00382425789767648,0.00209638780524275
0.00129528764468791,-0.0174654322567568,0.00616571694494251,0.000432018547157659
-0.0169400094077713,0.0246514446963508,0.00312524497982947,-0.000854462467897545
-0.0186497213932851,0.0447234597836086,0.000942834083208192,-0.00173379678550919
-0.0213301494896181,0.0454163667138748,-0.00300069535384392,-0.00225918969409149
-0.0176757386802246,0.0298893775946381,-0.0135683264461265,-0.00226206044879777
0.000925059055739957,0.0162745720433971,-0.0219141065568132,-0.00159318687037676
0.0150840235392744,0.00660129498996106,-0.0181601007206969,-0.000577229885721919
0.0108322665609767,-0.0115947032101712,-0.00924686695147409,-6.057701201984e-05
-0.00470867384885496,-0.0232893875046582,-0.00253385998175839,-0.000342431164972791
-0.0210519382823801,-0.00912362557867394,0.00274290630570325,-0.00091560792767824
-0.0277093430321216,0.020204854746183,0.00647231381417426,-0.00126226386957522
-0.0231703676159584,0.036595277840035,0.00807986194768947,-0.001245346641284
-0.0050526251544575,0.0268010443858155,0.00709123246462008,-0.000686328816339124
0.0309228542541375,0.00112582113391254,0.00355172439335958,0.000367798059561395
0.0645604970839116,-0.0355765346984006,0.00309090576692797,0.00145812586574234
0.0722414347256815,-0.0807269559807214,0.0106630764881711,0.00207476226297133
0.0575709961329733,-0.100299526878105,0.0197707555677167,0.00195084545740867
0.0375183133902208,-0.0747975670741816,0.0197988955399398,0.00170939328695011
0.0241403185862721,-0.0371340007692144,0.0106268509299617,0.00209105386536944
0.0173480355891643,-0.00830709851312578,0.000926376735091376,0.00283132203631279
0.0111344901396943,0.0157590916315329,-0.00506296110573764,0.00326245583775544
0.001277554950095,0.0330848767827002,-0.0156830410076093,0.00314456479510314
-0.0121406439822178,0.0356716089824335,-0.0367739276738731,0.00235608497436706
-0.0193036560104949,0.0141143891491018,-0.0547502272082127,0.000741579002899702
-0.0257991088291317,-0.021639465627281,-0.0545338253572181,-0.00102438389360845
-0.0452937399966578,-0.0503792133304068,-0.0381148638396995,-0.00171898034192409
-0.0514367396660582,-0.0632981883450531,-0.0176066122908512,-0.00112284743491884
-0.0264732900600597,-0.0625265211947192,-0.000692113941710214,0.000172165504574277
-0.00676932489714605,-0.0551464850747028,0.0123265990759405,0.00172581302438622
-0.00869226159946317,-0.0404194087889771,0.0229804225627167,0.00305992318747303
-0.0117718675676024,-0.0191328091814452,0.0327084725925761,0.00385305217948803
-0.018224899058674,-0.00192279014515242,0.0375380425360367,0.00394342414700126
-0.030223249980273,0.010736406556677,0.0328564255117529,0.00294112428156555
-0.046329975723273,0.0236537043622264,0.0218771168312558,0.000832383447863385
-0.0784907798746249,0.0338626291997663,0.0129121238620063,-0.00161446947742783
-0.103558381371786,0.0365449860157277,0.00911029875588602,-0.00332597445868658
-0.0719037232538989,0.0197909686903296,-0.00267006517879598,-0.00354922366345249
0.0072097696721887,-0.0166018215204962,-0.0306543688595169,-0.00272255590755355
0.0673625412970668,-0.0356083033101222,-0.0514224632943886,-0.00201174527325427
0.104672996726175,-0.0224885277921587,-0.0446761600611752,-0.00138647636332633
0.149450367274014,-0.0227057970649688,-0.0245094853727667,5.67073995598397e-05
0.15968013873925,-0.0376367364132223,-0.00358588676160998,0.00191995823174288
0.100975905697558,-0.00846752280629409,0.0195297761549172,0.00282494099828841
0.0218793583221931,0.0496729927117366,0.0364328740884278,0.0024011508989705
-0.0314195335303699,0.069619188911366,0.0370055248957904,0.00151003280149871
-0.0516152501333689,0.0281141393012771,0.0243057386348818,0.000822242502815624
-0.0440675909487652,-0.0354992472193526,0.0100832450050923,-0.000369044907341276
-0.0363354608569293,-0.0436251910171473,0.00209048413869427,-0.0023188160547086
-0.0469618255556801,0.00724892438905529,-0.00612603766890791,-0.00338578095274434
-0.0580972036094013,0.0300234165646905,-0.023896090538885,-0.00259083792527204
-0.0463424869314516,-0.00381243171648664,-0.0417336364764753,-0.000915432336495684
-0.0199508917367049,-0.0265755644357314,-0.0392050286854687,0.000560267774501989
-0.00223674393766327,-0.000337628572894731,-0.017855547184455,0.00173984929276789
0.00565672906513857,0.0393302820771152,0.00254364206603999,0.00259419438519644
0.0109674711931161,0.0581778167028354,0.0148797354768837,0.00280327043490163
0.0143324039431971,0.059292914664649,0.0213091038457634,0.00234215690596529
0.0174403429060066,0.0551125308886321,0.0198062402852412,0.00116143180608047
0.0209201707887521,0.0353435052729521,0.00931891351638673,-0.000576149653398657
0.0274896789241648,-0.0178751600738079,-0.00485549793273596,-0.00207772182033403
0.0348154157786231,-0.0716458068336879,-0.0125970903201626,-0.00288734035684984
0.0372442957803399,-0.0723617779087152,-0.0154975598204433,-0.00307301641167262
0.0389251433472047,-0.0377692668843491,-0.0230386590596364,-0.00307275965974786
0.039323300489872,-0.0138131365171119,-0.0282428083398931,-0.00334342309109
0.0348677777042248,-0.00272744838865545,-0.0195750620189603,-0.003383496562971
0.0319044801127493,0.00891807876727305,-0.00171754230135366,-0.00226891268471115
0.0303016845409756,0.0233712295164365,0.0117520925908554,-0.000119186747562432
0.0180372889332237,0.0344779361987829,0.0127338468682052,0.00189693285406308
0.00136010468509231,0.0377357762668533,0.00257118204280959,0.00255258559076998
-0.00222344390548505,0.0377193748089931,-0.00879918917780901,0.00134286950021814
0.000224904291603427,0.0344075777590389,-0.0104768167551963,-0.000957214619598481
0.00348335419269914,0.0160368814812713,-0.00763085489997126,-0.00297032234236279
0.0107851628351766,-0.0206605900724966,-0.011864932583087,-0.00425005161099152
0.0115507952264942,-0.0516983416036499,-0.0150210154713153,-0.00529515144039741
0.00537357309077047,-0.0506866211365198,-0.00545414793715284,-0.00542447980904479
0.0017778197701123,-0.0306743369993366,0.0139594049767883,-0.0026956803775362
-0.00746976771554413,-0.0183340015074862,0.0336793543053651,0.00276411142294095
-0.0294472895771271,-0.0196726124943839,0.0428628406817692,0.00791340040121782
-0.0463872532393049,-0.0241059559330711,0.0332571562846957,0.00971025531130122
-0.0399457325263416,-0.0121465707703253,0.00245381554005006,0.007780464422672
-0.0173785542378888,0.0058284682196383,-0.029808259592499,0.00453703732446963
-0.00281761087719175,-0.00616800005622687,-0.0351980965102314,0.00244498375795192
0.00375483622884066,-0.0356111194118124,-0.018195842389602,0.00177430461126082
0.0217579093844337,-0.0392537020579017,-0.00245034687162317,0.00167830520425121
0.0495636972217806,-0.0186389485730793,0.000895864314584487,0.00166670079866904
0.06401607053014,-0.000667730090449303,-0.00464935387046097,0.00167308180111484
0.0646731696103489,-0.00632333152192086,-0.0111987679345546,0.00110971534637987
0.0708754700723184,-0.0430114477292292,-0.0111588141238955,-0.00155904758887685
0.0634036057646638,-0.0808213606619841,0.00480229888452311,-0.006379230536289
0.0248795454084499,-0.07797970596392,0.0300340380993298,-0.0105130401319775
-0.0239123502138467,-0.0388098208424428,0.0440037890921286,-0.0108362820680186
-0.0684040946918735,-0.00133617462193096,0.0430450819613315,-0.00722078363210066
-0.0950001664202701,0.0185299237576589,0.0403653450001025,-0.0023225683785749
-0.0885107512649954,0.0339022411567558,0.0466090033189107,0.00157991127433538
-0.0627804011614533,0.0562745898789915,0.0567344862618587,0.00438708643521328
-0.0423395722709939,0.0773057482999636,0.0517779190172621,0.00694792469059794
-0.0348229831649485,0.0854659204132211,0.0120194311155878,0.00902384760767003
-0.0272669215634236,0.0631721473712104,-0.0465391623666649,0.00920567073743471
-0.00805220435027403,0.00300711763998342,-0.0757787674187463,0.00682082537678144
0.00661890211534222,-0.0646132795825789,-0.067367232162387,0.0030806767842522
0.00119007293475346,-0.110042775439583,-0.0456573227248991,-0.000763995437234375
-0.0136123620656142,-0.118835090764459,-0.0232026661539161,-0.00431147035754082
-0.0176203468895959,-0.0902318901433556,-0.00384828958086175,-0.0065444192164293
-0.000937184148301802,-0.046977159777848,0.0138498844740097,-0.00627348508843704
0.0271992571424104,-0.0116818685122778,0.0300570446818813,-0.00411175437044504
0.0504050378871908,0.0133762449732113,0.0397814423245134,-0.00211046429436478
0.062385909090533,0.0379795941262137,0.038222763388634,-0.00129298896446658
0.0605761822432587,0.0702104309721042,0.0275717538702552,-0.000766125246627423
0.0447945940860303,0.104356668400666,0.0138975348043294,0.000513934362858566
0.0251470640986158,0.12169011595092,0.00217583239552665,0.00205754567026064
0.00776215020297372,0.115242481671669,-0.00453700854201262,0.00275427472818347
-0.0231527098779696,0.0927517565649812,-0.00815362720179632,0.00232707288594514
-0.0678196639265612,0.0624767489992909,-0.00783135748830721,0.000998057613348828
-0.0830102763300826,0.0202145152464634,-0.00688825941103942,-0.000829519176751074
-0.0633021915202405,-0.0569344823801385,-0.0110703791174207,-0.00248981640724206
-0.0472286335403908,-0.121123460949624,-0.0112919862250795,-0.00355277299994367
-0.0370184479969277,-0.0984089652536669,-0.00562284112338303,-0.00380552909174616
-0.0183210106872637,-0.0483433715913634,-0.00607673922410542,-0.00321948713554329
0.00191176893045182,-0.0354588652934185,-0.0126060098572058,-0.00207771472343787
0.0315699664094707,-0.0368460638783799,-0.0178307836143027,-0.000509572163849175
0.0718008259219384,-0.0416700298447782,-0.0185649304099978,0.00118610228388679
0.0721336172255876,-0.0407392445039794,-0.0128564746809597,0.00217255170027703
0.0251349858106007,-0.0160163228840062,-0.00776168896228354,0.00187243381184778
-0.0104284019332445,0.018762912052128,-0.00854892357494697,0.000401834664684761
-0.0125350011132058,0.0386260586722129,-0.00671008789922199,-0.00134172996097561
-0.00731013260696781,0.0430601857463609,0.00107166504196362,-0.00230513021695544
-0.0082578548563671,0.043034231369424,0.00773726404373221,-0.00249109531157376
-0.00676869411771056,0.0426788150228701,0.00651157467221536,-0.00237012816475062
-0.00367644143766633,0.042077251669921,-0.00523088853129391,-0.0021873749667209
-0.00631400483847601,0.037781079310548,-0.0220527909544827,-0.00206855898693959
-0.0186286977300512,0.0293305644710559,-0.0296228728363645,-0.00148816622033934
-0.0346912573185657,0.0201673691842616,-0.0228292275616356,6.12349696451318e-05
-0.0373569496548455,0.0143125169558273,-0.00978538365537716,0.00183080172269781
-0.0273394525693878,0.0151951682467079,0.00333535519949625,0.00261431106773547
-0.0154986122065878,0.0187476515067882,0.0104247311104931,0.00218665914609966
0.00191867436029432,0.0155809991488201,0.00871419919247583,0.00112096896635806
0.0281095503120247,-0.000526346326716094,0.00167997339964049,0.000255025707827689
0.0502356054064922,-0.0213541483914009,-0.00381029900265004,7.3441396088001e-05
0.0526601825128394,-0.0325639025069509,-0.00409126329402262,0.000177599817056985
0.0432116851836386,-0.0253783875834221,-0.00336281411493662,0.000269074445632114
0.0351485106608697,-0.0051349378388485,-0.00708425469208507,0.000645381175447413
0.0251388935799653,0.00816998945469178,-0.0143907463712124,0.00154857261008775
0.0136559829201419,0.0115331628303994,-0.0110378199593555,0.00275943488664439
0.00336786850981261,0.0132806631133264,0.00759512081934149,0.00360619850443593
-0.00770463017594302,0.0127126980567739,0.024670091414226,0.00368593182793015
-0.017462176582752,0.014116334430929,0.0301200398316556,0.00315947303410974
-0.0270774815712681,0.0189285849729759,0.0252978017359181,0.00197135784605266
-0.0369775148069038,0.0163487471616637,0.0142934898612426,-1.13354863814051e-05
-0.0405692347763932,0.0112478719407397,0.00466747141817759,-0.00221538094981265
-0.0291085770660343,0.00628533240066646,0.000380970709867437,-0.00366303345207745
-0.00149867065084922,-0.0284965124061549,0.000286521967473353,-0.00374706815776513
0.0227354038616204,-0.0830584980455509,-0.00236535231081757,-0.00271070156372153
0.0254282238953491,-0.101716144013617,-0.0175564944646643,-0.00162730290687294
0.0198925184473324,-0.0759232648511887,-0.038056413712579,-0.00118127407573901
0.0199422019319021,-0.0406721770890402,-0.0410663749242174,-0.00088881245301101
0.016355197433623,-0.0239207897082529,-0.0226847689823059,-0.000132506039956528
0.00550268224862477,-0.0204487508644498,-0.000454260829392823,0.0011793804020598
-0.00641794216384279,-0.00714968952986873,0.0154012463527321,0.00268096391491417
-0.0133077903626123,0.0160080021926264,0.0240039570307517,0.00373554687858124
-0.0112829258967529,0.0317250567969657,0.0269771894539461,0.00405897692522353
-0.00352444648830053,0.0330661375726578,0.0295102399162092,0.00372387946670913
0.00299777261533111,0.0234656233966238,0.0336851874415187,0.00267127749059155
0.0065308599715328,0.0147348005962391,0.0358532445782375,0.00129254451333488
0.0112078645856584,0.0264800650539987,0.0249345370022899,0.000589198837644395
0.0152020932468042,0.0549104849724576,-0.00262004072020405,0.000579578284041895
0.0110353753585634,0.0695507109353986,-0.0277472158303445,0.000175457950780296
0.0005879470194603,0.0623574437158503,-0.0326317269124963,-0.000983322285580432
-0.00733908848947536,0.051958399549261,-0.0215272767631389,-0.00219004338278144
-0.0131545875572644,0.0476547766204355,-0.00919164524326781,-0.0031164435919211
-0.020958372374209,0.0362700776963208,-0.00334610357330114,-0.00342024988947287
-0.0301108422496566,0.00578453378344497,-0.00445265283068969,-0.00211982721538775
-0.0413760865437057,-0.0263663429820231,-0.00863906848265091,0.00035953226286052
-0.0482776887650311,-0.0485233150219761,-0.00998375521563605,0.00190534621480657
-0.0402503384571777,-0.0640175397752505,-0.0121369879459695,0.00154879583702307
-0.0189329431217438,-0.0587164099141637,-0.0181095276316041,0.000266133564514481
0.00127556779179343,-0.0260797519825862,-0.0132772584272694,-0.00117891161794852
0.0065891084819891,0.0165563630963959,0.0104549963995208,-0.00270282087691807
0.00404472311311591,0.046735787973792,0.032895141644106,-0.00349399484512893
0.00831879314470619,0.0492618379537935,0.0363212458610947,-0.00262215431266864
0.0136633216021677,0.0385381731609884,0.0284476938439375,-0.000672777372046917
0.0110036998029324,0.0387604074075632,0.0217411869275157,0.00116598777165821
0.0108823545867742,0.03145759466379,0.0161113128666065,0.0025509551180452
0.019893028648535,-0.0078501274296552,0.00288389486132803,0.00332300164547272
0.025191153691796,-0.0536290300704793,-0.0165264734648963,0.00283525457826836
0.0161350528082559,-0.0632693869879373,-0.0327948665982372,0.000941090798607902
-0.00272906443428775,-0.0286786928543574,-0.0436376560908542,-0.00140874989986373
-0.0191752657740979,0.0145289326012695,-0.0455989958150949,-0.00300070617010338
-0.0256724988262541,0.0367920524961505,-0.0318927647594015,-0.00309638143542268
-0.0253927662366525,0.0434791912318939,-0.00872683099374062,-0.00173399135812208
-0.0217966019017167,0.0437819243531158,0.00788878618141009,0.000440970254001835
-0.0128836899598284,0.0391709602897743,0.0114414028469782,0.00259295013528399
-0.00626216890213015,0.0282353799928353,0.00727723123159266,0.00380763085928991
-0.0122013065511915,0.0158008947903835,0.00421850271943025,0.00329885624937848
-0.0192747382187902,0.0102726465908273,0.00507981138362504,0.000700392842851849
-0.015044743241059,0.00932563446966702,0.00759866923654034,-0.00395969600168421
-0.00789706963238312,0.00786608206420036,0.0100856157577844,-0.00931966340370269
-0.00761357040320296,0.00454664359714835,0.0111840979495919,-0.0116909806829811
-0.0118138707705425,-0.00146580758396792,0.00997845333511777,-0.00832673511334189
-0.0117807873925799,-0.00760004276430002,0.00733830958367702,-0.00132303702568739
-0.0045838249850042,-0.0121037939327586,0.00485091114353939,0.00500471295589054
0.00689027848297403,-0.0184422868050824,0.00248467958160964,0.00840023888025015
0.0132898221366196,-0.0266742728044367,0.000708053710557077,0.0089227968224656
-0.00428958022010888,-0.0352896898515446,0.000131045608081531,0.00772525024844143
-0.042117817338561,-0.0445276659339703,-0.000637410682993094,0.0061047188446154
-0.0765899799851006,-0.0511167843443477,-0.00337689836838381,0.00438280280758168
-0.0975220672294843,-0.0538253826551119,-0.00457804204322663,0.00219245391080313
-0.113595881813483,-0.0481499160249503,0.00149270989996651,6.45980812797025e-06
-0.138413480076477,-0.0289408710482809,0.0113803542282191,-0.00118939196431608
-0.138000740017294,-0.0126507361291237,0.0172241186569611,-0.00120892266882383
-0.0705379588316809,-0.0110582643529215,0.0192386878579136,-0.00090938161095273
0.0333525609350089,-0.00797383534618392,0.0159500989664436,-0.00155849122028658
0.107174192109404,0.00360158791671437,0.00728555950707147,-0.0038791679970578
0.115615341430766,0.0101602029739184,0.0101156479541227,-0.00698931186107184
0.0963575862826736,0.0070017056215313,0.0281385669283441,-0.00865964495849315
0.0853841977229097,0.00864797023474526,0.0430027276795481,-0.00729553718650681
0.0473828420554743,0.0207755395717251,0.0458020934538598,-0.00330753675562894
-0.0407180925556554,0.0320085869133519,0.0380027567034111,0.00169449051864296
-0.137980511956404,0.0379971423385596,0.0145986166348043,0.00601996318620914
-0.163494164588953,0.0385605713333036,-0.0194627669365055,0.00808396726553358
-0.085946855742797,0.0311258775128064,-0.0337962376417744,0.00762799825684147
0.0073897841361663,0.0119651795329015,-0.0180891930065155,0.00604006386639009
0.040572286327316,-0.0145226722555653,-0.00195332649215207,0.00413922943543261
0.0499362316217196,-0.0379193604073655,-0.00368448479834426,0.00159540843240095
0.0726234361798327,-0.0609427639709149,-0.00605157476554461,-0.00140417229690239
0.0913204320590148,-0.0691998129541854,0.00752771022325212,-0.0038824194406187
0.0845825065757554,-0.0422142677575225,0.0251552394878667,-0.00486890801812372
0.0576964475806963,-0.00307304253151815,0.0284385290728223,-0.00411619858302512
0.0355338913216059,0.0229997039469161,0.0171603382766774,-0.00268224567841661
0.0160114768614091,0.0355494451037598,0.00263681452414835,-0.00184733178991539
-0.0120664245517489,0.039348852520835,-0.00435082234864721,-0.00139407111345206
-0.0300720821013788,0.0403423996324872,-0.00148698933781016,-0.000494553597728328
-0.0257383222252649,0.0368313234314419,0.00190943245987278,0.000833441283673545
-0.0135962221721538,0.027816494829012,0.00132929405858674,0.00214035668981295
-0.00593236563907905,0.019915653358362,0.00306499383845051,0.00301397473502765
0.00181871334852447,0.0163417198479234,0.0055038541118099,0.00327279316623274
0.0142522027116133,0.015677602169022,0.00263482392864845,0.00277682630900615
0.0272000130441601,0.0178498567834545,-0.00141454768353246,0.00154833541061258
0.0392304716169963,0.0157825403314461,-0.00387015036520259,0.000423677884187994
0.0498482933058431,-0.00399490208663714,-0.00489199531468807,0.000155485379074054
0.0562291312386546,-0.0250378796613491,0.000578405554401251,0.000570540008602412
0.0611337303254925,-0.0168654128927808,0.0053796442953632,0.00118291728651689
0.0661145426158583,0.00827434539805805,-0.00299859290416835,0.00139494703099254
0.0673817125353584,0.0216986270926071,-0.0137560414290569,0.00052053256987744
0.0647394544813567,0.0211684166690944,-0.0133178529142002,-0.00124211298336225
0.0588548907483947,0.0173302741585218,-0.00706011948632321,-0.00287822261170383
0.0536526661876576,0.0191727865859137,0.00145592352158279,-0.00433511666818582
0.0562890854748975,0.0310101432358907,0.0132819734497341,-0.00555820539243549
0.051742583973518,0.0495601560270792,0.0232623140042409,-0.00522542321010308
0.0175560267162186,0.0632461974309936,0.0263645912201043,-0.00330742466467924
-0.0257471452296744,0.0675117100262733,0.0249612041606894,-0.0013945530277464
-0.0416976481647841,0.0722756487965724,0.0244635221395891,3.01972113575721e-05
-0.0274708896688228,0.0780993862535039,0.0205584338313469,0.00183234947248322
-0.00364558388546271,0.0554954149612317,0.00708288125510904,0.00426980003449497
0.0152782061483951,0.00521445551723951,-0.010839836408593,0.0061193857700093
0.0289873387595031,-0.0260384254581789,-0.0246888869880495,0.0064505457867968
0.0425927102844629,-0.0538802074175245,-0.026319063000395,0.00556335906531147
0.0485044168587685,-0.078024320041556,-0.0101487649594036,0.00378085395681727
0.0264274188941442,-0.0299158535557857,0.0155458009647269,0.00200836000792789
-0.00725205727897525,0.0334124745667218,0.0258745945547444,0.00155834581825397
-0.0122168064367812,0.0267661829348287,0.00775849694559389,0.00177018269535541
0.0140392049157024,-0.00977253717195452,-0.0206676824842656,0.000761624758977872
0.0359304061418111,-0.0402266549050534,-0.0329763823108943,-0.00191994381657134
0.0288793829759487,-0.0545902060459345,-0.0239806457677648,-0.00487016326601339
0.0110457595477614,-0.0591492351504552,-0.0121069294557943,-0.00621556168829941
-0.000399867623716813,-0.058589871663405,-0.00657777856887509,-0.00552996153615301
-0.0125557398274892,-0.0345963704423389,-0.000745872053674997,-0.00365343191649946
-0.0236328855999138,-0.0137078875605923,0.0040975637099085,-0.00101308240029853
-0.0259017062017766,-0.0284550740019665,0.000927586698556984,0.0017515227256778
-0.0239690950955084,-0.0477917532218696,-0.00416915418423465,0.00316673138428249
-0.0277887953225045,-0.0279928401308097,-0.00138497143080648,0.00321071579406505
-0.0368162105525699,0.0175991075275855,0.00353133754733275,0.00334812312195603
-0.0391491238991508,0.0467230436857966,0.00457403495952271,0.00377955467983234
-0.0275442497932501,0.0463353008201914,0.00496812531179424,0.00327298489433558
-0.00998721943367326,0.0335215919579231,0.00443930643405305,0.000485803697075054
0.00316087196354081,0.019074101340618,0.00251245832597195,-0.00423254280786428
0.0122795045454369,0.000827784743782789,0.00472397744088484,-0.00767319507750749
0.017161038629703,-0.0175380712750828,0.0115615931470763,-0.00726029860594721
0.0168849050664898,-0.033800922134771,0.016275839944449,-0.00414732505000183
0.0188541136421047,-0.0499924817895274,0.0158506105105289,-0.000597783530605491
0.0238258910716308,-0.0625779622147865,0.0111515415218907,0.00239904148581654
0.0201439821582536,-0.0647429935194893,0.00156037908839076,0.00441727677176603
0.00673673380235013,-0.053248817226957,-0.0149303469105566,0.00487972081898515
0.00302044090981715,-0.0326625817640606,-0.0390596620664753,0.00349453662632494
0.0177799618811068,-0.013511207746007,-0.0562443420955214,0.00112933741692062
0.0298258656766307,-0.00124100504137115,-0.0471850031236187,-0.00078637807554453
0.0216099609539063,0.00524357509865198,-0.0217549327531867,-0.00158424562405054
0.00234967659498671,0.00436869079553236,-0.00362802926014683,-0.0014916649151825
-0.0106171703758827,-0.000624526571662218,-0.000186149681727345,-0.00118885758221284
-0.0204165638981382,-0.00488322533471176,-0.0044563476655484,-0.00144000049034386
-0.0283508004679836,-0.00705136359775293,-0.00318396266980073,-0.00255369195344418
-0.0156670455453095,-0.00574882914044798,0.0069585107906358,-0.00393501452221276
0.00496685417771897,-0.00128621519277031,0.0147678455885406,-0.00465534144450347
0.00391127764027492,0.000265905120597744,0.0141274742326489,-0.00400915559300284
-0.00652998844249827,-0.00994201831866263,0.00834443759176755,-0.00156839596902641
-0.00631611352035302,-0.0278204797406772,0.000619769672092471,0.00188744680870376
0.00498871605576152,-0.0385264232502991,-0.0093874819704624,0.00442903215135507
0.0252374938213707,-0.0359758941050042,-0.0244442991817899,0.00481621372448319
0.0352000207202042,-0.0311421509547524,-0.036055784712629,0.00322899306707726
0.0208717497103536,-0.026479818135421,-0.030944257328575,0.000662649832179308
0.0068970605368123,-0.0136630281734143,-0.0164193908478592,-0.00160583602999868
0.0100469877039472,0.00197111823454429,-0.00745162356089799,-0.00299124466020151
0.0129586555097654,0.0145568943443409,-0.00515484091113617,-0.00464949618501264
0.00390578266513273,0.0157133270910094,-0.00397756801987977,-0.00722571198590838
-0.00954802495198678,-0.00517775470263993,-0.00194787554288938,-0.00819685784628555
-0.0187101674199044,-0.0211634879218752,0.000255846436053496,-0.0051117120283858
-0.0236018599743779,-0.00791408439747773,-0.00139741601986536,0.000346025496696741
-0.0252609507339898,0.0138465781661803,-0.00772806958775743,0.00401043883826511
-0.0225928412100495,0.0259470248127214,-0.0096386805725632,0.00429017650289643
-0.0178783882686162,0.0296776985328492,-0.000884542960596139,0.00354630426835996
-0.015722985233509,0.0293783017978741,0.013860343156462,0.00360052595643413
-0.0169344644806475,0.0291018971850666,0.0253673910276219,0.00370370792145643
-0.015707547380153,0.0302263854969781,0.0238218193134507,0.00309289337629395
-0.00925128562966392,0.0312189940646725,0.00945829058447661,0.00176680854987878
-0.00542281006680219,0.0279564997837326,-0.00287715429898871,-0.000417459516351467
-0.00825774177877082,0.0139386257256678,-0.00111768276028407,-0.00328252600340467
-0.012122133428385,-0.0110235829601281,0.0103571945310727,-0.00543400935335856
-0.0137059358858881,-0.0373382095040614,0.0172620215495079,-0.00536024847011564
-0.012354060676527,-0.0512586801429428,0.0153276588765146,-0.00341826700810455
-0.00391200433921846,-0.0492430645690345,0.0125090273530988,-0.000873256382979955
0.00759131358680447,-0.0400708734829594,0.011675024510369,0.00190840138524352
0.00402154071785804,-0.0330305486702949,0.00511450120786858,0.00471239505499812
-0.0139959616615037,-0.0336097199817205,-0.00896093708261142,0.00659627852788554
-0.0299418274561451,-0.0259409267261489,-0.0164021759756934,0.00668754694713951
-0.0423594404431398,0.0113725588467888,-0.0135460458706111,0.00521872603165238
-0.0482484249996772,0.0562242590485512,-0.0166287332881335,0.00289500769449904
-0.0436282762994233,0.0553330966844934,-0.0259373573471552,-2.61284357010684e-05
-0.0361906210543276,-0.00128885795591623,-0.0264469218318895,-0.00342535117762522
-0.0318048459573953,-0.054836235106538,-0.0140680401264995,-0.00674819534981706
-0.0366682807639282,-0.0581339478262683,0.00706072440874737,-0.00871023836273343
-0.0446381390023107,-0.035817981986655,0.0269258793546523,-0.00784101480514482
-0.0470914180138299,-0.0214358232895727,0.036156540976319,-0.00405030191509023
-0.0454391447670558,-0.00798206538874765,0.0391313112600163,0.000533625601974447
-0.0259882816744873,0.0100451642212247,0.0438494568236083,0.00327192757190854
0.0228431062928033,0.0343291922560816,0.0447721114618033,0.00366846106436972
0.0630332026349006,0.0641940367032283,0.0331183865504106,0.00335902750462239
0.0528656059941333,0.0813822937510928,0.0163787744203142,0.00350807265544603
0.0344818816566421,0.080714615658186,0.00649925614009868,0.00375622942474236
0.0448190361590312,0.0721426090114417,0.00519755079232885,0.00375836268508176
0.0407139595954955,0.0569483154685165,0.000249676011176477,0.00353873140307389
-0.00450955083454463,0.0147915405736984,-0.0230669586703645,0.00238877171591328
-0.0638910072149593,-0.0454895318853092,-0.0499647251685283,-0.000582158842577105
-0.0964970579236389,-0.0747898691723557,-0.0549290625293674,-0.00451916708389915
-0.0870801043824991,-0.0763026736532816,-0.0428032513502487,-0.00686196579382903
-0.0627665149531015,-0.0817007931002978,-0.0265906961475281,-0.00658124136216121
-0.0525510814297423,-0.0778151099950636,-0.00494841251894564,-0.00503291475585697
-0.0436879507448123,-0.0446399324046603,0.0158173205354251,-0.00283608144907695
-0.00669262138040649,-0.00180131398343737,0.0245046487251336,0.000284509046636849
0.0349451244090829,0.0246515233262551,0.0233074941572474,0.00333023244570764
0.0345621159192633,0.0423970983055691,0.018845299551225,0.00501559195443954
0.00614597253233595,0.061377983725925,0.0149499562405306,0.00531185692346512
0.005872569921651,0.0649688938914066,0.0136817387237781,0.00469354566615656
0.0424290612925935,0.0378988935012729,0.015735877663879,0.00362940354061531
0.0649980469996981,0.000546464251392466,0.0181947029041136,0.0025897683411565
0.0579666105140888,-0.00206928256224553,0.0147848748543477,0.00162356350866953
0.0435415785650786,0.0306095634054218,0.00825599711889988,0.000424953961434617
0.0229157691660247,0.0511425383113199,0.00811370827539968,-0.00120823609699954
-0.00258172262058685,0.0461759953151738,0.0141753785043053,-0.00273610277789258
-0.0181899876050139,0.0400897384511865,0.0152754820113764,-0.00331532786989462
-0.0139572773109996,0.0386032953640884,0.000697332487263891,-0.00319206528540469
0.00918483384298558,0.0273594350447341,-0.0328460530433353,-0.00321952703233665
0.0348389626894161,0.0103172239789208,-0.066910974541359,-0.00345833017561638
0.0392962423231949,-0.00080963826373967,-0.0706191375974364,-0.00319386113725117
0.026268331172273,-0.0153585390178389,-0.0456679569247714,-0.00202485002486811
0.0242329099227205,-0.0405810597569297,-0.0207301834819099,-0.000485564113545854
0.0268418756378393,-0.0584965723829287,-0.00705356747412669,0.000604604575262061
0.00801945047317325,-0.0509244614633052,0.00245358108983034,0.00104449806077596
-0.0200717233720314,-0.0263355009471008,0.00809099651531061,0.000900438446035169
-0.0331131737252306,-0.0024564798036416,0.00907003007196102,-1.42086269767354e-05
-0.0277961608715308,0.0125659615844178,0.0109094570603762,-0.0013189039141447
-0.0127329140879848,0.0167231139639362,0.0126830234896449,-0.00191694378826244
-1.98193668275067e-05,0.0149132467022312,0.0122499305811212,-0.000987645468280999
0.0101732521443218,0.0138242332388932,0.0132979006322653,0.00136220874156925
0.0322856221547801,0.0133464901948813,0.0158692847120283,0.00424158113576276
0.0595831367504207,0.0165618151163152,0.0134109972416626,0.00647586848060874
0.0710678097716394,0.0247303920604457,0.000656483142552436,0.00723337952489094
0.0651665838904216,0.0288628536937244,-0.0120509911757461,0.00615107171468799
0.0468123773993352,0.0263000202618899,-0.00966792034074848,0.00348157716656997
0.022002457988517,0.0173903958664693,0.000321029309634138,0.000609047063388527
0.00381698861176764,0.00725664675415148,0.00398626400260604,-0.00141383774804112
-0.0090376697263455,0.00995997297322299,0.002988444897493,-0.00282335716339834
-0.0290353218882495,0.021691791145761,0.00160472202440302,-0.00381096659766018
-0.045710107742225,0.0266691480796548,0.00219469298131483,-0.00394521847222855
-0.0423837117222517,0.0187431822292175,0.0080291604299815,-0.00287470594668266
-0.0173995399790669,-0.00963079384483477,0.0114631949457819,-0.000985967835241778
0.0217774149320663,-0.0594101024243938,0.00434126422545553,0.000662030975412417
0.0518102008035326,-0.0963792607583105,-0.00499146297129464,0.00114254238188656
0.0543796671918742,-0.0807611416612533,-0.00542667318255127,0.000552508831676393
0.0349904727239459,-0.0300551677419301,0.000900974450883709,-0.000113614821381396
0.0128866081970592,0.0077555782164439,0.00401469386777449,-0.000256486643148494
-0.00181342838130018,0.0268406014908307,0.00672674895717571,-0.000353968197027903
-0.0100364375502697,0.0457669378534962,0.0195204037864888,-0.000848495972740067
-0.012910309191301,0.0621654087853388,0.0344037646153913,-0.00104022708153729
-0.0215374329101806,0.0700694569052625,0.0379299421079383,-9.25310512311529e-05
-0.0340774354470315,0.0753628792059929,0.0316337621208589,0.00144314958429459
-0.0344832925281488,0.0800951116998944,0.0237285194756652,0.002327715266222
-0.0369601485825306,0.0784106315618011,0.0151053472812189,0.00232063120939687
-0.0478309105547625,0.0628176701352731,0.00217563649768823,0.00242600225200911
-0.0249270792885582,-0.0100093523876895,-0.013711111746662,0.00334880537340572
0.0445821926281863,-0.137463036477877,-0.0283606939756856,0.00399673635717792
0.095349066237723,-0.184788981136946,-0.0301468793503899,0.00282791840656831
0.079565341713666,-0.110442108223151,-0.0204529653881007,0.00024050934523078
0.0369303323305418,-0.0327761089090247,-0.018341831772735,-0.00217842178741217
0.00549320346053694,-0.0111005962374248,-0.0197741729676048,-0.00372822432335628
-0.0159027449918462,-0.00473914823024395,-0.0116430895906055,-0.00421309553157763
-0.0231336721593854,0.0242615342068111,-0.00256466457560551,-0.00320741880053357
-0.0249511439905935,0.0563228222361978,-0.00234825244385534,-0.00111444855309807
-0.0288035039134336,0.0620000473312485,-0.00528144178540545,0.000946497935141672
-0.0141922599112553,0.0492670109083234,-0.00471427148298512,0.00242283981421521
0.0139216546659778,0.0374547414005617,-0.00295003248252646,0.00315989986314735
0.0218134222618605,0.032873153578821,0.000166319289336331,0.00305306197681975
0.00428424077191265,0.0270344727148445,0.00851515697718544,0.00229608848965004
-0.0227979903211925,0.00779323732067109,0.0155815350446377,0.0011308737738869
-0.0396575270255754,-0.0328167304945481,0.00926162407004944,-0.00037183754299058
-0.0270316395349481,-0.084726475100115,-0.0011182608986608,-0.0018424063018903
0.00231160971359629,-0.108709567401425,0.00404268196608001,-0.00221760623216237
0.0160652264086868,-0.0921322455459581,0.0127503590737774,-0.000833829089309091
0.0146535683697497,-0.0665368051320663,0.00501580002809789,0.0013351829071456
0.0177094277590107,-0.0425344373196094,-0.00636379275918595,0.00269621819486974
0.0225240087421635,-0.00940135917660231,-0.00670625020638519,0.00251534379171024
0.0231374676448425,0.0255302312327823,-0.00155823947867623,0.00114012322696167
0.0181973803855655,0.0435752088126001,-0.00241274971251618,-0.00033706066612783
0.0079585080063889,0.0420926028109378,-0.0155715285808359,-0.00125356433690665
0.00168138497837232,0.0376396377737051,-0.027748229961985,-0.00193716494489491
-0.0198110714489034,0.0338383091490692,-0.0211656484184195,-0.00246000277395839
-0.0688549194314678,0.020912015557993,-0.00308655025707647,-0.00232548459294056
-0.103060811955261,0.00850583754639053,0.00236327204021526,-0.00140276760815608
-0.0984682901858333,0.00354135544409438,-0.0117931295137456,-0.000498986324741495
-0.0713127228900274,-0.00952218986277668,-0.0256313152536423,-0.00064697888888249
-0.0383975369188548,-0.0219565006179051,-0.0242334658833839,-0.0014000248463555
-0.00861320771418983,-0.0183792240216061,-0.0183157910969489,-0.00117366501157036
0.0331253338669845,-0.0234456848965603,-0.0214830617953184,0.000473872804108621
0.0882813071301307,-0.0492464650824722,-0.0280042355365956,0.00231025975271693
0.109976886770264,-0.0544723966981548,-0.0232865083322676,0.00305261562988343
0.0727131861013718,-0.0140601479381341,-0.00588935871932476,0.00240405786010723
0.00939211169700496,0.025812552108739,0.0131304016814312,0.000904324859497112
-0.0345207723081918,0.028432503909706,0.0231497065954985,-0.000307338805432436
-0.0440564150858363,0.0159461806909031,0.0209200789528358,-0.000500102098619879
-0.0323899641242779,0.00872776781252177,0.0133804975331965,-0.000170697190086924
-0.0164631314486246,0.00398469059701746,0.00809385462683514,0.000218931162831508
-0.00949290642422747,-0.000722282597681617,0.00594173078671278,0.000882238287032774
-0.0118772232016732,-0.00381936195665683,0.00479878244258375,0.0015961594732635
-0.015965529060804,-0.00556043603813221,0.00364665486796354,0.00166348641481324
-0.0212168341847068,-0.00548534309655428,0.00293983104698701,0.000983233427771762
-0.0243935955690541,-0.00295330131093361,0.0022690278632623,-0.000112401556244245
-0.0238796697124937,0.00105874428682798,0.00147751348661653,-0.00151232610967361
-0.0250748501539711,0.00496252484860069,-0.000496524761123883,-0.00319931133593067
-0.0253614102349334,0.00836721381707044,-0.00498150117944932,-0.00521826132082102
-0.0210961907894138,0.0125802377282404,-0.00604330401847209,-0.00653507308546097
-0.0150759371509935,0.0146245215768456,-0.00169741344758541,-0.00530103771334006
-0.0111260272175129,0.0108631312226392,5.26248975355574e-05,-0.00172188872229498
-0.0105345923054665,0.00546179738831952,-0.00146346100905186,0.00181150331607049
-0.00427898008024399,0.00350004399857898,-0.000382006933560718,0.00369456893814799
0.0154979994588806,0.00256941986183923,0.0029005139810425,0.00445847157632023
0.0307551499905073,-0.000845462728309869,0.00408621222366706,0.00449177112092384
0.0215855912059335,-0.0051730098574351,0.00370298893239172,0.00265816551015657
0.00393537642714935,-0.00294002719667871,0.00271684817063992,-0.00107572736352683
0.000477975956288363,0.00959147550533168,0.00106766243220712,-0.00403027759065383
0.00843706539035282,0.0189138485841063,0.00558202828713585,-0.00380836445252596
0.0153225854467422,0.0161854251249903,0.0162792191557192,-0.00118201895077866
0.0181177060559091,0.0134026877767554,0.0235558823862009,0.00153093988692529
0.0195912554460648,0.0155888186024036,0.0237573390041871,0.00328505952710615
0.0198979326485981,0.0169712536536534,0.0148561567802378,0.00424166902025338
0.0191725949728948,0.0235077895896003,-0.00287075289360342,0.00430987593790728
0.0151154827748839,0.0335173577298277,-0.018401977876314,0.00299684717608965
0.00416726995545947,0.0226057999150316,-0.0230161763783303,0.000752336978031109
-0.0105798453223383,-0.0181751799802621,-0.0234088944173813,-0.00115955675211081
-0.0163709917200594,-0.0653130186272719,-0.0234160741605579,-0.00249491628364691
-0.0111888729973213,-0.0845274907239131,-0.0147677128421093,-0.00353980637386412
-0.00652470116257792,-0.0640956239730455,0.000109316392224282,-0.00374634085776673
8.799424259779e-05,-0.0304229066191382,0.00551439426831521,-0.00282602896834029
0.0110225933333069,-0.00611904230968451,-0.000827879273910394,-0.00141485779466715
0.0167173774386153,0.00730001888036622,-0.000639297094077798,6.75897426592981e-05
0.0104198331953752,0.0132033040122584,0.020223892194757,0.00167129942048817
-0.00704933730790255,0.0239784303830671,0.0476440682497406,0.00334268333980702
-0.0247030651573216,0.0416045831561515,0.0505656450092369,0.00456529689583118
-0.0308139580390515,0.0501559529792835,0.0249887066828152,0.00427602439485092
-0.0242962941889407,0.0443168189574242,-0.00069355712074768,0.00192108660416258
-0.0110275592467549,0.0268192738513705,-0.0109205103219728,-0.00137488557641794
0.00271931733760342,-0.0109226281086948,-0.0107779094234867,-0.00342305320599933
0.0134941825906845,-0.0529137291282582,0.000663431331327431,-0.00317101802036128
0.0194570671837929,-0.0488828429123974,0.0255192820371083,-0.00168697107855244
0.0182586054456624,0.0008692955383858,0.0522967472661474,-0.000553943237757321
0.00576140092183502,0.0432731195088984,0.0685302782326221,-0.000347236637800699
-0.0304231334791171,0.0612832988693518,0.0761029157647751,-0.000603729349908317
-0.0906027079857466,0.0739051398376852,0.081586050745084,-0.000569242900036751
-0.134321742639772,0.0915446084306135,0.0779913226612239,0.000307474761257974
-0.127917584333356,0.101604698004215,0.0484835152987616,0.00226056630988909
-0.0979443035296789,0.0884213688855012,-0.0114002988031342,0.00484584427026177
-0.0790057931076923,0.0591717251883981,-0.0785797709917428,0.0065079153852275
-0.0496477776007949,0.00734074496731879,-0.120793646162657,0.00549402184086061
0.0146920945220889,-0.0736237320854451,-0.122542180481057,0.00194715974540793
0.0846060481935894,-0.126238446758125,-0.0898390192463284,-0.00171978336139314
0.120771796204402,-0.120586343523213,-0.0470143431461696,-0.00369452050676011
0.110116585485673,-0.0982046114531942,-0.0134651275975994,-0.00475740561313688
0.0750731071526889,-0.0573458641970871,0.0114421035946498,-0.00586555211298912
0.0537639259887946,0.00510962562472571,0.0285054491846609,-0.00612138145313641
0.0465544538682793,0.0380912682901033,0.0318210901346316,-0.00464769515082406
0.0225887339706653,0.0364675432243836,0.0280351591223394,-0.00231846592354021
-0.0266290615344662,0.037274486525587,0.026459385370894,-0.000456722605285976
-0.073544220129796,0.0436352808163189,0.0253096469014353,0.000854129141600154
-0.0908653568175177,0.0422849288558928,0.0211759107232542,0.00231124468753628
-0.0761042190079224,0.0273902715061419,0.0114874427905992,0.00383768597234063
-0.0426247178161332,-0.00413432756659629,-0.000552446415518463,0.00450756035607606
-0.00719872002095348,-0.0343616389470426,-0.00789299102637806,0.00375061268889698
0.00278592268943567,-0.0354120793486645,-0.00911497959488207,0.00189999259315521
-0.0265187747151556,-0.0166469772720576,-0.00717094837709535,-6.23728107796472e-05
-0.0554437303191648,-0.00764739958052466,-0.00500129155278827,-0.00137826197081313
-0.0421361878189231,-0.0118061464204204,-0.00279255263464599,-0.00178918397338858
-0.00720128728706205,-0.0137309554386799,0.000533790108415861,-0.00140440847787712
0.0106334383332691,-0.00977022580604983,0.000163849553828279,-0.00107592787445716
0.0130836444808346,-0.00941465939801968,-0.00689928265895751,-0.00146096737894048
0.0267755144328379,-0.0132497774692847,-0.0148058964732512,-0.00199396144223066
0.0569328267993872,-0.0136144351671452,-0.0177319077176199,-0.00188530213809833
0.0723507159293376,-0.000701216304603043,-0.017871100828313,-0.00116116560926176
0.0618233421669022,0.025549214476923,-0.0197199860695268,-0.00047298994569084
0.046476677931943,0.0437974984101517,-0.0193796131512157,-0.000327964954829673
0.0319302168738277,0.046872770930975,-0.0129258464957499,-0.000629259405799577
0.00394340582253284,0.0477744883448317,-0.00194997771804439,-0.00105475244292626
-0.0401293031302859,0.0392379895659244,0.00676420864195494,-0.00134270992116122
-0.0742356728521281,0.0111965519045042,0.00987372021916497,-0.00107109121956378
-0.0801504850096538,-0.0254601128412824,0.0155406527286093,0.000112449586259525
-0.0601095504776031,-0.0594305942303839,0.0200175151386791,0.0018933678839735
-0.0140535723536489,-0.0983691922398287,0.0103479761799933,0.00352026520594433
0.0423968655888591,-0.14021178217339,-0.00402262634585034,0.00431240793113287
0.0853582324645819,-0.17361461479837,-0.00420872421781928,0.00395647393959288
0.107890927984849,-0.180514382505926,0.0106220664436418,0.00261539181028885
0.0918603612574562,-0.109543513684678,0.0212006653271031,0.000546863914579122
0.0386801784321664,0.0112391686305656,0.00680190512835555,-0.00194590100246465
0.00317452266570993,0.063939182968617,-0.0189502978571016,-0.00439178097076201
0.00256543297449228,0.0214861978878943,-0.0319319519230934,-0.00560272977203053
0.0137364266261473,-0.0223753033990372,-0.0360728423638955,-0.00430764288791385
0.0294001392909465,-0.00604681041254485,-0.0311675188964195,-0.00131208703493587
0.0250321418341027,0.0317705411116052,-0.0136888197353806,0.0011049396630614
-0.00696319517704305,0.0540085559624018,0.001336252555585,0.00161475935882796
-0.0403432846917946,0.0766954660476239,0.0060158376529104,0.000624199666109655
-0.0560040158005852,0.0945634595773113,0.00906470260010632,-0.000552639730033366
-0.0416913437002957,0.0765128624509408,0.0140787810025156,-0.000913681647689099
-0.00888269035797276,0.0414575253537319,0.0174740060521618,-0.000365933062779504
0.0244944406482871,0.0242832879792163,0.0182550121067082,0.000690509810712025
0.0558598516307457,0.0134407812042265,0.0141460662507753,0.00213178494522441
0.0731995029012606,-0.0118826881014538,0.00565034092308781,0.00369376921216851
0.0698923115965491,-0.0436475105292223,0.000508111455280187,0.00422353792108954
0.0521986404113659,-0.0576850243643752,0.00025863367692441,0.00303884460624468
0.0256891797476235,-0.0493157979634706,-0.00925745330794164,0.000964474145698872
0.00680572405815572,-0.0411188101614356,-0.029992264107323,-0.0012780732769565
0.000345163901267757,-0.0331041656231743,-0.0345401456510491,-0.00341377881214384
-0.00206140506809987,-0.000172526208591687,-0.0141503752646432,-0.00424400426357435
0.0079996683455577,0.0431799212330872,0.00616087703256883,-0.00280421149491545
0.0297975338163827,0.0542175205638945,0.0101788890615885,-0.000594470130110607
0.0453316327136913,0.0416047050786326,0.00285300565784567,-8.67762024219561e-06
0.049495421623578,0.0431685947906252,-0.00407908073438113,-0.00108614704755654
0.0502679671022566,0.0466421808270616,-0.00391074270357743,-0.00185530443914799
0.0347901319108407,0.0317687316150563,0.00155468911849869,-0.00117056955172901
-0.00850691083292212,0.00808950982703507,0.00369104423339118,0.000266400664534133
-0.0460161541583423,-0.0145131347105619,-0.0044263632527365,0.00162805823874605
-0.0489863337370919,-0.0283152165239273,-0.0190027523060644,0.00283980726818854
-0.0299954688533793,-0.0473053416260135,-0.0331810811431425,0.00339451509176602
-0.00242951797169709,-0.0765957935196129,-0.0381086092843699,0.00252305014247048
0.0335224931226968,-0.0724294265354133,-0.0271094634954737,0.000893675380698234
0.0628129804438531,-0.0130370925101529,-0.0138227335221327,0.000352997786516905
0.0660782754198704,0.0557299636111118,-0.0161653864559855,0.00114716996970639
0.0498035773304387,0.0843326400603861,-0.0271651192469369,0.00153454401429786
0.0409270521991307,0.0684889258302832,-0.0297124125281169,0.00044687631526951
0.0445422366529903,0.037033852279986,-0.0256971630110588,-0.00177097862864593
0.0301261261222016,0.0232577150468102,-0.023907344884323,-0.00399773994092208
-0.0039845871760399,0.0250879050207557,-0.0196444109684306,-0.00518838649396782
-0.0308544252970365,0.0230107459142179,-0.00749792581796647,-0.00544249702874253
-0.0498022092020527,0.0193745122957083,0.00827805545677202,-0.00511524080601098
-0.0602291799419079,0.0185353414423381,0.0188361326808543,-0.00384819840816562
-0.0511924543419675,0.0163420708291307,0.018278671147593,-0.00186958308128494
-0.029623654402679,0.0122833755502269,0.014953585875182,-5.21609028781237e-05
-0.00565367800189447,0.00562817307410559,0.0195448680130147,0.00187563969923765
0.0262166816199332,-0.00630626228789846,0.0268176762475072,0.00426679615982721
0.0584539524561067,-0.0187574905060555,0.0302244152152301,0.00618852588469154
0.062898274978255,-0.0212844619318852,0.0306091531917826,0.00685168609021174
0.0358004100050965,-0.0138846394296433,0.0253853434698906,0.00598255688717883
0.000891090438164419,-0.00991429224846435,0.0135384084761825,0.00368920060433208
-0.0192224062436951,-0.0149268546770771,0.000763225065112175,0.00114440055039174
-0.0207318834514128,-0.0177263740648764,-0.0116976420266026,-0.000244707819707856
-0.0195960454223758,-0.0112444438241942,-0.0248010567169772,-0.000401395104209242
-0.0254014159747697,-0.00173740865348209,-0.0306855607093181,-0.000410481171397744
-0.0318407154810471,0.00531360041826757,-0.0278379936617863,-0.00132303914738763
-0.029820067054276,0.00145975141933081,-0.0281679898332831,-0.00374074349184396
-0.0244937126529565,-0.021177792474362,-0.0313358270263493,-0.00724320926730151
-0.0309275399441469,-0.0380064296093022,-0.0231592287434825,-0.00940352844704879
-0.0459016954514689,-0.0212775164823625,-0.00783401519828254,-0.00754745448466681
-0.0621891459957161,0.00961148767646324,-0.00573754706515735,-0.00251662267611934
-0.0913438948006192,0.0232920076467226,-0.0158259972152472,0.00192213975426293
-0.12153973283967,0.019077139032796,-0.0142889185279057,0.00357417182327906
-0.117015050925194,0.0159627732876434,0.00696176073836199,0.00352918780380538
-0.0738371135553773,0.0123405339251536,0.0256596911666476,0.00402376408890329
-0.0180271898620441,-0.00444322695351727,0.0265271300938979,0.00561061889685587
0.0258810003625972,-0.0177032373958744,0.0222839027801944,0.00672378289292
0.0625012781997917,-0.0121157792151563,0.0231087990331198,0.00595902439789995
0.105759337643477,-0.00200955681906434,0.018956130007006,0.00348118137526924
0.12458692889253,-0.00444414878232997,0.00676517710896269,0.000347051539686985
0.0928592064455723,-0.00423478137267919,-0.00276641903687954,-0.00230491682149227
0.0399541246733526,0.015202910867394,-0.0115002342263475,-0.00434956236144233
-0.00301062511077957,0.0311795668227064,-0.0251976893792117,-0.00672303572943017
-0.0373450044301994,0.0287986740925289,-0.0305523043018943,-0.00860096857034201
-0.0748100968517114,0.0194136435474327,-0.0152243011611369,-0.00740620713782458
-0.108843206160357,0.0123216194490192,0.0116130087202036,-0.00299448288348529
-0.139129519026705,0.0161031355206131,0.0332422128635187,0.00180540694727542
-0.164214174780909,0.03381695082079,0.0365729431146286,0.00523313047153563
-0.156582123842788,0.0369518570600141,0.024695141555494,0.00749123084035606
-0.11910945946024,0.00539646202224537,0.0137757010859425,0.00833603144264496
-0.0620389489780366,-0.0286669780184018,0.00398459418431747,0.00721001564087354
0.0194394316732072,-0.0511236021490169,-0.0156038728332471,0.00421952667132668
0.0910245704886478,-0.0683047708708694,-0.0358914257272701,-7.47606413054351e-05
0.13274427327986,-0.0560433506612048,-0.0363956499999664,-0.00399843063651985
0.150645326493845,-0.020669720091601,-0.0216012937223975,-0.00534769493478386
0.129195238667658,-0.00729167657477757,-0.0119417408145507,-0.00431119714321073
0.0807865256993524,-0.0154692633206788,-0.01116435831054,-0.00283681410590547
0.0448697700411474,-0.0110946571503677,-0.0140023057068615,-0.00171404700879304
0.0341303645054595,0.00321606489797803,-0.0171659413082858,-0.000636283668420917
0.0258411491422868,0.00747875522122294,-0.0116303900410892,0.000759441668751438
-0.00369004746538235,0.0046753943657088,0.00246075831745581,0.00236951836800196
-0.0337240937887198,0.00262023687638722,0.012454727916942,0.00343903045745361
-0.0369514301179338,-0.00353617329136416,0.0161303722614862,0.00333236264906193
-0.0238610701397488,-0.0148789057659832,0.0191754958007841,0.00204956685411145
-0.0139054965236808,-0.01822288930529,0.0226607700194941,0.000250213031668729
-0.0100389199592606,-0.00718583085586636,0.0271256534353848,-0.000870318037520009
-0.00675631943155337,0.0138348560555513,0.029911423145765,-0.00108899698092822
-0.00363313299402931,0.0373956012293848,0.0197076554421747,-0.00132002602882392
0.00602059487357146,0.0485241357933183,-0.00334952324894673,-0.00211509893921478
0.0258823562433942,0.0350521338284825,-0.0202974334317339,-0.00350192181605179
0.0429561730427293,0.00216976580043644,-0.015618211320025,-0.00496839346918441
0.0480172185495191,-0.0202726166911861,0.00188488394454694,-0.00542755375805925
0.0412909740838195,-0.0124653996931136,0.00824381059088234,-0.00423307519957154
0.0277582725947524,0.00491536125682004,0.00254348729744862,-0.00219152581934925
0.0183669515595727,0.00985313252449616,0.000594528528592493,-0.000503120518756371
0.0215961081818829,0.00527785522878441,0.0022346328608186,0.000806286201112681
0.0291689010270788,0.00306360883125124,0.00234065345461514,0.00214233639782032
0.0301337652502924,0.00501479991277217,0.00105020439838598,0.00319272631045303
0.0314845947412183,0.00376812094653476,-0.00157772861732458,0.00354940280199985
0.0387428004020234,-0.0140718199943446,-0.00478836845626743,0.00348208753986286
0.0433084130868188,-0.0393406178030304,-0.00574696336998158,0.00340947198573162
0.0383675143037893,-0.0343574002972278,-0.00329704621618076,0.00308615614119367
0.0278584464608794,-0.00619462279550398,-0.000314224485913967,0.00170037926269039
0.0208650327779461,0.0109166664780622,0.00198407011986484,-0.000750786487890487
0.0211944367010414,0.0171021059049786,0.00348596129689559,-0.0029405416780586
0.022419230012951,0.0183728612479686,0.00570079972957376,-0.00372227991685104
0.0217981882823626,0.005279105607259,0.010062527923756,-0.00336170256248275
0.024035523892114,-0.0279374775328823,0.010527273120752,-0.00266952023552647
0.0208138958910988,-0.0553323083796317,0.000390408979865727,-0.00228047605008027
0.00375824272039053,-0.0447115135573892,-0.0137107173375666,-0.00286978044565778
-0.0155443100245989,-0.0100798054886032,-0.016380441938651,-0.00410584860999903
-0.023367645421403,0.017913295655018,-0.00675047064963929,-0.00462248898314238
-0.0215197700791502,0.0335802870020293,0.00483672932753739,-0.00368277805096188
-0.0204692168274499,0.0419592939022384,0.0155857582756816,-0.00176377669751634
-0.0222856113979993,0.041098765557595,0.0252648760985275,0.000314228247527829
-0.0228328570081137,0.0343448028743912,0.0342871765664692,0.00238723411953962
-0.0238385479569516,0.0242897951345516,0.0403105218009067,0.00431705361762809
-0.0327690644884551,0.00152430124227074,0.0381266493865434,0.00541658978288909
-0.0562961549028865,-0.0280850477250424,0.0329059927308909,0.00544992565113334
-0.0939860410735928,-0.0432742273928757,0.0318310502241416,0.00473537257607338
-0.126207165696873,-0.0330808922908653,0.0255638544002586,0.00332002597421198
-0.122069311154259,-0.00968440973674806,0.00482380359837035,0.00123606316040905
-0.0694809769922973,-0.0047197786698628,-0.0219992408890808,-0.000964746057152587
0.00713341639463327,-0.0232413154188332,-0.0363126949174819,-0.00225471284525913
0.0618080961955482,-0.0290801622374166,-0.025135677674987,-0.00171213899509667
0.0908856831031917,-0.00309857255840584,-0.000204335626037878,0.000260401508025144
0.114507574822369,0.0327343410299708,0.0162324011987105,0.00200054751267632
0.114720737147422,0.0453797318775322,0.0185515654959997,0.00158673386092034
0.0763214018274689,0.0287192034100006,0.0197674192924387,-0.00194168081978598
0.0172446547965806,0.00739221986846163,0.0294705919178091,-0.006751231467732
-0.0328166666213264,0.00369088971363178,0.0351902916453734,-0.00905171489854129
-0.0628086514686866,0.0107157582458718,0.020537826616451,-0.00672103526531061
-0.0806157716531656,0.00168798240375259,-0.00953628988686782,-0.0013405688683251
-0.083863667763953,-0.033607833784124,-0.0277543602027393,0.00340633975510507
-0.0638502448761056,-0.0677515353588886,-0.0175762475585288,0.00536271796151053
-0.0234607487399021,-0.0628382190932013,0.00287058473382,0.00544988368704335
0.0148074759882625,-0.0233140739454019,0.0138468247517618,0.00544368965948904
0.0246683930512862,0.0151803632859231,0.0178462261100025,0.00571227319438433
0.0112998341763301,0.0339692393805107,0.0213243258173922,0.00549224223783946
-0.00147363717899128,0.0378968425921839,0.0229315636159224,0.00425781191504415
-0.00734392307010767,0.0391278165134139,0.019671421466857,0.00224621094786927
-0.0100831263880027,0.0406701303059429,0.0124288258947733,-0.000120581503919737
-0.00989098319203819,0.0400458528892581,0.00242731250175064,-0.00220314334011949
-0.00745715322819079,0.0404255263306621,-0.00941868950736876,-0.00326990836408871
-0.00296904308014088,0.0307044652010229,-0.0223805117693196,-0.00326187422550176
0.00244707602192602,-0.0170887675723566,-0.0346466477322537,-0.00274585073905132
0.00468718931680334,-0.0701951934858595,-0.036880764744416,-0.00251445598501724
0.00502760795927109,-0.0628612821775869,-0.0253206232217709,-0.00263242417692347
0.00919864341868803,-0.0198800215040709,-0.00934689723621581,-0.00236069175954771
0.0140598795994774,0.00284476970174188,0.00203477751081692,-0.00143064609768993
0.0137506912894909,0.00411771916253203,0.00810197390215102,-0.000245319093821488
0.00812532884259822,0.00786838354727419,0.0185994813757902,0.000675449544608705
-0.00261209619547441,0.0310181849810754,0.0353798682870302,0.001255925162999
-0.00968014339681264,0.0590355817961753,0.0439169030923238,0.00204318226247365
0.00130146961309048,0.0610532848108699,0.0423279334043199,0.00319056147314273
0.0312351215554077,0.0352840181359712,0.040295788232916,0.0036595329463862
0.0567997651289794,0.01075107769683,0.0403108780808313,0.00264000988717089
0.0566569867467244,0.00837409158838138,0.037270178805559,0.000971246192481987
0.0431341737197722,0.0191635121207938,0.0168764451266429,-8.6371982533414e-07
0.0323016884484307,0.011306510216008,-0.0297887777017075,-7.36165204527979e-05
0.0271367440664074,-0.0441618852503197,-0.0810476705666192,-0.000259681620264648
0.0257203987795721,-0.11247420623199,-0.0916000223653526,-0.00108557984702098
0.00999045045281163,-0.118973572979098,-0.0508930772232618,-0.00131437645894158
-0.0299018708270167,-0.0591425645836359,-0.00067272119773483,0.000110604505592627
-0.066784855253732,0.00192244562297816,0.0164601832291561,0.00214159187685267
-0.0708090193328848,0.0284254526234524,0.00311949596170731,0.00267189021254507
-0.0516610671967368,0.0395848340268243,-0.00860369852884111,0.00101774066835155
-0.0338384662073157,0.0468224158671597,-0.0123724925761356,-0.00112627059884189
-0.0188963974763501,0.038592421739901,-0.0162416266966222,-0.00228604187792149
-0.00247238385390836,0.0194120187536597,-0.0140148193192549,-0.00285623604792461
0.00754769635184915,0.011523950570216,-0.00709595005406718,-0.00359298516569247
0.0127968208871507,0.0152816350243365,-0.00550511699282262,-0.00444313003352123
0.0224303850846566,0.00628138392237427,-0.00775677952740567,-0.00447254127563652
0.0265893425021961,-0.0185628373251047,-0.00786620974182094,-0.00252996064141626
0.0147848244438558,-0.035165709664484,-0.0059533795203284,0.000962217317620701
-0.00237010651953526,-0.0340206653820554,-0.00267140846209141,0.0039528645898094
-0.0130801816717422,-0.030887641286493,0.00462597499987873,0.00514298508209792
-0.0173297258286282,-0.0436420187997812,0.0143301435684401,0.00473770120164619
-0.0198253438879074,-0.0667738604553691,0.0238462746393423,0.00383180236788158
-0.0218445420212579,-0.0765615113315216,0.0325257444638799,0.00353212561791087
-0.0182382881016748,-0.0645059063095,0.0355773135129426,0.00361971103001404
-0.0085229592554029,-0.041465330979413,0.0323071885238994,0.00313914918858984
-0.00146088712808139,-0.0163836528738481,0.0295280124919294,0.00230774426514342
-0.00974004853414414,0.00320551822666731,0.0294016826964806,0.00192916120409711
-0.0314314327559114,0.0114924114137622,0.0256376689803523,0.00143049801613361
-0.0470244447549951,0.0241470409936606,0.0116794034840803,-0.000186932297729157
-0.0407062148854755,0.0439847968996953,-0.018968458027938,-0.0024815377971835
-0.0182344003503821,0.0357893646045482,-0.0649246639499902,-0.00459208310550383
-0.00624055976023043,0.000941744586629149,-0.101119102889143,-0.00627395640950008
-0.00225541454204097,-0.0119498880581969,-0.0996918199140638,-0.00725399089006991
0.0243429242680879,0.00297910870822294,-0.0670115266978428,-0.00682238255450683
0.0579375598207333,0.00821457818571968,-0.0329620980931783,-0.00432340580579484
0.0554128273229836,0.00019646360207653,-0.0114650978294901,-0.000442053092246159
0.0199256475541577,0.00709785440074611,0.00101077587742805,0.00285119090399137
-0.0163380909630977,0.0307720643571676,0.00351254177880784,0.0037264882043932
-0.0383095492930676,0.0507012605701048,-0.00348465051922476,0.00165032319025525
-0.0491245910297681,0.0554129934341398,-0.00376885571711144,-0.00164796656699122
-0.0505910749774558,0.0389419264498887,0.00943513098998181,-0.00300842512956436
-0.0428644760044319,0.00628636602214235,0.0189985591729331,-0.00115744006291312
-0.0362004245919983,-0.00959454299045386,0.0170779921211438,0.00187937670856418
-0.0424447017286673,0.00797645150150745,0.00945641924636873,0.00390908942254176
-0.0509702574020761,0.0269668565810203,-2.92733067820622e-05,0.00470635995779863
-0.0391592318755688,0.0217415717792812,-0.00684344151377716,0.0048358512349079
0.00265808812687673,0.00776470042740315,-0.01188432598931,0.0046650523341067
0.0447025720745551,0.00260050126197357,-0.0203332380644893,0.00388326732851003
0.0315015099238145,-0.00332062386762015,-0.0246625644256229,0.00167568793101514
-0.0209235947964782,-0.0102133846322846,-0.0134278391894705,-0.00171438522183832
-0.0499413494431466,-0.00388607700489258,0.00340522158474528,-0.00435614611118409
-0.0440664110103805,-0.0105035131963688,0.00541664575086705,-0.00480913016964943
-0.0184387684173994,-0.0510855156413031,-0.0032492432220619,-0.00423084533985875
0.0292888345135395,-0.0639384089300384,-0.00226903660812032,-0.00414081170572772
0.0852802612381288,-0.0094365310155884,0.0102801750406431,-0.00352007506162654
0.0998226823745927,0.0526333305916987,0.0221115436100804,-0.0011785239490795
0.0609966099590878,0.0784411702493241,0.0244164314884538,0.00151781750251485
0.00744777054853037,0.084039235044151,0.0113530305076968,0.00255621868245446
-0.0389873085048229,0.0793564145925452,-0.00940077062207693,0.00140860051798878
-0.0652078416215831,0.062456197793654,-0.0200074891399037,-0.000978985164112128
-0.0611486422301561,0.0422001128397937,-0.0168324272138237,-0.0029478156945168
-0.0381085120379417,0.00951707589409612,-0.00806654228420921,-0.00327501445466817
-0.00306121531647083,-0.0416613805512952,-0.00103828397919019,-0.00208077236782747
0.0383012497581257,-0.0649852041236642,0.00538147908084882,-0.000590260213191598
0.0627111678465183,-0.0380241535697549,0.0103405488337466,0.000452611120191718
0.0565375274724683,2.96282602622669e-05,0.0105018848268873,0.00111674952115578
0.0336063324163751,0.0168645521345545,0.0104479124803485,0.00149957058732292
0.0117285658483218,0.0107109400939468,0.01354977216284,0.00165088343013494
0.00115900943458964,-0.00380722391238716,0.016921580443741,0.00169092807050426
0.00388298736131754,-0.0131933073073996,0.0104415205895746,0.00180966513955446
0.00988919773069455,-0.0158515174392963,-0.00729017939869499,0.00207139549987518
0.0138767590290292,-0.0153825665490691,-0.0216209501761361,0.00235128192711134
0.0209560235292804,-0.015372544780444,-0.0244479901835901,0.00231624973595963
0.024866392879703,-0.0172391394154125,-0.0196514215620382,0.00171983205384033
0.0171982790501882,-0.0192785038671231,-0.0137296365614946,0.000641623111864116
0.00914156476217807,-0.0205034742139359,-0.0110142279382959,-0.000531194480134735
0.0100683006159473,-0.020013949883323,-0.00813757357951291,-0.0010365080723734
0.0133239391071615,-0.0184608497164142,0.00313293887782769,-0.000462642443663169
0.00840405347762553,-0.0137731353286627,0.0245712278318523,0.00063430423196464
-0.00795037341973921,-0.00471003163200674,0.0467809775924219,0.00141735344189018
-0.0241808965284944,-0.00189661764181779,0.0573909625345959,0.00150788253619437
-0.0335988800704747,-0.0100654739229014,0.0574792347569152,0.00098427137191226
-0.0547754746453174,-0.0198237153372548,0.0593880179262849,0.000186124770671646
-0.0909452938528837,-0.025436551787219,0.0642142802947719,-0.000344001304649619
-0.11006235688246,-0.0238567353274118,0.0626561498946163,-0.000121339993184829
-0.092665075653623,-0.0114677049657615,0.050844505109585,0.000883096926780426
-0.0357645687947045,-0.0010294276527837,0.0239438744276355,0.00219473396332592
0.0465329295406746,0.00148767826735327,-0.0163882629064658,0.003073586518602
0.112516780424261,0.00901528727171083,-0.0464465070008547,0.00307354811518018
0.143650075906703,0.0224704236487581,-0.0525736010788353,0.00254127364500815
0.143874787102935,0.0419476092228965,-0.0581840202876229,0.00182064739732289
0.120423955897443,0.0522050611783791,-0.0780979305571505,-7.29205600850384e-05
0.0867902632431587,0.0303635826367764,-0.0900771497905574,-0.00380871613359586
0.0402751767471768,-0.00359837235892196,-0.0791449426810908,-0.00735499143868205
-0.00741905674697996,-0.0183477472447721,-0.0468315021917792,-0.00782341563615343
-0.031186729022491,-0.00980233871831693,-0.00158530582034939,-0.00424508250048592
-0.0312944785108882,0.00838660494129741,0.0329368758751266,0.00184506398660277
-0.0167644960474031,0.0211812249028493,0.0428158376025452,0.00745153355956712
-0.00216806804840816,0.0239675448567063,0.0379943023507866,0.0104134513490655
-0.0102373254687587,0.0182220448523889,0.0291776196276805,0.0103939042335341
-0.0410172984673192,0.00718828498499458,0.0173943550448553,0.00781181360925256
-0.0684051629511652,-0.00203206147542041,0.00350663844929098,0.00343122862279452
-0.0717451771210742,-0.0152188116041798,-0.0065800365184492,-0.00141223366157941
-0.0498069251084401,-0.0306275480379844,-0.0118332989367344,-0.00519525692708393
-0.0135867907362736,-0.0229685682641666,-0.0181459797843245,-0.00711251501036075
0.0179493014512453,0.00266361906704553,-0.023406631553326,-0.00731842862063228
0.0299014264634632,0.0173309037983574,-0.0219367493607148,-0.00595766775419698
0.0291891827274844,0.0178282641408231,-0.0159693577065985,-0.00334381210218415
0.0236609778403455,0.011857419664698,-0.0111677472725672,-0.000390968760742369
0.00897222833480151,0.00418655282163655,-0.00999035783728254,0.00176860986288909
-0.0077795217608384,0.00113032888566078,-0.0114465224736503,0.00239548570486775
-0.0166132080845401,0.00217346732194344,-0.0118945060309036,0.00193134499583241
-0.0183820331902694,0.00140225688736814,-0.00947734936683663,0.00112723023747173
-0.0148601921468588,-0.000848199935801631,-0.00723655977377415,0.000267114574097911
-0.00817958208380754,0.00543540182939262,-0.00808634886537405,-0.000478353821926113
0.0113896966956628,0.0189534104568308,-0.0118693699110901,-0.00107445073963065
0.0462935892457085,0.02428056462046,-0.0142161415093716,-0.00123794689795158
0.0682228192348444,0.0203462801032022,-0.0138275212693312,-0.000798890783914554
0.0584202111959091,0.0177119358397003,-0.0139740256964769,-0.000562749355521475
0.0229588922086067,0.024099279979916,-0.0136356882118129,-0.00119034219067953
-0.0152728160289584,0.033262019380568,-0.0125367235981971,-0.00233218300403194
-0.0303057664581892,0.028639675776998,-0.00954045074385055,-0.00337173303510264
-0.0228375052885553,0.018219236679765,-0.00343962909440608,-0.00370649197699566
-0.0133470130121993,0.0145604941491575,0.00178325305125858,-0.00297576023322585
-0.00454922768658787,0.00692087722062709,0.00433111457790499,-0.00138865784239134
0.0208639065335739,-0.00634101330231977,0.00398826989803179,0.000412920877508306
0.0517804078597082,-0.0161032267487695,0.00295018894808009,0.00190278151440888
0.0539933299548597,-0.030492356438418,0.00316151227691598,0.00289234598625188
0.0279532841339978,-0.05814797964654,9.68801396288741e-05,0.0029014038241445
-0.00113568974870602,-0.0791342712385719,-0.00938604131022328,0.00157356425524396
-0.0205356995513136,-0.0689700834993241,-0.0177628845867576,-0.000511162244193676
-0.0183255638563403,-0.0344479669669899,-0.0110997477060223,-0.00238702839380959
0.00265228823201074,-0.000814899417119042,0.0115227347151129,-0.00307764377833836
0.00686709878611447,0.0116626698418275,0.0360290888638525,-0.0021054456032902
-0.0127947074274004,-0.00323207579779779,0.0523980054077935,-0.000173526485049189
-0.0232761671911366,-0.0224414912001702,0.0589987591214795,0.00177784480544898
-0.0164685833245263,-0.0177176649516991,0.0586025910715872,0.00332065811114518
-0.00759610924873801,0.00355687715304457,0.0545515096076268,0.00416475855816037
0.00215891692887409,0.0233292506685525,0.0435313345839695,0.00434117616719434
0.0177293512592564,0.0194261743155916,0.0220950802775273,0.0037048768113798
0.0325995288112833,-0.0219190198735425,-0.00244746781066048,0.00143386276552256
0.0315179841308539,-0.0399455927750534,-0.0160078076004865,-0.00198237410442492
0.00569583176756769,0.0214775866655493,-0.0123735902855952,-0.00397236460606242
-0.0165425562503957,0.0637309844388116,-0.0116017413555857,-0.0030958088552778
0.00395926882038064,-0.00429380154143493,-0.0272305283311694,-0.00132086471313184
0.0355630501098268,-0.0682486090436654,-0.0337824695327714,-0.0011570862502993
0.0279737851491524,-0.038138126484197,-0.0196030600320217,-0.00218477639033155
0.00198561652583826,0.0100621280178627,-0.00885847252578865,-0.00259032291059562
-0.00844379406750309,0.0133234776945103,-0.0138224041743443,-0.00202958525972984
-0.00873363544089334,-0.00854592824317224,-0.0222360034165554,-0.00120510751264024
-0.0118774745960352,-0.0203985383003633,-0.0203602586653071,-0.000173160300217322
-0.0154894413279164,-0.0184555736872784,-0.00493104937827758,0.00176682313013707
-0.0121988296053688,-0.0132175166536167,0.0199583743552788,0.00454029834597768
0.00228172491868472,-0.00761613666050718,0.0450587347634036,0.00657142245624286
0.019961315481447,0.000784642900841596,0.0594132289103268,0.00658765138304462
0.0262553633681676,0.0162293972893746,0.0575449599913518,0.00494579426975845
0.0227709084800877,0.0356287457162869,0.0365311987739819,0.00259851498484413
0.0136586111577289,0.0536118105344487,0.00623217184478966,1.47048539840726e-05
-0.00167999521302308,0.069932342608449,-0.0207496106690796,-0.00277901784592784
-0.013251762103902,0.0748501357652895,-0.0449402531976251,-0.005386247606821
-0.0181287269883821,0.0496547310075478,-0.0558279282857261,-0.00668725361969485
-0.0264575118467091,0.0105701481852649,-0.0407188774447018,-0.00615140967531928
-0.0400757438901861,-0.00217725706561696,-0.0154847217108774,-0.00446372268498159
-0.049455081346466,0.00889078399672227,-0.00281378921311503,-0.00245713409080163
-0.0403658799165469,0.0149192164998199,-0.00350414253382183,-0.000629725887307306
-0.00582479911578271,0.00633523662102348,-0.00578748986066034,0.000573187306273142
0.0376857468149143,-0.0124822826523966,-0.00570196779584653,0.000591089692365032
0.053556938760198,-0.0244080172172091,-0.00870380803798069,-0.000293024892729203
0.0313625097526499,-0.0194655442045594,-0.0145684470220675,-0.000740417643304501
0.00620147113877362,-0.0115460991596061,-0.0174316271269937,7.3671994651979e-05
-0.00665574164602627,-0.00341100448280483,-0.0166814856420188,0.00158152278042136
-0.0200862960431791,0.0063780606004893,-0.0162446132698482,0.00245885996414009
-0.0298038598934306,0.0104084301065923,-0.0149861928292265,0.00223000985707023
-0.0394701583114501,0.0122303805828932,-0.0103858990886955,0.00122199010707163
-0.0621613536929759,0.0167393311714253,-0.00552924333289501,-0.000562971289148173
-0.0874346705825272,0.0223698179771073,-0.00243851766035461,-0.00251191115895882
-0.0981274046011983,0.0305558253314848,0.00383494970606668,-0.00333534335810906
-0.0894134333230505,0.0435073765688579,0.0144619599953561,-0.00256255027258246
-0.060750881656428,0.0559281215504696,0.0199440273038001,-0.000515321923338626
-0.0262132441339691,0.0600105024798911,0.0165710627538518,0.00190122070194586
-0.010231673949418,0.0588962778537249,0.0110114024669062,0.00348340799307218
-0.00883947524870965,0.0570699028168655,0.00891709595900904,0.00350660198064004
-0.00896241356060667,0.0505751606423362,0.0133816919654574,0.0022692910735085
-0.0130529325277456,0.0409612685047423,0.0191507404938247,0.000630852908680435
-0.0114249798027871,0.00820038490256556,0.00644135737132767,-0.00175117002493628
0.000743137020661512,-0.0633205774109198,-0.0308161996739741,-0.00576578422702095
0.0106426867993397,-0.112399485419593,-0.0585999779747552,-0.0103431828162734
0.0195809655406306,-0.0886059806398722,-0.0473019623218179,-0.0121239892657289
0.0306843154178684,-0.0352088329006626,-0.0176621584245775,-0.00855130325649321
0.0404490913729061,-0.00672060480749567,0.00168760494973571,-0.00137066017046481
0.0437581427597553,-0.00215585161520743,0.0110988924817449,0.0053005852400806
0.0275030954273216,-0.000579856074141717,0.0155176506148452,0.00912165548468209
-0.0027189164778075,0.00112774465995894,0.0151500928313118,0.0100992771961327
-0.0252742721922425,0.00135557812621014,0.0137669022972457,0.0092235883439922
-0.0307184200709708,0.00248362853619975,0.0149709476953325,0.00732747223994319
-0.0219228890356919,0.00593188079289185,0.0182167191583922,0.00510578000317153
-0.00958569658613829,0.0153811966035939,0.0192987087184164,0.00321619352484388
0.00178296993109053,0.0284484961230839,0.0198489165167026,0.00179004524994271
0.0118000812291492,0.0326687952398957,0.0267317777554675,0.000832471332453427
0.0143107408987414,0.0233797212801898,0.0377619285169531,0.000410739554125444
0.0146741029810196,0.00704930551533579,0.0445431485566774,0.000181743480614562
0.0187669735999853,-0.00380005200277621,0.0395833991302565,-0.000156999441250717
0.00721022777911545,-0.00661102013414495,0.0225527663921139,-0.000957231499201662
-0.028802456179467,-0.0206180273083182,0.00859896087414791,-0.0028409483236127
-0.0630660236963961,-0.0560558413531252,0.00947368620533611,-0.00516645144572075
-0.0754942478717836,-0.0834254582041271,0.0181784016994741,-0.00628270148208948
-0.0659617273668232,-0.0716767373442726,0.0212013709169383,-0.00534777612972425
-0.039323389922102,-0.0401642391144151,0.0118703772677733,-0.00251337650021274
-0.00327046520790533,-0.0150428242984803,-0.00192791046487126,0.00120117661176807
0.0409646511790571,-0.00056148644452933,-0.00893044596383154,0.00403324927914906
0.0700844015217366,-0.000746705937202153,-0.00947457906083545,0.00467869058759134
0.0511621705469393,-0.00311113775794884,-0.00961381239101912,0.00345022540941311
0.0192616440094081,0.0146187621677537,-0.00972699672420039,0.00149210054143115
0.0258707795331201,0.045207801975869,-0.00923794832288429,-0.000478453859626283
0.0620431528743816,0.0625078307094083,-0.0075735877300083,-0.00201751709688066
0.0722281893523388,0.0619241357019477,-0.000475826931491022,-0.00271971527103023
0.0219365243349133,0.0481603294983291,0.00641540572519572,-0.00247210481634737
-0.0286831677573357,0.0190263449817353,0.00596136797046663,-0.00160012494699983
-0.0244688394072201,-0.013383419578715,0.0105361152381169,-0.000501044626573158
0.00151021343395873,-0.024165560127305,0.0238529415843519,0.000568469572185916
0.0126117695137926,-0.00842578725233979,0.0293273935007142,0.00125674868894882
0.00317266043662637,-0.00350672205036092,0.0301192935361082,0.00134509887982637
-0.00582052298505775,-0.0252492324230648,0.0349063562938782,0.000843449903537
0.00339679525448285,-0.0266418081861945,0.0302481469632913,-3.94923097537863e-06
0.0117075470349115,0.00698271258727977,0.0106357209119872,-0.000944084885547045
0.00820064793664655,0.0306795818719877,-0.0122713403398719,-0.00172642539412658
0.00355030500292228,0.0233365198894464,-0.0280438092156964,-0.00174401791859871
-0.000922108417870861,0.0104336089626739,-0.028794753782413,-0.000992962570579874
0.00264002433795817,0.00865156965453548,-0.0194522119421923,0.000131290844457437
0.0246074941879987,-0.00435879685073389,-0.0169806081301541,0.00146699678853564
0.0464707709729804,-0.050745512576291,-0.0215026989835452,0.00212999872398332
0.0481405046823586,-0.0934519745744665,-0.0154823154580336,0.00111122798578876
0.0295378281394004,-0.0693387562671929,0.00552730486475299,-0.000988526704617545
-0.00136875939906261,0.00385943989910566,0.0229660397278216,-0.0023934486932234
-0.0270657635632206,0.0577537339627252,0.0243028428304082,-0.00236793571481667
-0.0243463100714737,0.0624514533195687,0.017410276734377,-0.00159069559012415
0.00505476816940563,0.0297480012278233,0.0134029106680952,-0.000915136611711682
0.0263276000423054,0.00269554668652639,0.0127650717915443,-0.00083295079249824
0.0211941423917655,0.0106022585497436,0.0133917589401353,-0.00186842840070708
0.00961643431996129,0.0246157044532131,0.017404051460392,-0.00408665181359083
0.0115069830825267,0.00324614770456224,0.0186367880961884,-0.00604909782141896
0.0165910733746607,-0.0384521845625505,0.0123498594627222,-0.00605169404424988
0.00809010023696441,-0.0588724012261566,0.0084940169006987,-0.00375609645907814
-0.00379269322104401,-0.0537195823938784,0.0120887991296929,-3.58592279720025e-05
-0.0106257238335442,-0.0372009512147959,0.0127772692402357,0.00375036124282422
-0.0208713298401346,-0.0182849268814281,-0.00614266437859028,0.00626917139579973
-0.0257839099665227,-0.00965251110701233,-0.0428444117605434,0.00661396303172029
-0.0146959476312703,-0.00829204964867239,-0.0628285624471444,0.00514299789004232
0.00315653453595361,0.00984314892044781,-0.0455354601902789,0.00344019389415416
0.0196012879736975,0.0421125301168999,-0.0135200304203894,0.00263670575971318
0.0351048214180125,0.0629138304755072,0.00733884509011208,0.00246779924269089
0.050067709570521,0.0632344286836203,0.0123287150963761,0.00200246307104243
0.0559682166722151,0.0544987948680462,0.00349573045830566,0.00107766044750463
0.047102264267597,0.0262879186971181,-0.0182339663116606,8.60813932585772e-05
0.0369457364065806,-0.0655824956618286,-0.0401466215280611,-0.00116385155704907
0.0327586051294349,-0.16349488577921,-0.0388335293235303,-0.00276378959211255
0.0241825134857487,-0.152304907901224,-0.0135205344131793,-0.00380532431990096
0.0106227442181252,-0.0812240344514255,0.0129790162768486,-0.0032212488051437
-0.00480248414734892,-0.0529513598314139,0.0263726318734385,-0.00136203054417733
-0.0219777542923985,-0.0427668420595449,0.0297635064174122,0.000440943315210755
-0.0323826942754306,-0.00727742848333374,0.0265800872939593,0.00153890960141113
-0.0320730678646415,0.0312106296889055,0.0106887377392062,0.00182114802262051
-0.0256565604462397,0.0366955504964354,-0.0147062379122327,0.00120419150332757
-0.0172020327416226,0.0117896389806506,-0.030081569112087,-0.000287568698173041
-0.00907476990892639,0.00127076329746793,-0.0275297027034616,-0.00214279230921458
-0.000480946225744766,0.0189470132594625,-0.0177631432996235,-0.00321606911711838
0.00819581990561828,0.0330065432319905,-0.00733132465924901,-0.00264134679910976
0.0175074313222543,0.0296483451702224,-0.000275723337738377,-0.000562021940279695
0.0296049030620031,0.0224615679055378,-0.00181969629719634,0.00185122480782327
0.0377248627442282,0.0179961911448129,-0.00677456500481769,0.00328347639854858
0.0389234826009054,0.00772491795944724,-0.0112156567397389,0.00323697374758644
0.0298669688212985,-0.00672030839256296,-0.0203176171331512,0.00201911404555007
0.0027288904019566,-0.0171103478626371,-0.0267881540577181,0.000362278275558353
-0.0275013194178682,-0.0246977140518029,-0.0197623794900411,-0.00100081187958966
-0.0447475668376414,-0.0257008359509045,-0.00900506906515859,-0.00154461744446705
-0.0522833719460367,-0.014147912726695,-0.010458239739677,-0.00102090328667858
-0.0418445592601353,-0.00362336191539348,-0.0279415192411588,5.03277049286894e-05
-0.0115381232582022,-0.0208592640848302,-0.0455044299277109,0.000529209399040296
0.00970109205294834,-0.0608455810658026,-0.038380113366533,1.50794137103867e-06
0.00430418064644714,-0.0793115929643637,-0.0109700604984876,-0.000852960741952839
-0.0256705079504273,-0.0680345971005778,0.00975099466734199,-0.00139491070387393
-0.0695919254239382,-0.0589348735869358,0.0164480751760304,-0.0015149959439461
-0.103302672910334,-0.0522604901300482,0.0201974571613959,-0.00121912898796335
-0.111326609515145,-0.0314461221800911,0.0279450354525413,-0.00052340330319836
-0.0987527983711045,-0.0106698426247739,0.0325684198710801,0.000493046066415958
-0.0883608026210866,-0.0047156631707468,0.0241984501468067,0.0015214820881697
-0.0739173683516371,0.00186640558582325,0.00789949148419153,0.00182651663325368
-0.00434180659394048,0.0129728422619461,-0.00931361302905889,0.00116760821195429
0.0939978647956711,0.019287619993477,-0.0273670171556794,8.41057050168376e-05
0.130129771520881,0.032765993151275,-0.0351143393241235,-0.00103870922045363
0.102477974689211,0.0606794363520584,-0.0253836583027246,-0.00184589042174965
0.0807224533124025,0.073225828672071,-0.0119507369750593,-0.00211708121817365
0.0909243035061194,0.0442859439992726,-0.0108819589165509,-0.00217081785632603
0.0937645216262007,0.00706792314451329,-0.0233982990248945,-0.00234514497837863
0.0594583706044136,-0.00151847787020994,-0.0340567899108945,-0.00242773897718451
-0.00015425265743535,0.00393961322407947,-0.0371601968121877,-0.00182011538198501
-0.0600704045631447,0.00482227384442506,-0.0361416975960766,-0.000681977442791215
-0.0960136976905947,0.00577538431105094,-0.0224898643217083,0.000208598748782312
-0.107158517216809,-0.00547713058615909,0.00295610453455119,0.000892916456513265
-0.101444001498908,-0.033335936681387,0.0208590315507773,0.00184847753894372
-0.0749559442622137,-0.0333494636374196,0.0184998537994574,0.00286761231090908
-0.0435256083729329,0.00275004712134356,0.00512045207506846,0.00321354992441333
-0.0253589708357207,0.0276913863149131,-0.00111242568139704,0.00246206267946766
-0.0147542437098009,0.0232220196310291,0.00770275896605028,0.00142476779559917
0.000458063128146943,0.00773249510733251,0.0263497237291452,0.00115600339371917
0.0306769937392069,-0.0119696740426091,0.0410765121247812,0.00143090388513203
0.0680337790483242,-0.0369172581499973,0.038141520838996,0.00166640527810545
0.0815784047127136,-0.043142338724351,0.0212817065758682,0.00131833633476271
0.0639420648667228,-0.0164005303516794,0.00714874118210514,1.07060089325935e-07
0.0398984328166293,0.0202035214669642,0.000194785660374237,-0.00161848614695221
0.0285150754859329,0.0478299455369677,-0.000788432443983987,-0.00242023205430781
0.0355748510177146,0.0685949879611895,0.00459019708960345,-0.00205930046017305
0.0402791945151321,0.0816191671676443,0.00877339777338921,-0.00100433733905962
0.0200090477258208,0.0818389415223022,0.00700370074454371,4.20511973975531e-05
-0.00684609380231025,0.0752532289627978,0.00166050297808172,0.000624935658027953
-0.00842429197465029,0.0648764529492441,-0.00628768921994785,0.000913522070333002
0.0148033872910269,0.0450055540181983,-0.0155112252361706,0.00102987750521375
0.0364336192107602,0.0039916152983632,-0.0257518425762942,0.000902152018414932
0.0453291702402923,-0.0630841480458639,-0.0340643863280299,0.000721094402448312
0.0387799647949525,-0.114741558891643,-0.0305205690172611,0.000430279500416147
0.0134584451998563,-0.100418596239786,-0.0122710258867465,-6.0460515230037e-05
-0.0148440247630937,-0.0345692932234405,0.00553017095958505,-0.000216035617654859
-0.0263329925279832,0.0243276038739638,0.00710474547703223,0.000416356805104424
-0.0203850309318028,0.0476633977803844,0.00441155486117772,0.00128931297892387
-0.0105504863036669,0.0487981083277019,0.016293371413462,0.00186419500773984
-0.0146798301759976,0.0448109322621045,0.0327040448052538,0.00242711170576881
-0.0284912617565279,0.0419678168479694,0.0372157631577511,0.00290614247873622
-0.021348359381934,0.0355183337397008,0.0305197998490104,0.00279008028168228
0.00878130322750871,0.0194499972066636,0.0229010366693179,0.00219997051248801
0.0416832983114297,5.32388926504004e-05,0.0224512074625553,0.00147905074263509
0.0646270113979087,-0.012180603923181,0.023094874710227,0.000408654506240043
0.0725355601270641,-0.0270533955702602,0.0222949543747383,-0.00131996504797972
0.0760197427398169,-0.0541947147725448,0.0308713664333784,-0.00330808792659653
0.063818459667667,-0.0601518928407275,0.0456111621395771,-0.00463364366915472
0.019944915666381,-0.0336549189532511,0.0466257585097825,-0.00440159721479754
-0.029912650173192,-0.0331466755696986,0.0293756728689322,-0.00238300799913704
-0.0715691618123077,-0.0728734808200118,0.0128028952265338,0.000523144647118686
-0.102601515465283,-0.0877176647606202,0.0071695646202974,0.00324944265642868
-0.108786843890035,-0.0549069917974675,0.00207120123390906,0.00526559157203911
-0.0982883565387894,-0.0256241753375485,-0.00798488184735753,0.00603138120101999
-0.0817475485310086,-0.0259071474071707,-0.00715574770941923,0.00512707643246042
-0.0546194572628164,-0.0241123518084526,0.0118583316114075,0.00280019847125651
-0.00994943984255238,-0.0116344674883888,0.0289925873135537,-9.10635767821244e-05
0.0447092191480807,-0.00246916212040108,0.0346122148370352,-0.00293856192894493
0.0695477374746666,0.0103719945912677,0.0398131811240043,-0.00511083183398191
0.041060201787882,0.0351626431345309,0.0482520941355785,-0.00525477322209066
-0.00542634159362487,0.056956071210321,0.0478396546599708,-0.00366741357028626
-0.0319104699469153,0.0391544494293389,0.0265257795949317,-0.00271186294705673
-0.0382713253406262,-0.011758224184764,-0.00682224407995458,-0.00288452228797409
-0.0309280176152961,-0.0389395232492529,-0.0279508648167417,-0.00193715255795709
-0.0147489563082163,-0.0187432106831536,-0.0362816620520836,0.00118211718353208
-0.00836981583678599,0.0212083142992617,-0.0465428399273311,0.00452059570459165
-0.0119955115774691,0.0332718296902462,-0.044683450518908,0.00569756254785231
-0.00614071470521804,0.00307965395016088,-0.0210845737979869,0.00429070391057352
0.00568334910485393,-0.0298658400705596,-0.00110110082227974,0.00156224646343578
0.0192188370770663,-0.0397950709659986,-0.0015313354404595,-0.00120904547201872
0.0301363110125795,-0.037939521351495,-0.00900606039932456,-0.00315710627189421
0.0222878052817318,-0.025908003825183,-0.00542163632447987,-0.00401802880076611
0.00621352472996001,0.0110071334763018,0.00818580210064006,-0.00420304578345356
0.00161702124676896,0.0527549643609532,0.0159388446239766,-0.00390168452411955
-0.00112882300685348,0.0484473936222642,0.0110258549811021,-0.00324926261093655
-0.00887482338562239,0.00393015580963157,0.00237383315112289,-0.00246757947179725
-0.00307436592373706,-0.00768477882191398,0.00407134749747241,-0.00141596714968437
0.0158394334600206,0.0387124859212959,0.0170955630646208,0.000208791978059998
0.0215949391852669,0.0910494718133913,0.0207201617503941,0.00228031575502538
0.0165010490147938,0.0965912998846811,-0.00464414757139613,0.0037656254828798
0.0217942855849908,0.0394318347140978,-0.0459541387685395,0.00321991970917451
0.0294764659506808,-0.0283828614844466,-0.0627812151566488,0.000505956909496511
0.0281683556096232,-0.052077577998464,-0.0455644301734901,-0.00233872640790668
0.0203445089516149,-0.0462127648524395,-0.0270000201819766,-0.00314660424843751
0.00240728320822961,-0.0314511332420546,-0.0242614590319721,-0.00204594661948164
-0.0144811117362443,-0.0211515815327464,-0.0235926144012408,-0.000871608592532939
-0.0137665978217864,-0.0125961259401121,-0.015215666092152,-0.000742290133239375
-0.0125707063444813,0.0177686696563943,-0.00823751624513135,-0.000981249988120014
-0.0276772093982196,0.0588429390787358,-0.00831015993942652,-0.000682901961974931
-0.0419550652766947,0.083398916707004,-0.0108574658592806,-0.00018763043072546
-0.0393794858081464,0.0883416229977818,-0.0117359766909483,0.000162049207795081
-0.021534460282798,0.0830187837857717,-0.00811211268947986,0.000924974978276068
0.00882336301323935,0.0695042085599284,-0.00335340344137557,0.00208661966076008
0.0358764797410758,0.0463703416315602,-0.00124177256312984,0.00267192616631659
0.0406494930005359,0.0273270166640183,0.000717626899820578,0.00203476196078821
0.037568251268099,0.0221579079663576,0.00124078866620974,0.000541499343452882
0.0423125390746347,0.00900260818373535,-0.00188837499396691,-0.000711681424514975
0.040206543742381,-0.0279495569138006,-0.0054488657744421,-0.000969830076473585
0.0217827484108742,-0.062375547838549,-0.0072385603318292,-0.000646353231916665
-0.0055790553359676,-0.0630068803749752,-0.0088639626902771,-0.000718996047854013
-0.0344175242774903,-0.0347797177613098,-0.0139088498011342,-0.00133443803805534
-0.0539058975467431,-0.0116970453801387,-0.0221769725377207,-0.0016055588192047
-0.0541087262236855,-0.017937064414242,-0.0274116643269138,-0.000744617218875017
-0.041315290355392,-0.0264177176388279,-0.0253864392055448,0.00107512800156818
-0.0334417631765668,-0.00833585150016554,-0.0148015258963614,0.00280027749782303
-0.0370290689473615,0.0138676817533095,-0.000152962796163614,0.00378122566899779
-0.0323807261276709,0.0183859985809352,0.00627447555457643,0.00429461483403146
0.0011616768198447,-0.00829094323727009,-0.000664020324606456,0.00421012863523599
0.0426720276899594,-0.0524194696925687,-0.0085820986089649,0.00311872037454968
0.0580462752351777,-0.0566272243746093,-0.00365699217567266,0.00139846656373109
0.0432057912914778,-0.0177716693596557,0.00900729076900172,-0.000175627971752045
0.0098315759210333,0.011355799683641,0.0180075253935975,-0.000839575889815317
-0.0234750291116756,0.0124698181361578,0.0197603568984587,-0.000615155073373471
-0.0440408239292886,0.00822164257891408,0.0193609635229805,-0.000201605193394169
-0.0529612286221807,0.00973072687215867,0.0259879135419562,0.000338634391673686
-0.0446563629998104,0.00832751364117655,0.0350356788971369,0.00123469539641358
-0.00912863336542846,0.000834540526017861,0.0346308918850986,0.00226228690435333
0.031213559690593,-0.00821474055960662,0.0286490721532522,0.00286123042727632
0.0355715391037445,-0.0126296427316465,0.0247576410510535,0.00255749330244169
0.0141472862191164,-0.0242437918727946,0.0171486798604478,0.0014330562362723
0.00644998666203344,-0.0569789681707882,0.00355943388046553,0.000296581534651006
0.0143866987038062,-0.0816181864027576,-0.00763610261054006,0.000312879349330835
0.017536634234569,-0.0690763105672142,-0.0177316840865911,0.00158537805998979
0.0146600343856427,-0.0402317869822355,-0.0310190703878359,0.00255658030972981
0.0168557299297909,-0.0231813736013556,-0.0412716145809597,0.00207766035860649
-0.000405978859827634,-0.0238096476135296,-0.0382939606493051,0.000459392916555371
-0.0687818807676735,-0.0272405470320186,-0.0171204349886786,-0.0014897032058409
-0.154905486796055,-0.0123008022224125,0.0113293803264461,-0.00290593013840948
-0.196547477940097,0.0221825484385377,0.0314553546434297,-0.00316898951303821
-0.167062784745204,0.0610463116418908,0.0382401739662144,-0.00245593839745229
-0.0899371664761289,0.0791479804708578,0.0354275060659172,-0.00155665891061405
-0.00471892313802821,0.0625091867776387,0.0272914598408785,-0.000928513991938677
0.0856172103569492,0.040244469534003,0.0124508390045509,-0.000429652561886085
0.170729447052852,0.0458642694609266,-0.00406632795435551,0.000273819449673733
0.199880003395928,0.0583689311104098,-0.0136562059369003,0.0011288068806914
0.166778158654871,0.0291633487987749,-0.0216618829690929,0.00148438227371088
0.104364245174973,-0.0399057594128465,-0.0326213377247471,0.000694943952178572
0.0317242934460509,-0.0840136847088753,-0.0341210075127681,-0.00109653436513188
-0.0170506740517306,-0.0663977264699112,-0.0182118314851559,-0.0026867513084174
-0.0210934933242323,-0.0319203037688121,-0.000904415617986466,-0.00278204433715361
-0.0161311289836484,-0.0254861594521987,0.00315803985756524,-0.00131396928664913
-0.0338704043727896,-0.0326428670482099,0.00299989107075875,0.000492317209366367
-0.0545896111954793,-0.0314005855348728,0.00781611828055228,0.00154419181263659
-0.0564211381675417,-0.0263318415248701,0.0132199412817757,0.00140172098199779
-0.0486552880235764,-0.0207432211394736,0.0180786931884946,-0.000202317038674973
-0.0461188574975686,-0.00844606368982769,0.0249391250348508,-0.00225758151315289
-0.0393626633273734,0.0100925607866004,0.026586558113565,-0.00271107795462329
-0.013076819015985,0.0297242863124004,0.0109410510453432,-0.00105171585266471
0.00823651414006015,0.0521227110275948,-0.0153691288749918,0.000802549428161898
0.00372071751876539,0.0648483027771257,-0.0378426215689831,0.000802087180260484
-0.00436410735107609,0.0572688021969352,-0.0501042736361775,-0.000799076523729293
0.00789741039871795,0.0520084071731377,-0.045184542383299,-0.0021518007425233
0.0447851562474562,0.0501646995367541,-0.0294743957936551,-0.0022169483284607
0.0858409145486747,0.0323417006137307,-0.0141040141748289,-0.0015617768972267
0.102412581439711,0.0115602520769522,0.000653599301061646,-0.00106920921110793
0.0872219012196194,0.00771482244084086,0.013087101748448,-0.000903002374142141
0.0599757732946677,0.00979002755356216,0.0163588631239144,-0.000801044446955833
0.0417320560951003,-0.00152452975792081,0.00590572239450023,-0.000806398114497242
0.0328526989386005,-0.0156488487496489,-0.00954855138258044,-0.00143323994860005
0.0229871706392177,-0.0133540537583777,-0.0159521465881442,-0.00290209979143035
0.00168959231906222,-0.00256565163002457,-0.0128669382509564,-0.00416894463784106
-0.027181947558637,0.00173793978501611,-0.0104736962725685,-0.00350070923825638
-0.0464131176548728,-0.000699315041006421,-0.010426843983369,-0.000814627882341414
-0.0458763278283127,-0.00240353151616871,-0.00557447307745837,0.00200582411499602
-0.0292155194755676,0.001342510184687,0.00182871462557992,0.00387471396811485
-0.00928366967978363,0.00700477905070337,0.00369036991433513,0.00505103591204766
0.00529782697493195,-0.00072649796382493,9.6181487663544e-05,0.00534984177849606
0.0156580477483246,-0.0226747901334876,-0.00157602825581163,0.00434262598165198
0.0219015926945204,-0.0297877158835739,0.00241954476564991,0.00231857562553378
0.0276172469988144,-0.0122226424576654,0.00238021603956873,0.000139078419735346
0.0382375784240404,0.012258163460522,-0.0153689283408251,-0.00192174920659279
0.0285011626205012,0.0295924126949528,-0.0340595425401261,-0.00432421063516677
-0.0203887307156751,0.0359292042765723,-0.0227203437477142,-0.00632015543131924
-0.0587085403173768,0.0356265603338484,0.00343178578164787,-0.0060297981852158
-0.0482893535502947,0.0336449673657111,0.0116272910871528,-0.003236223532606
-0.0281283388184571,0.0343192923274139,0.00866441655035011,0.000136415951896156
-0.0300552696537389,0.0454617410203598,0.0163332905257095,0.00255518713982457
-0.0215994476827415,0.0714150090459907,0.0336122702924305,0.00401518785214529
0.0290331298476111,0.105581040169863,0.0426335365236092,0.00484015137536981
0.0825686660363714,0.137875519310297,0.0337055511459237,0.00500957493826514
0.0836934918935847,0.156068139460278,0.0185854161806803,0.00470274306703581
0.0553028202944284,0.136408945470831,0.00946346435426249,0.0044504169263778
0.040171961935049,0.0730806841755264,0.00248554157813988,0.00449829739215932
0.033363800897094,-0.0159086763202986,-0.00848806965791668,0.00441104096161363
0.0205631264711391,-0.141575755822398,-0.0230268670577858,0.00295608927657808
-0.0148356914454729,-0.257692124171368,-0.030073791418457,-0.000786940861625313
-0.080596590139696,-0.240034117538199,-0.018953943113258,-0.00531032753363885
-0.149335312345665,-0.108010664155131,-0.00116806487302315,-0.00774645417211228
-0.164559381552402,-0.00284471575235906,0.00507946820624532,-0.00742158224583371
-0.109911381721612,0.0255897538247811,0.00536526246129147,-0.00611429393051938
-0.0303549014590711,0.0217376305456909,0.0146441929488103,-0.00452882543867617
0.0322040883607923,0.0339910681409157,0.0290787188821205,-0.0016206681234752
0.057556761094059,0.0598701837012764,0.0377558653848136,0.00220594212955867
0.0529628052258583,0.0702472528965368,0.03967473989225,0.00478660324277254
0.0368890466455281,0.0639757360978693,0.0347256872321743,0.00504107858521926
0.0214106869543362,0.0515997546907182,0.0227777150425586,0.0037079761121176
0.0137919712952694,0.0368010476721793,0.0077895502251677,0.00178007865767931
0.0118245490957276,0.0183388610705189,-0.00703047800572562,5.216063883746e-05
0.00719248671460995,0.00392910180131238,-0.0206484985474233,-0.000470876660976921
-0.00305139713993566,-0.00238738183731759,-0.0343713182440995,0.000475661448218013
-0.00308266511963509,-0.0233644210620312,-0.0425863158585904,0.00157437331535593
0.00702520728406856,-0.0446415806584449,-0.0334044695083774,0.00166082124042106
0.00214922230314213,-0.0288077061106689,-0.0112925544446493,0.00101431046958927
-0.0218064511661682,-0.000682270934313028,0.0100203358393757,0.000209358553412333
-0.0534752049376965,0.00473964255941765,0.0308723866995342,-0.00048967147205195
-0.0761568816181671,-0.00131982100699579,0.047450839393992,-0.00108726977136138
-0.0730584237095321,0.00563390195980578,0.0444841939906442,-0.0018815930321383
-0.0441265900291664,0.0200926718215252,0.0245309071462015,-0.0030042640427548
-0.000742441465927779,0.0124828850968024,0.0025786505469167,-0.0041903725062751
0.0438310634166476,-0.0137982838964563,-0.0166045616731167,-0.00466959469429555
0.079662227314395,-0.0338633694332199,-0.0304189294093569,-0.00403236586213886
0.0901343926167482,-0.0493957551691347,-0.0316858163414083,-0.00293655624229795
0.0654076909817009,-0.0605395419055365,-0.0210636277542296,-0.00189129814334695
0.0213849169665117,-0.0525328066955307,-0.00943598915583127,-0.000982931101756573
-0.0161329084850941,-0.0373968485686256,-0.00351531021275546,-0.000285704546169894
-0.030744015200238,-0.0395742563805319,-0.00152750652888295,8.52927558653732e-05
-0.0297373932237808,-0.0497116831216522,-0.00401023040701553,-4.31121856927898e-05
-0.0283366134017644,-0.0404910025283205,-0.00897287798650778,-0.000311056487806096
-0.0281440934261721,-0.0111463833275958,-0.00711347409773247,-0.000403349173920952
-0.0232749672439962,0.0164987775258539,-0.000121899666025307,-0.000225211654153521
-0.00784511796039496,0.0291309888128155,0.00230355707785046,0.00079166770553971
0.017081590462637,0.0260616612330479,-0.000970477682165636,0.00249489383259884
0.038691643092121,0.0180852473830808,-0.00478383344579149,0.00344590351257529
0.0410854567740168,0.0166310211432519,-0.00291161954656118,0.00272042105292924
0.0273139370046291,0.019108988072751,0.00919046399958372,0.000842224257166456
0.0120147085028567,0.0197285230894329,0.0252242818030516,-0.00106113432129903
0.00311029262507137,0.0204883454841998,0.0334272078700782,-0.00203032548897381
0.00327339099145242,0.0157278576771369,0.0302706824237344,-0.00188354581966576
0.00433592853751602,-0.00790579491063618,0.021347532577542,-0.00146367983233305
0.00158463343005853,-0.043827090060982,0.0141106366577297,-0.00170021812617139
0.00710176213262716,-0.0716664215391757,0.0079641509706674,-0.00237994494757079
0.0188514693225925,-0.0711755409630917,-0.00146438117319498,-0.00246783037293592
0.0198223688834458,-0.0432858952161465,-0.0172662316732473,-0.00127248178213254
0.00765367676905663,-0.0169230093535156,-0.0284466842027604,0.000732126653999588
-0.0122512422874094,-0.00179379899100789,-0.0158194755150598,0.00236149573695352
-0.0341794635147423,0.00813170750574269,0.00858031654768702,0.00322259714337067
-0.0599570599329746,0.0147092707051173,0.0202811645780648,0.00370329927907748
-0.0983852534868539,0.0292138264742436,0.024226787168358,0.00386646615101258
-0.139313645102161,0.0504464810385887,0.0340524388126229,0.00307122777422726
-0.161274848683876,0.0699165832878629,0.0463361348562026,0.000665089632116773
-0.14565514880825,0.0895886988528664,0.0507291968386984,-0.00320504242297233
-0.0833602510373191,0.0935500954151172,0.0411814062407306,-0.00692713285845216
0.00709739784916488,0.069931423114393,0.0151925107142605,-0.00781110366730727
0.0867134989386924,0.0423863311467229,-0.0219855536656454,-0.00470216073182348
0.134478710940265,0.0102872334596592,-0.0536015206745312,0.000417941161640163
0.172302906392942,-0.0523475040179607,-0.0621376747805887,0.00428212304009116
0.197316226230569,-0.109256179020997,-0.0450709410443934,0.00534039214571908
0.143887234158113,-0.109890917668262,-0.015008072027375,0.00439830982972582
-0.00213223925587414,-0.0862208659770845,0.0110025734600558,0.00292323842166722
-0.144251783303429,-0.0874991184629003,0.023804749515058,0.00170222794390065
-0.191974975961269,-0.092611606627783,0.0307707536945914,0.00100823508910621
-0.154399751339738,-0.0629275857970186,0.0367117435220046,0.00130422093259304
-0.0865727713615953,-0.0176316327623597,0.0329737675095678,0.00254701008234197
-0.00338450893275283,0.00954197930113959,0.0208969069453699,0.00359346183292922
0.101257737309816,0.0204778959142818,0.0126483282751281,0.00348369153849346
0.179102618990546,0.0318304892570073,0.0101753244617908,0.00210215227657839
0.17150844435882,0.0574579494982027,0.00621061449493369,-0.000399215613164059
0.0934860532754209,0.0874832250908234,-0.0065467776053983,-0.00344044298494706
0.00103745563261914,0.0879437000721529,-0.0262056885800119,-0.00601439109697764
-0.0608676141540719,0.0524924541910648,-0.0404365964590277,-0.00737016513176112
-0.0768414572165913,0.0125271977876847,-0.0395637231984744,-0.00706524865280187
-0.0628727773689151,-0.0127759987232192,-0.0256221794756546,-0.00513425445416466
-0.0327680778155291,-0.0267187520459694,-0.0135186326362249,-0.00206988829303391
0.00687806915663465,-0.0323898387249961,-0.0127919351712192,0.00137964087195399
0.0366364342446704,-0.0312179160756035,-0.016302514443759,0.00385966093920359
0.0446196455183416,-0.0233454534978877,-0.0133946111648692,0.00422948790670919
0.0399610730704591,-0.00740271415309794,-0.00234918752429314,0.00290580899671754
0.0308291834864901,0.00970104436992101,0.00615797182886582,0.00123008772666296
0.0221675887453959,0.0200916952046837,0.00570768414198697,-0.00015797536543766
0.0222351609005867,0.0269961050625118,0.00109244525199336,-0.00106290252668072
0.0295061771632265,0.0319613017876574,-0.00393154539966761,-0.00108084240634848
0.0358178022460617,0.0182378907554526,-0.0107610759072746,-0.000395552304023633
0.0362935169284019,-0.0271929166609064,-0.0181594502883951,0.000221903134484828
0.026751799688093,-0.0713762250501315,-0.018687451410893,0.000217780903226899
0.0156010856283431,-0.0722490915449837,-0.0120745664669167,-0.00018844397273223
0.0192973910846692,-0.044035973734929,-0.000117371137755097,-0.00033627638315284
0.0348338072848306,-0.0161149330930032,0.0164598966262552,-3.82445176687121e-05
0.0497216946687007,0.0166441158168658,0.0294744788412728,0.000450939202047431
0.0589194646982606,0.0654827399783754,0.0392271874060507,0.000980611230400066
0.0600897768009858,0.119015871881862,0.0501068644825074,0.00157805548262701
0.0528933971073325,0.148127874403896,0.0527871896518645,0.0022564771619015
0.0364519858748627,0.141076709714776,0.0444642584026776,0.00259209228652846
0.0091216321170375,0.12858100478962,0.0313496561168678,0.00157859766152767
-0.0216934252192505,0.137876131834664,0.00634965884282755,-0.000646540794435975
-0.0412720682835178,0.124378796394035,-0.0269986839054513,-0.00246542343607381
-0.0415452997588954,0.0227935589245764,-0.0539835197811427,-0.00278461553120431
-0.0123192307217795,-0.156923941083699,-0.0775351813317987,-0.00186003788374486
0.0415152039161324,-0.304115989555794,-0.0925046571218155,-0.00126068611174669
0.0755980802805118,-0.300923003170584,-0.0798987250869603,-0.00217826674083119
0.0685078429674788,-0.170826443557581,-0.0355123931521847,-0.00340564206950794
0.0442334012721618,-0.0327470892474223,0.0177737423704053,-0.00280848331039759
0.00873882150159548,0.0447264826761351,0.0510026418459642,-5.20041834847617e-05
-0.0407637012307046,0.0716273009867509,0.0596545103688958,0.00339214081412561
-0.0755856000790198,0.0790892629787425,0.0571772967304674,0.00597693171053533
-0.0652827383733202,0.077533317104358,0.0515544896795369,0.00688817508495097
-0.0279695882216059,0.069311064671253,0.041966021940641,0.00592424400662856
-0.00543236084253161,0.0595568167959502,0.0310076335589473,0.00366402952365101
0.00606231822680048,0.0462200718482886,0.0203162023771768,0.00157657115418817
0.0184906922997556,0.0213944912906059,0.0110781090305251,0.000672906029131897
0.00817202491992625,-0.00954624134739234,0.00794623689747218,0.000307870701620823
-0.0240586179582244,-0.0288978190287537,0.0086491420204312,-0.000354794951978573
-0.0588491946355459,-0.0345295570667089,0.00424349680701469,-0.00110604357928049
-0.0896449315452188,-0.0417818334318861,-0.0101299676186086,-0.00155991874589043
-0.0985640670442151,-0.0560991087141978,-0.0283116121224644,-0.00179942431834111
-0.0836882329326096,-0.0592061603633379,-0.035397770516096,-0.00201505558191858
-0.0530178435896721,-0.0353577644510563,-0.0282251391591654,-0.00172441798865084
-0.00289049797437212,-0.00167686388848146,-0.0172739008436709,-9.5489205945713e-05
0.0399922370183999,0.00987184729495823,-0.00322968988210407,0.0026365044021325
0.0529607361899592,-0.00242145656086041,0.0215986842792838,0.00481195055924002
0.055506157417271,-0.00301145701733131,0.0472954479685494,0.00488605452685281
0.0490812076146848,0.0327534349398133,0.0472809553542511,0.00314227218625551
0.0196712151344664,0.0812126941176146,0.0190014549214792,0.000997793554001149
-0.0211426597842753,0.0959075600882238,-0.010820634394098,-0.00120992491387748
-0.052314379980854,0.0535713611168336,-0.0268197116940407,-0.00398215994703253
-0.0600183500543213,-0.0214338166903206,-0.0324572326882965,-0.0064532520654806
-0.0554140962401034,-0.0777287755737381,-0.032646420941083,-0.00687524676428895
-0.0504049548404494,-0.102401274668659,-0.0351528560534969,-0.0047581608605455
-0.0379655203797272,-0.121358984768702,-0.039991220683125,-0.00118658118294869
-0.0267227570523172,-0.130807704269262,-0.0371326525608121,0.00220165543961737
-0.0146339221039055,-0.0954531493399644,-0.0256445407487472,0.00447104673373782
0.0172829457351502,-0.0200536396349219,-0.00802800938052507,0.00588330007152287
0.0417625255506318,0.0450351811654593,0.015920527088484,0.00700640569257076
0.00809042630466751,0.0819777710668229,0.037240179594579,0.00740794981079929
-0.0502665149056137,0.0891202665431224,0.0430684260662323,0.00618245412060099
-0.0564092945506254,0.0465745518838958,0.0353225700868693,0.00379944974525552
-0.0286690229035939,-0.0214332447598938,0.0225772357930902,0.00148045354127679
-0.0191345685450588,-0.0548127661397784,0.00966593688549493,-0.000792628010377321
-0.020377357494164,-0.0359312224441225,0.00251032951783763,-0.00376173132618727
-0.0131918890010461,-0.00201788155047269,-0.00122631576435244,-0.00673208665467624
0.0125424085758886,0.0190146697062582,-0.0128036966546514,-0.00778294249903008
0.0453726354002427,0.0364712092424029,-0.0374558925789242,-0.00653477561367268
0.0419949579883888,0.0577661325357068,-0.0639813549694215,-0.00504254111648572
-0.00190711867952435,0.0757264453318288,-0.0684145405125188,-0.00497732877020899
-0.0413644777668546,0.0786229850069049,-0.0458279948103068,-0.0050278594897524
-0.0545346740856478,0.0646228812879058,-0.0172283046756955,-0.00320222414981884
-0.0457534438631514,0.0343774614688881,0.00147812764628722,0.000142419118928729
-0.00645691140021579,-0.0096717992504452,0.00699054322039221,0.0033302607074459
0.056640967681165,-0.0474234262051292,0.00596789090697068,0.00523907720628916
0.100271058425733,-0.0633235521986539,0.00642528208619981,0.00567538834953121
0.104177051384579,-0.0492279619162058,0.00625630070288943,0.00501722970413171
0.0834539272938912,-0.016464727109457,0.00502040020649002,0.00362461328683122
0.0502181459611753,0.00351459613770853,0.0073942887725539,0.001789806135971
0.0140770738780883,-0.000396007954859921,0.00886132421644551,0.000238563670847069
-0.0176362277467501,-0.0157301018659017,0.00405718660772764,-0.000427934268926856
-0.044783133718178,-0.0244743451134949,-0.00241760036092527,-0.000617549353346452
-0.0627164579748012,-0.0218989607950257,-0.00678428151243869,-0.000921477330786508
-0.0547290953017313,-0.0189202646296391,-0.012959912819961,-0.00127073905362136
-0.0191056630949226,-0.0182147209141724,-0.0236530043028961,-0.00156750078797949
0.00741608730886606,-0.0124834850711551,-0.0304291541812978,-0.00191121451128019
0.00386320745565543,-0.00114596912507704,-0.0260575059618645,-0.00214838822760226
-0.00431158506438354,0.00557937062707969,-0.0180180939869967,-0.00204042568173349
0.00226598797032707,-0.000412068879655218,-0.0144015053562651,-0.00159500287720683
0.0169766629229549,-0.00661511877376594,-0.013232411262029,-0.00100268805728633
0.0288823275370463,-0.00698775749252554,-0.0122810498114238,-0.000632791361927995
0.0345227027004178,-0.0128258231822061,-0.0107618455338464,-0.00117043267818115
0.0374020752937908,-0.0150075510758369,-0.00753781357603316,-0.0029857353783993
0.036976315142393,0.000159213047468906,-0.0049125923027255,-0.00484752144794804
0.0296772606586885,0.0186184406805768,-0.00496321873531783,-0.00494719038789793
0.0213380661436693,0.02017219850884,-0.00163944826907211,-0.00294768256504914
0.0165372543693146,0.00666644712704307,0.00399155740587323,0.000311235525896692
0.015024353309219,-0.00591100830555823,0.00102230091843052,0.00334972952893847
0.020804092782774,-0.0093242534659565,-0.00792739063210923,0.00480766659043159
0.0286465697783918,-0.00832312259934284,-0.0123924821636241,0.0045987850568614
0.027740751396953,-0.00923241060553411,-0.0112471780933528,0.00342119906744099
0.0162243305980171,-0.00937507234712679,-0.00762144484510433,0.00209238322236694
-0.00157392448398665,-0.00703192110629103,-0.00201537678713195,0.000997624697033485
-0.0165575046380158,-0.00460921473000796,0.00363964252424275,3.98496190757687e-06
-0.0240723774298351,-0.00494031358741062,0.00869407158751501,-0.00046199567781686
-0.0261470346922786,-0.0137567436041868,0.0130479066400461,0.000110164689698116
-0.0216306727190265,-0.0238265469382025,0.0124539578759213,0.000820229607880066
-0.0133989668023867,-0.0209471342689196,0.00740673274091023,-9.48038101978874e-05
-0.00907973858082739,-0.00923217180121739,0.00469312692975378,-0.00248444887550475
-0.00557011907187317,0.000224491614698899,0.00426867478534787,-0.0035100902950468
-0.00335866202842245,0.00796116149052012,0.00186753474531946,-0.00166187633739069
-0.0120627721105434,0.019699893746413,-0.00305718823023327,0.000978468348233273
-0.0279973831847446,0.0370851863151228,-0.00976084745595978,0.00191925771824671
-0.0429745031109957,0.0509441842993417,-0.0147180348772661,0.000890510526544712
-0.0744933166869625,0.0427309751204238,-0.0135003007393463,-0.00104988427931375
-0.142746294832245,0.0133392547044701,-0.00793935576450518,-0.00275492838251023
-0.215151383712405,-0.0178072951668166,0.001398096981608,-0.00332821006670477
-0.240203779974412,-0.0350857128790738,0.0192580432711212,-0.0024015908581175
-0.207084809437487,-0.0197649007993918,0.0401175934727162,9.92691412119622e-06
-0.131262556386822,0.0184473590542326,0.0463943883252985,0.00338533269502108
-0.0107506565331508,0.0402808049261922,0.0321694989603366,0.00636766617995154
0.135462585977868,0.0340342191003849,0.0125743276855776,0.00751347382854601
0.232026512131401,0.0313839603195147,0.0070084702054498,0.00677339495848586
0.243059557714456,0.0701963972184205,0.0163570823800699,0.00523481893597061
0.188798989598415,0.129061097139387,0.0174383657733358,0.00303564053379524
0.0835969141275249,0.132071386676622,-0.00065464491876167,-0.000316045937253103
-0.0314020389101823,0.0284278781081463,-0.0198804311285111,-0.00420478398486551
-0.0980359347235371,-0.0999197869949306,-0.0235517921090331,-0.00745126052290738
-0.0984961680476695,-0.109196739977286,-0.0214851459204125,-0.00901701072961669
-0.0529549108322574,-0.0422492686258748,-0.0271166533509925,-0.00816517442712693
-0.0117748945956967,-0.0222260302192487,-0.0235787337061769,-0.00536701750359741
-0.00898465605039846,-0.0248979082067144,0.000324658933218348,-0.00189809052778329
-0.0234900594837785,-0.0041993396868195,0.0223206467776769,0.00145206584361681
-0.0284844527607767,0.0189687939697032,0.0274954569883075,0.00410712634356734
-0.033778251453923,0.0254413793321046,0.0222849043700792,0.00539096284220954
-0.0437474656760792,0.0121385903675986,0.0136318152299975,0.00531434076380418
-0.0408019883328668,-0.00131952476238249,0.00649584439299117,0.00442304514827961
-0.0276601446321758,0.00499390948152142,0.00400303257311689,0.003079759247535
-0.0155515912434696,0.0197919660964107,0.00708311316341033,0.00174177696967664
-0.000964504203651521,0.0347028288912835,0.0147871473389853,0.000721702411754384
0.0200871055817954,0.0490619998756429,0.0214497785018849,3.03019964294302e-06
0.0338330411038525,0.0547515891540176,0.0275793792529556,-0.000339357055146168
0.0253859394288737,0.0500586314383521,0.0348739756786322,-0.000363902048724008
0.0166418994376777,0.0344984247386284,0.0336308356752281,-5.6073162264049e-05
0.0339442637953958,0.0132083183538178,0.0223634091774775,0.000450812534446473
0.0580567115368192,-0.00275189524464061,0.0104336672018157,0.000623779935736303
0.058226685911161,-0.019525081492405,-0.00493840419565838,0.000207044625526628
0.040393166915943,-0.0369273275378542,-0.0271259522877541,-0.000776677376605672
0.0251490423346016,-0.037992417967663,-0.036292594848147,-0.0021785876327611
0.014769202598514,-0.0346500547851361,-0.0185016385796372,-0.0036729182924617
0.0137898514209019,-0.0449629437129607,0.00489403929717537,-0.00460597899264905
0.0245302988499095,-0.0597955857812441,0.00717433369478142,-0.00471957686402206
0.0375880519152955,-0.0791027116641123,-0.00783249717414745,-0.00485329042985593
0.051903933932502,-0.0952474660652022,-0.0148698381174085,-0.00500560060441142
0.0582967908504441,-0.0824261390518448,-0.00481780421271977,-0.0037655399175486
0.0526302046046466,-0.0436771396843117,0.00791871611637094,-0.000895842803061435
0.0608332158592676,-0.000364656269844069,0.0126360077415525,0.00233350535919075
0.0781591716330941,0.0358851477698972,0.00978988272344459,0.00478735448750413
0.0576926207426622,0.0618844414212281,0.00244054234953856,0.00586558497288991
-0.000448832401967351,0.0740093691519439,-0.00459991217281984,0.00542164196340425
-0.0478924849876492,0.0636847090748625,-0.00491310947673037,0.00377527456480315
-0.0691778076491519,0.0336992952640944,0.000139481000005454,0.00171021064428848
-0.0706154071122542,-0.00288600905807086,0.00211633529958623,4.82422039859093e-05
-0.0584342183973054,-0.0358770438509203,0.00440293415195021,-0.000948053602586647
-0.0569937349082897,-0.0507850321721088,0.0143767115971822,-0.00142410116411306
-0.0696534751185479,-0.041123836512421,0.026833593438263,-0.00168129967405621
-0.0529569439890323,-0.0298433602917787,0.0320125623688341,-0.00183138025185103
0.017417758707895,-0.0506702235258182,0.0279481711966996,-0.00136597535235049
0.0768773183703308,-0.0860486620254926,0.0308585097329085,-0.000214884761319991
0.0739807396677234,-0.0718872446668279,0.0493760617085157,0.000511112607243411
0.0578228290900579,-0.0061726406517522,0.0513296073340398,0.000193812297258698
0.0595624520108138,0.044169451898794,0.0164884899005402,-0.000577656269254509
0.0498194457399982,0.0452057571773342,-0.0209820772579738,-0.00136418504912262
0.00655332518307447,0.010759618912296,-0.0257412969123826,-0.00215489227315114
-0.0583564961214976,-0.0313549776607482,-0.00408012503878653,-0.00268901198188425
-0.104816321334413,-0.0443592052845526,0.0149384769353862,-0.00244561933284435
-0.110124671387213,-0.0263009772489545,0.0169667892127613,-0.00136411121930924
-0.0850283585127966,-0.00274386596645736,0.00711630871996909,6.1355885216218e-05
-0.0551639857475935,0.0336702056331633,-0.0130815989519491,0.00164895485389018
-0.0333217326750253,0.0567490423731513,-0.0389796710950203,0.00318144414509779
0.00645204403181843,0.0185932965504255,-0.048499074693641,0.003542750698428
0.0719774321342111,-0.0292768292264187,-0.0334763800812204,0.00181975426747818
0.114939401069926,-0.0229469070775981,-0.0102137892449987,-0.00119094461272051
0.098511265897468,0.0129415437517451,0.0114966451668231,-0.00343560253277422
0.040606654616373,0.0336585473090947,0.0275161243538987,-0.00363970134927853
-0.0137717349514312,0.0289826576127909,0.0324394753954162,-0.00213537365606985
-0.0378179365123488,0.0123126446214627,0.0233722788473126,0.000296211208814901
-0.0362445074499814,-0.0132355259554508,-0.00268441839617519,0.0025060044181476
-0.0244282835504899,-0.0413990924198556,-0.0298844944531304,0.00321865841222309
-0.0151452672356105,-0.0401604925736528,-0.0310959065797598,0.00253019616245577
-0.00717721767373139,-0.0055169381891981,-0.0111744351568156,0.00164748342407712
0.00100629994665622,0.0272697013085863,0.00470571844792616,0.00129817527713585
-0.00566149324662852,0.0369777166903746,0.0105341805414773,0.00123838095295911
-0.0243862990578529,0.0317286608596447,0.0128582340287398,0.000982076592661555
-0.032473045765529,0.0260757393388307,0.0122505548110968,0.00051381659042425
-0.0254522070788305,0.0208723376260917,0.010195257951554,0.00019535247331803
-0.00778962492346473,0.0126183526648902,0.00583783137706297,0.000259313636022634
0.0204280252798492,0.000471838248993824,-0.00506387138061358,0.000505195455132878
0.0484600045279233,-0.0246783452021314,-0.0131556019104473,0.000529981971885351
0.0693662257716684,-0.0700152728026981,-0.00808676829707588,0.0003923016630548
0.086118576611558,-0.111717986493957,0.00292298975159837,0.000508844833482243
0.0881791989421076,-0.113962349765313,0.00446482598083256,0.000830661343555952
0.0650175492211017,-0.0767994000252359,-0.00448207109640887,0.000761203322799205
0.0322604353553833,-0.0296435472584271,-0.0116695253774437,0.000116656244915387
0.00583122258644979,0.00824807911470923,-0.0168769845630912,-0.000423501118756351
-0.0138902848404048,0.0402041419616376,-0.0263831888755697,-0.000265859353912398
-0.0189376600139631,0.0678929110931574,-0.0334186838067901,0.000365678431988611
-0.0155778152975221,0.0833453739132127,-0.0300389893126523,0.000868839928127968
-0.0198683126838738,0.0873258966067031,-0.0209803664605026,0.000865495614430666
-0.0259850770871001,0.0843401202631709,-0.0177385399479029,0.000523363711002985
-0.0227358861472081,0.0739176935428907,-0.0265511657963932,0.000290421190595713
-0.0108392725685765,0.0561745582556732,-0.0379500850460214,-0.000116055369865911
0.000785235652674205,0.0303529200628225,-0.0361744492562911,-0.0015589363322283
0.00635175403864961,-0.000562966700332734,-0.0208673460016958,-0.00390841686437871
0.00462566713192545,-0.0242091797705739,-0.00735665290081459,-0.00539378407444101
-0.00165781861322331,-0.0380851827287534,-0.00128741114527404,-0.00386933378814121
-0.00688307723223933,-0.0488348398384663,0.00430260289320167,0.000524957432270542
-0.00430983026794582,-0.052425841973312,0.00757083223753347,0.00493554119226039
0.0134803105919014,-0.0468847097128204,0.00477105540730565,0.0072422834089275
0.0389672013932845,-0.0404783023061449,0.00280910079282654,0.00772102161247644
0.0471704281300045,-0.0351465889594072,0.00644325526153748,0.0071466411049848
0.0255082209059635,-0.0279472777408121,0.00997066517495554,0.00557795629119718
-0.00732670724084871,-0.0198138756115158,0.0102043145290768,0.00305489046731369
-0.0219063682756053,-0.0096699666796996,0.0105817874061177,0.000445921468929031
-0.0188421600804706,0.00292362938475886,0.00919753821775697,-0.00120333602765221
-0.0191273054198358,0.0115757662612704,0.000954355233531497,-0.00174900058190527
-0.0263134509714107,0.0155092367129078,-0.016033838157187,-0.00171073900837234
-0.0313212180808248,0.0286485701561913,-0.0406360905453148,-0.00181470098903479
-0.0310199098065776,0.0522806125010938,-0.0572066673261314,-0.00247942015547328
-0.0321609258113053,0.0613384290098407,-0.047094717153116,-0.00343288915516966
-0.040507362229612,0.0406119562282267,-0.018006332744853,-0.00440156104630756
-0.053097367926324,0.00786927934806034,0.0114922409988076,-0.00510402892574368
-0.0655471268537833,0.000890783891267073,0.0343833004601645,-0.0051540348288442
-0.0702974513704791,0.0337641920476276,0.0460941682602041,-0.00440607312055104
-0.0612250107115303,0.0593145006783973,0.0413799735923671,-0.00252026271791574
-0.0447993113604642,0.0145595824617476,0.0252313848768464,0.000245341721848972
-0.0196322918698617,-0.0619456387038792,0.0151974519749326,0.00257844483744098
0.00634454323306857,-0.0582641922409426,0.024034448404281,0.00397942276367404
-0.00749860801716631,0.0413721991104966,0.0384766519759482,0.00472347997657705
-0.0506694171394231,0.16171585773593,0.0413640367952957,0.00429250137417676
-0.0618811986602014,0.221808507442047,0.0343017257235475,0.00238855214271663
-0.0239938162053286,0.16840225473031,0.0160789030265963,-4.00613256897418e-05
0.0472210034451098,0.040697801150998,-0.0114920859901045,-0.00206388540638018
0.0982391072385692,-0.0414771417842082,-0.0256190556929311,-0.00344776165988815
0.0750617350361206,-0.061724585152042,-0.0230373659702994,-0.00386366567579491
0.0174806472356115,-0.104261085479413,-0.0328078734290732,-0.00328038931331939
-0.0192338044453864,-0.145286620171022,-0.0516864993776333,-0.00284655081735075
-0.0269420950034153,-0.119093696897541,-0.0467923327483047,-0.0031515238520017
-0.0110411056750751,-0.0448954939796265,-0.0202982478356321,-0.00309037924812291
-0.0086172725516241,0.0163172727279456,-0.000852410754399305,-0.00180362256632007
-0.02515281593919,0.030701566296153,-4.56481870608066e-06,0.000250959439762512
-0.0191803858489422,0.0202906579665665,-0.00678835822879768,0.00204957918035903
0.000674786508141824,0.0182852962069774,-0.000903382944535513,0.00253625134523021
0.00629600083360767,0.0280304726633476,0.0182996897649851,0.00127560969985489
-0.00206552984082778,0.0382583207802359,0.0275170156581837,-0.000990133254885655
-0.00906525073556477,0.0431429009271401,0.0234524262520798,-0.00273490559897673
0.0020220379070967,0.0420244700061255,0.0206416496907623,-0.00263517219702809
0.0248698510392252,0.0366709857283631,0.0183231267632457,-0.000733883268920948
0.0308727522945131,0.0292718954280133,0.012425897213835,0.00152616421304829
0.0178661997524188,0.0218462125340214,0.0084165313140483,0.00264750514834504
0.0202908472125121,0.0184928181152089,0.00759162907168555,0.00236561047045651
0.0418300058349405,0.0224178434154352,0.00212724579017746,0.0013352047245068
0.050139176447916,0.0228307630856397,-0.00968671557360148,1.68354850830299e-05
0.0333860480277939,0.0132203859043261,-0.0168589978824102,-0.00135847819592843
0.00807196988532395,0.0102181269498912,-0.0134556697858444,-0.0022612701706036
-0.00438686583961317,0.0200330816174569,-0.00595797175518495,-0.00198473798446082
0.00184461813879768,0.0256638749696876,-0.00218788483502116,-0.000659309572643698
0.0130604454650878,0.0170995139231057,-0.00359128991375089,0.000409514430732576
0.0197290430532005,-0.00660181366133569,-0.00996910536530073,-0.000235161358036121
0.0326307261822475,-0.0504977394514108,-0.0190811474052735,-0.00310905617083101
0.0546018460637382,-0.0871252396538201,-0.0234222392618532,-0.00685776729891224
0.0651243927215345,-0.0714259538396943,-0.0203252941981185,-0.00908387660414029
0.0539034801882046,-0.0200237661398883,-0.0129178461372319,-0.00851468989891855
0.0360551178365659,0.0181082353446187,-0.00337840896823178,-0.00521825028446292
0.0293834620272737,0.0257561524386357,0.00468891165253539,-0.000113403186530192
0.0270491569564121,0.00816849787340498,0.00641619771623594,0.00508706795790672
0.0100660189521774,-0.0158692909636652,0.00552981989072538,0.00879173338599303
-0.0174527192318357,-0.0262491032812593,0.0086655284016192,0.0101038789612709
-0.0378473788594224,-0.0198696965345028,0.0132974769448366,0.00898046433275214
-0.0374886553379282,-0.00463507710917939,0.0134297309787538,0.00688365228687114
-0.0182541169217429,-0.00480781838197469,0.00642817871776062,0.00557286259165736
-0.010242142690404,-0.0296128721648411,-0.00284660936357205,0.00502588386235691
-0.0229759023136089,-0.0330173354185904,-0.00166671716313249,0.00422346926190632
-0.0151826560735738,0.0092632219286022,0.00614227742195027,0.00281098291076613
0.0275352128876837,0.0470984530118967,0.000301337495890763,0.000904395779859531
0.0446574884823729,0.0471508887913146,-0.01567527136804,-0.00190184054827653
0.00659870372574977,0.0426883463635814,-0.0192050933941073,-0.00578048695573562
-0.0242663167881107,0.0546170075860496,-0.0081033076058173,-0.00891666711339141
-0.0196731756525,0.0546031331746689,0.00211615047835126,-0.00902086414024569
-0.0119893059134113,0.034476369231778,0.00564138158121649,-0.00617468371567932
-0.00707723287405151,0.0188168715877499,0.00481800716627632,-0.00231004733760915
0.00589816468518659,0.0051920714595275,-0.000237893304284507,0.00114087145038835
0.028164822403019,-0.0278210491247457,-0.00801586143429229,0.00380578381864038
0.0394544296230466,-0.0703839179787309,-0.0114392703265622,0.00527597877015602
0.0221036599049975,-0.0863999860539572,-0.00526179746390788,0.00475557843990008
-0.00452697393469086,-0.0669770439837684,0.00528483228719565,0.00242792667054987
-0.0213204670051792,-0.0428082571960723,0.0121967642556751,0.00033215576927911
-0.0268857546262202,-0.0304752352924909,0.0136034273721241,2.15544256256448e-05
-0.0194557212678049,-0.0197563245184128,0.0114864665852133,0.000658594478827999
-0.00899998661261302,-0.00737015437773962,0.00777605955070461,0.000827845052193053
-0.0108676205706786,0.000359743489654674,0.00218094171029439,0.000370098617472778
-0.0200833645263973,-0.00202521186684729,-0.00353722111018257,1.47354142864425e-05
-0.0264597266127384,-0.0104185613830856,-0.0038203475227412,-0.000214342809342104
-0.0267075663516236,-0.00837919518068004,0.00126417934502441,-0.000445387452949688
-0.019725677945148,0.00198170177858063,0.00455450858266085,5.24231296252313e-05
-0.0101128039001923,0.000935670313529629,0.00752765247657301,0.000848459845953443
-0.00182184180810693,-0.0117065488454723,0.0196140002835339,0.000949083564763103
0.00619533801518771,-0.0220120802066,0.0378214505489881,0.000936295558215983
0.0123430738321867,-0.0233715241444451,0.0519578529354688,0.00148889143689225
0.0152563737961017,-0.0230462803111541,0.0581316277612283,0.00235860368832739
0.00943897610119417,-0.0267456371217435,0.0551990980072396,0.00314289267338873
-0.00685440147165471,-0.0308160550174153,0.0422578199616671,0.00307450008498693
-0.0228292957153902,-0.0258801612657002,0.0214603537408239,0.00163164327646273
-0.0391557119399907,0.00394266715948087,0.000522348427038327,-0.000316299803839219
-0.0520462393060422,0.0443448146173216,-0.026272004258191,-0.00157548468721139
-0.04990993237936,0.0344405016985715,-0.0720397841033081,-0.00211826253651428
-0.033603699637308,-0.032375741622131,-0.107820055556254,-0.00307497105044522
-0.00380454658019078,-0.0699592265303073,-0.0917952283475049,-0.00449031662013193
0.0307081638682127,-0.0436488177314089,-0.0418401023647068,-0.00465092674254461
0.050587433132354,-0.00191029856277106,-0.00621115757114891,-0.00302448257608794
0.0591250039118543,0.0249185155566347,0.00635132861334405,-0.00102804994137777
0.0693840014650737,0.0297934134081555,0.016646638062945,0.000312011036810386
0.0635258119171934,0.0123427927723335,0.0289615250156681,0.00120284222169356
0.0308564333527753,-0.00802447565553838,0.0318189487766396,0.00179770684491326
-0.00375236835518973,-0.0130430438721385,0.0202626806858363,0.00204807870198739
-0.0232982466035831,-0.00625905361882335,-0.00170561149580262,0.00183938776702664
-0.0315859274300268,-0.000152985757501584,-0.0173372105674963,0.000781293571134612
-0.0326818671897436,-0.000139937657275269,-0.0107175574966427,-0.000372458677126274
-0.0282308963492033,-0.00296013637691207,0.00548367437244337,-4.2314238192049e-05
-0.0255096270937156,-0.00282189659557793,0.011348765171341,0.00150730472306848
-0.0279808084496083,0.000313643834756894,0.00862056198220319,0.00249745388491203
-0.0287789452339474,0.00044298125455536,0.005829710143258,0.00212770882554809
-0.0222484289871181,-0.00408676506870045,0.00403062416100018,0.00106713673036817
-0.0106266837088943,-0.00829604312786081,0.000530056125703813,0.000249740574527866
-0.00185360289258074,-0.00837374600424167,-0.00603357764034988,-2.28197553025587e-05
0.00307116501933001,-0.00413450583614852,-0.0135588893545408,-5.91046006584264e-05
0.00887983893045953,0.00167448835381356,-0.017094222892743,-0.000447828395698856
0.0150430458061129,0.00859356025429362,-0.0139868069408171,-0.00142227584353954
0.0140269563483162,0.0193003899654543,-0.0116103846863403,-0.0023025875754204
-0.00155849827671456,0.0303367217775247,-0.0160348372612237,-0.00215921799827844
-0.0214944711328934,0.0367788724407703,-0.0222359720605503,-0.0010263880514298
-0.0306207231190423,0.0421878883816756,-0.0261297688682677,1.9449078460114e-05
-0.0287513878681955,0.0460779419607281,-0.027541901499977,0.000220611137668187
-0.0132314660827427,0.0419275627396141,-0.0259289986841605,3.00952626951574e-05
0.0119184439938583,0.0351625419553243,-0.0230960732699671,0.000214536588456928
0.0189355336749896,0.0285772671782315,-0.0209617426084626,0.000818727001123024
0.00262110612007478,0.0172939494609705,-0.017878072824813,0.0014044167649946
-0.00954607069383959,0.0105469970973193,-0.0118304814637778,0.00162796659120936
-0.00310709277513568,0.0154343747258518,-0.00440341627860678,0.00153281387083938
0.0119751978500941,0.0232587166486126,0.000598333272383851,0.00156347655633886
0.0132821079032766,0.0260326085895891,0.00212954935604909,0.00219919291187169
0.00586489828335289,0.0205927332956136,0.00213208097245398,0.00319643500202842
0.0117428585811724,-0.00630363401720792,0.00071462937203589,0.00343306970399248
0.0194964902335734,-0.0516425926700388,-0.00153917350951768,0.00224987744912062
0.0160789917606001,-0.0647545125948936,0.00216794781477258,0.000322078649648805
0.00879047429796648,-0.0226286518340079,0.0168291401108878,-0.000934568884816158
0.00402055802254905,0.0240023037533495,0.0296139911720718,-0.00071880260096975
0.00143694332815047,0.0383640075638346,0.0254430645948531,9.44469395097123e-06
-0.00184351793984662,0.0433974331350221,0.0133752299527746,-0.000636850461520136
-0.00521999034739547,0.0563563765931827,0.00738228061321099,-0.00280529619612732
-0.00702271151145156,0.0598905290931452,0.00578523285499248,-0.00422025659323897
-0.0124604402257771,0.0389248361653649,0.00587708373964376,-0.00356064837526326
-0.0319208414361506,0.00612332903456967,0.010771626866653,-0.00260111826523393
-0.0610805621841684,-0.00622597234056341,0.0214699836140949,-0.00297097847473516
-0.081912879776925,0.00939698090962878,0.0310816652414139,-0.00332030512006025
-0.0806413925786757,0.0249607430815788,0.0251358080313507,-0.0017573433627674
-0.0526956240437732,-0.00108362782294034,0.000867917272028153,0.00111122137274811
-0.00844560284530745,-0.0643654881102217,-0.0189980153408452,0.00325881030389128
0.0390239452187566,-0.0920738299274234,-0.0155070725066032,0.0039529591912073
0.0763525880952737,-0.0729297214460093,0.00204939174029534,0.0037563784008562
0.0819322702208545,-0.056269984546704,0.0155595556768605,0.00298239998169609
0.0537344855630465,-0.0414425236966196,0.0155628653058984,0.00177688384704976
0.0201553217348665,-0.0198239084936569,0.00584229457950068,0.000698167183758204
-0.00272346257474811,-0.0014780235946259,0.000680957492374708,0.000228892845012483
-0.0236497662850745,0.0131802340751276,0.00754403762563591,3.65964693124408e-05
-0.0448983481360666,0.0263022249738518,0.0198461431956375,-0.000572758585936558
-0.0501808618062679,0.0335777339523337,0.0292693613810854,-0.00172701592997022
-0.0160651856913022,0.0240209541578233,0.0289069224353451,-0.00289057379427675
0.0319100986245463,0.00318884737206732,0.0162426372157065,-0.00369850059443901
0.0347823380212553,-0.00807472087992233,0.00429282816393207,-0.00437193743039562
-0.00304791033315815,-0.0133853305448901,0.00376846874191927,-0.0045946437085703
-0.0330017473234869,-0.0286754951914244,0.00680333420397948,-0.00377088190649414
-0.0353446379006287,-0.0584295577915007,0.00381010331172958,-0.00247587908170272
-0.0175724954368675,-0.0896340083606339,-0.00130734316846605,-0.00173790927439381
0.00247413488978556,-0.0924568563241908,0.000638968713379234,-0.00132567411074711
0.00460137696322477,-0.068526627738277,0.00788628139136946,-0.000210149798753569
-0.0102496663479188,-0.0458127890868831,0.0167957960498736,0.00170996217544695
-0.0303282086716567,-0.0205400830964649,0.0262087129875397,0.00331421680443278
-0.0522392608588781,0.0212308762814915,0.029981335389177,0.00372207212598335
-0.073183239231473,0.0678072530573807,0.0285981012652565,0.0032324042330233
-0.0778127760991645,0.0933753874930343,0.0241084651889644,0.00249974724282824
-0.0305845094727503,0.0723696579904907,0.0116830991864574,0.00172965096757029
0.0581977029541153,0.02053386169562,-0.00194551077757989,0.000284068931148002
0.0967899117752911,-0.00394212772137754,-0.00106909049542725,-0.00206886530482077
0.0496271025941386,0.0196041454662773,0.00902833567752637,-0.00407789671674838
-0.00997983143814237,0.0363305547931582,0.00846929978203606,-0.00500518104316298
-0.0393127055522132,-0.00308369314398078,-0.00143081370471149,-0.00506645744139737
-0.0619163076674637,-0.0526655032379381,-0.0051238985662843,-0.0042326744515915
-0.0891688120139042,-0.0378738183336853,0.00242345050093848,-0.00266856603066542
-0.0919969789168981,0.0285135003474416,0.0133051789071108,-0.000383029309804918
-0.0486458056906596,0.0711557593779364,0.0148994094014083,0.00306326988920312
0.00859457935980509,0.020207355731676,0.00655664647635147,0.00703913962821004
0.0404971580945722,-0.0920199282824018,-0.0114628619241952,0.0090678148186577
0.0383319113041031,-0.1322183091512,-0.0435186817556079,0.00661313129425725
0.0215296914564053,-0.0757211857205077,-0.0676915906635543,3.72655252063696e-05
0.0139947068720351,-0.0108890370261788,-0.0522077101384252,-0.00683319179862098
0.00205750518749603,0.016166638153727,-0.00397275366574132,-0.00985207637936605
-0.0236137812833481,0.0306772214733733,0.0398260322719128,-0.00815670934227524
-0.0248547233561136,0.0543969565441796,0.0549963200573582,-0.00375280742068598
0.0176691980137601,0.0596891153575972,0.0434894346683529,0.000895555810329853
0.0535110331950312,0.0283395736176892,0.0205864333475921,0.00388053907947743
0.056521252979108,-0.0256681809289226,0.0038269324240973,0.00433653704764565
0.0513916318134218,-0.066169871286798,0.00171375892223341,0.00292618388420398
0.0319225966352605,-0.0691703734283036,0.00833967332465436,0.00148143616451227
0.0106722252042858,-0.0528447348164401,0.0143918656529393,0.00121293082461612
0.0272197051977238,-0.0335731473002818,0.0177028611893022,0.00192439011722184
0.0610847796330293,-0.01179160491187,0.0193774448903618,0.00276584397715427
0.0628169832292181,0.0103125167035537,0.0198145025908204,0.00274311470236507
0.028877832876346,0.027871191034896,0.0137836494507503,0.0015561719264641
0.00285649119261619,0.0348142762764192,0.000707809186534299,-9.37965376708585e-05
0.0138198293891068,0.0334484684427944,-0.0114095208603176,-0.00171519366571387
0.0367437001714859,0.0326952103188797,-0.0249409220818017,-0.00306698824903982
0.0311017216414706,0.0364072562465151,-0.0384579695845736,-0.00385747461445527
-0.0078040344590283,0.0360460470214285,-0.0392770749110054,-0.00431338827466506
-0.0383883285931904,0.020853332510107,-0.0372216511597864,-0.00439920673383762
-0.0188150961728694,-0.0088369619314177,-0.0488952831997526,-0.00351642157714815
0.0360935866687719,-0.0401173984887413,-0.0525304119854716,-0.00169766162053901
0.0786260496124576,-0.0554775546086772,-0.0278918562953011,3.20718044632936e-05
0.0930498352083683,-0.0514729433679538,0.0068320505651597,0.000668340928796243
0.0932435072472087,-0.0430784285231022,0.0296726151243271,0.000371572556250683
0.0882152232272944,-0.0397218491223807,0.0372740359680624,0.000373140365802984
0.0755378410834285,-0.0323038342812855,0.0369678440761533,0.00120429551929981
0.0476946027906264,-0.0133681806203711,0.0295082428202531,0.00221980653725155
0.0207096698715424,0.00234969708097509,0.0125859108917487,0.00296912095353023
0.0227989628813844,0.00218498642852237,-0.00784930539586636,0.00343102797496758
0.0441095907715974,0.0023959855722164,-0.0237573319381637,0.00333080639345289
0.0534484727871896,0.0134193370482537,-0.0301899805755733,0.00188940288304235
0.0371399826730043,0.0236867209614395,-0.0306814759210138,-0.000678537061810961
0.00468517544532368,0.0244071190181978,-0.0279425126023192,-0.00262720188111463
-0.0152869599429879,0.015996346099443,-0.0156585544220601,-0.00290218370429779
-0.0122737058668873,0.00184754781288742,0.000157344934031592,-0.0018856903236751
-0.00965226470323195,-0.022881375584886,-0.000816991196105126,-0.000653608770132294
-0.0134977465842507,-0.0592051834599423,-0.0174884742734209,-0.000380072718052627
-0.00744012556526095,-0.0780521817402386,-0.0213701302909943,-0.00109271281883656
0.0116177378517091,-0.0529400343163854,-0.00533626114855907,-0.00161734972994035
0.0322049137950857,-0.000375793171821626,0.00794617666724896,-0.00130216566349487
0.0370378554843041,0.0494237545706958,0.00383321666001224,-0.000548521561868716
0.0173912466580971,0.0819441499871817,-0.0161646909005781,3.63151151679605e-05
-0.0114801199667828,0.0960568831629288,-0.0356729281590224,0.000191187963367097
-0.0270974920282698,0.0990208942988403,-0.0358691443601271,0.000403080888637763
-0.0263738892969644,0.0967892730498442,-0.0213241350773215,0.00144790579410276
-0.0178422247206831,0.0895565703326986,-0.00881850094293145,0.00303374370042143
-0.00729921653836209,0.0759752626390663,-0.00311201484376173,0.00403660254335079
-0.0071974578201269,0.0607350098603129,-7.63266974938073e-05,0.00376662119117223
-0.0269950491257505,0.0514130766332974,0.0058882108081069,0.00229588066357281
-0.0488477800678639,0.0414685568179879,0.0112984888922028,0.000545398497809112
-0.044879496160137,0.0181940532429054,0.00594461548407685,-0.000502509229561305
-0.0197811761048863,-0.0300657789129772,-0.00898170961927136,-0.000837998430724572
-0.00696730409166468,-0.0926163707617867,-0.0213051533246427,-0.000987769901805962
-0.0174540858153206,-0.114600261350349,-0.0190355492762728,-0.00117472393204198
-0.0336065942608146,-0.0747888536357964,-0.00577227811903521,-0.00124960681520342
-0.0425407774761021,-0.0211496053224438,0.00415987578368761,-0.00112654597159236
-0.0435674468638203,0.00370663218036209,0.00812842041870833,-0.000792233925142663
-0.0418367571397527,0.0028641977952007,0.0109965187573313,-0.000228908647384078
-0.0382319748047176,0.00377509231465009,0.0143463287242875,0.000507333526029181
-0.0298122302451175,0.0205251604670888,0.0155116144682476,0.00145269833615733
-0.0249481100983066,0.0463139701351241,0.0106472140184658,0.00248880778435843
-0.0333588367341257,0.0695129117105416,-0.00105441260117761,0.00317885819904559
-0.0445402751484365,0.0823172470339712,-0.0164865403726534,0.0030246525059238
-0.0385100100216363,0.0779638973630903,-0.0254008956969089,0.00200062892213342
-0.0177045556826476,0.0530419391105255,-0.0228336413991397,0.000766221477783132
-0.00738463912360476,0.0281539521375026,-0.0161887571536024,-0.000196562590638393
-0.0170892536013437,0.0204801896510733,-0.00975429062521154,-0.000851962582125092
-0.0193214263051595,0.0158975198449567,-0.00423264975932518,-0.00108070071208713
0.010850108626276,0.0079567481409601,-0.00437835672910217,-0.000641969260311847
0.0398741451550354,-0.00012504850044831,-0.0100472685662346,0.000237803963777021
0.0250569358490678,-0.0121234784598926,-0.0123648659475194,0.000771701498428445
-0.0127334844522459,-0.0232092113172718,-0.007184338173265,0.000870602969002063
-0.0368820345529654,-0.0298656940956384,0.0026021499860826,0.00130334174725306
-0.0415998654977546,-0.036088558024787,0.0111278432001193,0.00236999254833213
-0.0349652931073791,-0.0426409395287764,0.012319295735104,0.00327622243086155
-0.0256903520940259,-0.047870790793339,0.00952745171368096,0.00268297497227207
-0.01835864280689,-0.0389943321682367,0.0111889810585792,0.000475380227045713
-0.0243950752018759,-0.012900094105866,0.0180731380986075,-0.001522388311818
-0.0524596881799654,0.00957763692600811,0.0224035224731757,-0.00155526027279736
-0.0772447335096405,0.0234001489402088,0.0201829342604335,0.000274319111998973
-0.0748156350931911,0.0365121816183498,0.0160223825872672,0.00252438506363183
-0.0523595894074425,0.0435932293488774,0.0117144798597991,0.00385214050540516
-0.0215750267205916,0.0379488232241079,0.00353584841648315,0.00403183384784201
0.0199222501201025,0.013229663142702,-0.0119350413581085,0.00315133616049762
0.0734680264699301,-0.0250474060748167,-0.0285645241571218,0.000805785137332225
0.101178722494306,-0.0526821098394585,-0.0304843384529794,-0.0026533908438493
0.0786249708668684,-0.0475097378032491,-0.0148241698255284,-0.00579171930949729
0.0382544686250954,-0.0102564860092526,-0.000986907072172513,-0.00737817117745549
0.005762385043283,0.0240642922716384,-0.00336113063819253,-0.00733252293015912
-0.0167534600900998,0.0316510636119113,-0.00991057329192285,-0.00617777962436626
-0.0286990532193838,0.0268773987015971,-0.00676823526257031,-0.00378209881745016
-0.0313357107367553,0.0243497168072677,-0.000829032051284626,-0.000177974051654397
-0.0274430908406331,0.0231249360104479,0.000358639876228039,0.00328855982690604
-0.0190360286829285,0.0131207099382123,-0.000411081427462009,0.00545071768918439
-0.00926108341114887,-0.00822029970896402,-0.00318368100276518,0.00606962284931353
-0.00523195797363813,-0.0143269698983971,-0.00708609692975377,0.00480408630465028
-0.00827689786020005,0.0140221193472687,-0.0058156826755901,0.0018266177504312
-0.0108524437297615,0.0518994738023879,0.00121463261755333,-0.00129873613619623
-0.0137698528273462,0.0680524197653365,0.00788018372553055,-0.00269521438314984
-0.0175605671435355,0.0548432112874019,0.00923045335808666,-0.00195256629485209
-0.00571772430860658,0.0206508111973712,0.00704671777867805,-0.000311053197112024
0.0233691763062597,-0.00757217724651296,0.00567068033590997,0.00097995321756579
0.0362751765509762,-0.00479245016019163,0.00631468359321153,0.00131618452313261
0.0215492361676414,0.00762755015188617,0.00571784126274899,0.000726821398340036
0.0132415169290716,-0.0234156517646304,-0.00253820546655822,-0.000507994899887527
0.0227109434771399,-0.0915559687556157,-0.013826638889191,-0.00257435425337931
0.0258837712601028,-0.115160559453546,-0.0154033770941143,-0.0051014912457823
0.0207058451877973,-0.0653249605958565,-0.00306845926414545,-0.0063217066405771
0.0149433830436654,-0.00292170649524379,0.0120037805670102,-0.00445028906756407
0.00199992568637883,0.0267761533757544,0.0120838250346683,-0.00055203022094962
-0.0108232294051092,0.0236258110656553,-0.00244837059618979,0.00197149066046077
-0.00840356563354121,-0.00103353303353988,-0.0121104075646949,0.00163056908055692
0.0066967803213512,-0.026056442426792,-0.00663912748227714,-0.000326112386926112
0.0209468649895509,-0.0350237746933354,0.00288020734671739,-0.00209899285813962
0.0294697383549883,-0.0282612774645094,0.00353295792184733,-0.00310828104406116
0.0351307228039531,-0.0182487981775391,-0.00158176347326664,-0.00390827984803138
0.0378007962681439,-0.0113423445334774,0.00117314751841109,-0.00415359811388733
0.0317137728050157,-0.00102645476882329,0.0156263815623087,-0.00248075802626783
0.00956068584071985,0.0143869978650497,0.0371740455173235,0.00112316665631373
-0.023383945670179,0.0383650699949693,0.059037918004215,0.00492956544565035
-0.0519392000022773,0.0718197894367823,0.0686036098659365,0.00737086626357727
-0.0720604311305539,0.100094725959599,0.0622446133589733,0.0078614417959952
-0.0825180742082727,0.106755537784264,0.0508170815047135,0.00652077589086117
-0.0722331750990503,0.0825007854546989,0.0407334176095941,0.00382346133632646
-0.0438057992813181,0.0493819138530817,0.0206676465668034,0.000470195337475228
-0.0190156306107926,0.0260734169355265,-0.016214000358504,-0.00261699244352264
0.00425971586322395,-0.0306942531089857,-0.0527440944384053,-0.0046524126467464
0.0360953626719271,-0.114349665817041,-0.0751699271161491,-0.00554535113657639
0.0485722264803853,-0.151817391305769,-0.0804335475992722,-0.0056460173803095
0.0301302581366119,-0.148045001682631,-0.0671584340794634,-0.00491279258692172
0.000735132954879328,-0.142725136901063,-0.0396217267464469,-0.00340633737634894
-0.0349595816552598,-0.123784242629626,-0.0019972181959631,-0.00156258028712831
-0.0584660793155495,-0.0811514782695751,0.0339902884774859,0.000767004399785656
-0.0428286953265956,-0.0386512146560549,0.0493856484231999,0.00386157793717549
-0.00720298473395086,-0.00988555787371032,0.0419341821462525,0.00656420339037723
0.0173826128077728,0.0177072456032834,0.0347556292252924,0.00740341101533992
0.016926601759802,0.0495315371664181,0.04242585665371,0.00687846483887335
0.00480986932447689,0.0653386338969834,0.047753972143722,0.00615766041924843
0.0243177024295345,0.0491046223726752,0.0341990052668994,0.00510284644929169
0.0539775507568752,0.0291385942750738,0.0172938989149392,0.00281295015683428
0.0183242133561288,0.037972831719086,0.0154542408042416,-0.000948732683053731
-0.0769671885487565,0.0499132344337369,0.0149501410735852,-0.0051866739584233
-0.154852851342642,0.0251793043828991,0.0022051583254245,-0.0079415401217989
-0.159284158417092,-0.0117197231614055,-0.0120063780126593,-0.00722562091040217
-0.0944144255974003,-0.0182016598981804,-0.0184535485962539,-0.00314632623284969
-0.0156823509926434,0.000430983488094965,-0.0176320556021921,0.00176305448515835
0.0384717881437822,0.0250426926092885,-0.0162013637746938,0.00512507356226444
0.0808798782327902,0.038457443644874,-0.0262986797981126,0.00621149235630327
0.112907481597182,0.036204720807157,-0.0392922999935202,0.00546113777839634
0.101588420944146,0.0453030066054102,-0.034915820979473,0.00369249133333323
0.0477658700698104,0.0773462899484621,-0.0219912546402073,0.00174088264516467
0.00675643357926969,0.084425620616832,-0.0231823768360922,0.00030502780089641
0.0251663616101539,0.0249566237883586,-0.0373951999907142,-0.000556479211575391
0.0716819364857758,-0.0536370282462407,-0.0416509711023567,-0.00137582294706104
0.0815738980375172,-0.078931873375679,-0.030231457940956,-0.00243066113662606
0.0404765539179473,-0.046342360506892,-0.0195545147402076,-0.00320154553389169
-0.0188816585506268,0.006096409434778,-0.0125527480906485,-0.00328781569857863
-0.0535245435366148,0.0489523285677834,-0.00201114812344279,-0.00289756474194917
-0.0544839000391185,0.0657635304886219,0.0076827521158992,-0.00187261794952795
-0.0289843264544425,0.0483748409494582,0.00872164158184379,-0.000315185711736743
0.0212661852754647,0.00150103957496862,0.00585846787617342,0.00073405996269467
0.0638243864305258,-0.0398091286341112,0.00921776284387537,0.000698733545999651
0.0615537842460456,-0.0378933735916186,0.0181973959877758,0.000251730054079035
0.023698546862523,-0.0163288016203823,0.0197753964733453,0.000482032590739532
-0.0105496219372939,-0.0327059009121055,0.00515734436152923,0.00144563564997409
-0.00897043408010146,-0.0797854207535194,-0.0123823734100762,0.00203399896898809
0.0193836198199868,-0.0886807906562514,-0.014356106087776,0.00163505251291289
0.0321277028941111,-0.0337583950428725,-0.00155455840943964,0.000759073801894518
0.026159804104383,0.0395593219407256,0.00904641285373695,-5.71054331925411e-05
0.0387894705629462,0.0796140576542417,0.00352496545930625,-0.000788610092287887
0.0745778132640224,0.0793860363075348,-0.0102690595746807,-0.00151915338770965
0.107655987021389,0.0603338383982231,-0.0164804583014446,-0.00216789275739187
0.123231406525454,0.0318852836410278,-0.0155856726489032,-0.00265338243808107
0.120664705278677,0.00219402873465922,-0.0128203274475976,-0.00301923464418513
0.105991828931603,-0.0167403649917875,-0.00858907994189615,-0.00306152087047155
0.0807316392133515,-0.026833552370656,-0.00732818647084572,-0.00251149761894483
0.0415621679972037,-0.0306484827012479,-0.00800691011468427,-0.00167944199605221
0.000337714088034055,-0.0286544367803634,-0.00479665721914246,-0.000840650949280116
-0.0320693955506999,-0.0254467430644262,-0.000125250274688888,0.000197135555942352
-0.0655785898564409,-0.0216231442681208,0.00444208311444041,0.00119059946498816
-0.0940409036910213,-0.0139184597647029,0.0108273028848117,0.00154046897418858
-0.0875726177751723,-0.00539808881594093,0.0154045747104586,0.00114818926166546
-0.0457255327588027,0.000587181185011092,0.0134663422319311,0.000494366699768821
-0.00101833681447497,0.00676246563203724,0.00650951344605558,0.000157544261169319
0.0292077324713969,0.0121878805460137,0.00730728550536524,0.000276315562916615
0.0454946990551205,0.00988785519681688,0.0262279230641117,0.000605844419668695
0.0536968348438885,0.000980981947752049,0.0495221090586938,0.00108167251399971
0.0565288623280593,-0.00707371755954442,0.0587473694508254,0.00146584170010126
0.0541322455612263,-0.0180734869844403,0.0549683631531565,0.00104464718795415
0.0525672692754922,-0.043760194502859,0.0420466132576359,-0.000417094242061492
0.0469716289153734,-0.0806591699546405,0.0173608633017671,-0.00245423435930113
0.0273768298929224,-0.121078347527873,-0.00567066037132115,-0.00458062899570954
0.00406220616023156,-0.152431347691986,-0.00837290164408924,-0.00585543620221068
-5.17691980305053e-05,-0.133170844641716,0.00131473787282508,-0.00486323471085989
0.00548622700138503,-0.0860118001634487,0.00672480263008316,-0.00183364961285146
-0.0183342170188372,-0.0668456457553286,0.00698796702325087,0.00129277426164058
-0.060714535308797,-0.0448162617184304,0.00204574683338556,0.00322778782276983
-0.0704817449779025,0.00155123511250499,-0.0138232029288697,0.00378226478399822
-0.0406984799526814,0.0333982644289025,-0.0308395746991217,0.00291698677650714
-0.00480149256558407,0.0361003270877251,-0.0320346995261586,0.000864500492400276
-0.000205849295869916,0.0373860673041196,-0.0181770103612982,-0.00105210725524339
-0.0349969611006411,0.0549193892692405,-0.00283850471467884,-0.0014503786772977
-0.0666740525507356,0.0754263197796326,0.00491958563941531,-0.000606846287970276
-0.0530451509400898,0.0756461793981591,0.0115461480849806,0.000293578072563457
-0.00582689918197887,0.0523776808404755,0.0225150344843104,0.000753241412144903
0.0323645956094595,0.0232096588757536,0.0283311510314835,0.00117894818147504
0.0428759791569621,-0.000727852058888936,0.02399184713183,0.00166464377529444
0.0243614296197767,-0.0156027762827043,0.0223055260876286,0.00149403026117435
-0.0142329377287214,-0.0218244733136056,0.0292283916224546,0.000851171816409127
-0.0485337426329639,-0.0205429019318994,0.0339634795815932,0.000764161579933938
-0.0682286878256612,0.00102390339765902,0.0305537607344932,0.00113527299628838
-0.0729230705842846,0.04224240126331,0.0216002524139603,0.00107526458147896
-0.0588072818088822,0.0494952730958721,0.00605495490275589,0.000251335683469294
-0.0243176262437972,-0.00525993735534264,-0.0166331319011023,-0.00114850210325324
0.0215805238005866,-0.0510808165961733,-0.0324008988379542,-0.00254832161890922
0.0475836187957707,-0.0307492683963039,-0.033583210570691,-0.00281461960811781
0.0326817875952236,0.0168532508510764,-0.0308687371592576,-0.00173545540521962
-0.00256756582684518,0.0337998151876829,-0.0335120471766311,-0.000561865936887519
-0.0315959668213182,-0.00085939917372245,-0.0355831764350404,-4.76628402317765e-05
-0.0464590493374319,-0.0698183914159749,-0.0288090414438315,2.69386213688641e-07
-0.0447144208277232,-0.106062299041551,-0.0156079629331433,-0.000221361035634708
-0.0285364809132222,-0.0633414866608083,-0.00151262207104864,-0.000441512890848729
-0.00898167061222577,0.00730649302871116,0.0126243627179621,-0.000193551734645311
0.00309245943608562,0.044368475771767,0.0287942656739755,0.000729581915778976
0.00142425397781471,0.0569988167815743,0.0366746775496772,0.0021322529555032
-0.0123874392278108,0.0749052151633678,0.0270032677775048,0.00298350361734303
-0.0283543129511148,0.0939594354486185,0.00808836265729197,0.0018353511679631
-0.0367841228930074,0.0962212479172483,-0.00753739224076028,-0.000891119167430296
-0.0403819536040965,0.0734185839740333,-0.0133705265799763,-0.002775830349364
-0.0451232017044978,0.0247992235767856,-0.01559574722822,-0.00265868556437103
-0.0430176199875198,-0.0167600283662923,-0.0288400568779459,-0.00165593725020273
-0.0268558678158901,-0.0168072923397228,-0.0416322580806781,-0.000637451663431275
0.00166292282500537,-0.00186288696855028,-0.0310190566616879,0.000439460873219508
0.0279550724549818,0.00168969883664109,-0.0107394216933509,0.00160362680290354
0.0218378941203314,0.00959095833197497,0.000517038172745843,0.00242421687941037
-0.0149918513849952,0.026540207516589,0.00669695081299114,0.00213830226699978
-0.0412495521863978,0.0386947965401455,0.0127178205172892,0.00101169973178962
-0.0404359195497162,0.0378857039061679,0.0197040060632584,-6.98022258176657e-06
-0.0259751552567479,0.0389238650152521,0.0278598650706523,-0.000528885638497825
-0.00859020561471848,0.0519735716796819,0.0306866221501194,-0.000358109078315572
0.000883157799142803,0.0464804031651618,0.0173478447208012,0.000488389768953231
0.00943506768638351,-0.00125896301329489,-0.0097823416083592,0.00160688103220433
0.0350747716308637,-0.0653872312396411,-0.030757917150542,0.00236431732033417
0.0583903920406784,-0.105229471028633,-0.0296515876220872,0.00197407840374436
0.0518100244780099,-0.0986497412227784,-0.00937669970493208,0.000407175334382003
0.0190496024451528,-0.0486899846738559,0.00787587435104179,-0.00116846575576018
-0.0157230869959747,0.000194679973791773,-0.00278450418071455,-0.00172612103086652
-0.0256966832349387,0.0133759092728458,-0.0346532404859626,-0.00176791749452375
-0.00881828419434236,0.00803115156379228,-0.0516718785887221,-0.00238311954962997
0.00691668979403293,0.00527586395582461,-0.0372110634639915,-0.0035947763692057
0.00388975900383816,0.00916405186449176,-0.0108930932874498,-0.00473591074493056
-0.00757059294231566,0.013917575332092,0.0069843244157432,-0.00499584141695
-0.0158177899363704,0.00814072005832064,0.0130092695829747,-0.00398401611000601
-0.0149753629326512,-0.00876781317682303,0.00870899149660841,-0.00224022443604785
-0.00423601550875466,-0.0238634151747765,-8.73397582932724e-05,-0.000245878198408969
0.0154045189686516,-0.0278076306504196,-0.00497334997865825,0.00199799290761858
0.0366906103240778,-0.0209733840077203,-0.0052952303079545,0.00425892409139576
0.0392268820158835,-0.00639613238835356,-0.00645861865289107,0.00587497325602576
0.0219266677206189,0.0072597864392415,-0.00893933268263884,0.00642674608027317
0.00336241809050229,0.0144237509496693,-0.00572306335433034,0.0060642794597484
-0.00969825672398361,0.0236906496096878,0.00317957544133312,0.00547007224516831
-0.0213957895399629,0.0310911498030126,0.0088648169029985,0.00496574907646722
-0.0331674456902276,0.0166489299471494,0.008368780998433,0.00341098777990201
-0.0347399793541006,-0.0218259668028033,0.00518996620334167,0.000303564825689951
-0.0206265140868469,-0.0620150402100477,0.0015666735162759,-0.00257244827547357
-0.00133983351715646,-0.0786278191961737,-0.00306609602141509,-0.00348857618394292
0.0120529976175284,-0.0678217404031488,-0.0104006464180432,-0.00262380489456559
0.0124206480729919,-0.0472663579969651,-0.0208094877963605,-0.00190064140288237
0.0124207117932706,-0.0302746841943713,-0.0299276145018877,-0.0033870613316471
0.0349496846723296,-0.013695866011864,-0.029425381946657,-0.00629138598969104
0.0603084197349976,0.00572574771388411,-0.0163249506851118,-0.00708917917144051
0.0560045876700697,0.0251235995859789,0.00110032773655947,-0.00368933592809046
0.0362062437152199,0.0389503867736188,0.00712570884790828,0.00212202983125593
0.0283409970389424,0.0365552083004494,-0.00653180124302251,0.00654527167955136
0.0283612234803438,0.00423992617012962,-0.0274449895702301,0.00703214336974035
0.0176336324005193,-0.0419792785428901,-0.0332155900294946,0.00359427656421722
-0.0022516124590168,-0.0542903124100586,-0.0154973720543026,-0.00131145027481803
-0.0161575528530203,-0.036433166247596,0.00883746080439284,-0.00428148834461759
-0.0171696153951494,-0.0273208286249792,0.0189733490002269,-0.00421984267142029
-0.00508259626276233,-0.0260573490950888,0.0134243937859922,-0.00283549778172191
0.010378892312035,-0.0183539220020917,0.00529356954402094,-0.00167185692465892
0.0167970376296433,-0.0069251987016035,0.00527731521052249,-0.000827543138848997
0.0110218388909672,0.000473381505666157,0.00934166990999575,0.000296293293443603
-0.00554025159663233,0.00591075179096939,0.0101390092430774,0.00183719598897586
-0.021410121340918,0.0158728128061882,0.00901757254415218,0.00314341475777535
-0.0270229105486228,0.0277899544449847,0.00845350002953757,0.00390427160000271
-0.0323146268243689,0.0350592195855796,0.00808890352579167,0.00408106345983904
-0.0362950702282826,0.0413827747744221,0.00805262441551015,0.00344302792262829
-0.0133062971184316,0.0518930225119383,0.00706652480190642,0.00200867652676861
0.0350387815773789,0.0576079515067948,0.00399238550431519,7.30258353102862e-05
0.0653698247814006,0.0504751156941476,0.00065893052925862,-0.00183022802042108
0.051388664563218,0.0337041479009614,-0.00287797306308749,-0.00306513082374379
0.0171126270846496,0.0112101074890244,-0.00361698369808221,-0.0034052021976923
-0.00882085938777275,-0.0128713768561268,0.000692515156952346,-0.00327612634120328
-0.0275158105275975,-0.0290772366289408,0.00575517483270038,-0.00315029918361925
-0.0436038385255482,-0.0309168937550144,0.00901770410913224,-0.00274523400492882
-0.0429840564719342,-0.0290264430251814,0.00622525560221934,-0.0017241722900094
-0.00759067992483736,-0.0405443073350739,-0.00707337071901441,-0.000495807199011489
0.0301910661603183,-0.050316982472651,-0.0205373795181264,9.88491288982703e-06
0.0177361653231988,-0.0295559434438311,-0.0194291136536077,-0.000778892854981871
-0.0207394595838959,0.00788156229331077,-0.00751972038485118,-0.0020052229686677
-0.0382664025395587,0.0298182292496691,0.00383693983917489,-0.00249711448809691
-0.0430430768868557,0.0340452293399942,0.0130209008998924,-0.00191824351535139
-0.0383689030077088,0.0342639271218898,0.0197987432670322,-0.000233075677163349
0.00151583081656678,0.0332505649754967,0.0215227934767087,0.00228832755896279
0.0546386739446925,0.0283996224981893,0.0208285483537779,0.00472913444400389
0.0612382568201053,0.0246955525017485,0.0195363798787288,0.0056462019046368
0.0241042131792512,0.0311578369880525,0.0196501161401021,0.00429186468281374
-0.0200547010484975,0.0453859293037767,0.0283940373486242,0.00164143218564274
-0.0617813176031012,0.0499580053115238,0.0353099343569869,-0.000503607730119927
-0.0868173035237435,0.0283841691640643,0.021626951142309,-0.00116718521907458
-0.0706881049626243,-0.0141908180299537,0.00051314033137409,-0.000943576658748331
-0.0245292191542059,-0.0503840500582921,-0.00649055952607459,-0.000737425707323394
0.0141120521845482,-0.0493143582712678,-0.00323043738383083,-0.000655449971975049
0.0260602017402699,-0.00908494945356249,0.00283256583648258,-0.000553771597323967
0.0108103047431549,0.0314837161286285,0.0102524560302012,-0.000587966744598369
0.00335085795212211,0.0430757390191882,0.00961480992769395,-0.00117400962727274
0.0235159804882149,0.04190146489767,-0.00478947952598744,-0.00220220939078619
0.0202692230843225,0.0504908571637182,-0.014010368232538,-0.00287758013181216
-0.0195701231658414,0.0560344080304042,-0.00664747147046816,-0.00212619476139685
-0.0369575562183763,0.0361596671650793,-0.00352806773270501,0.000578566641851058
-0.00571963723882827,-0.0315424518337786,-0.0155407621624251,0.00355666194664554
0.0450738796981297,-0.125028849460515,-0.0245815610018867,0.00432856182982048
0.0795369953378567,-0.146159782557925,-0.0151896229671193,0.00292142605782903
0.0808176170676429,-0.090095184138571,0.00158714425746512,0.0011907601960788
0.0552486090617431,-0.0436742557676148,0.00746710009980051,-1.40684964148501e-06
0.025752465102649,-0.0156973603612966,0.00521661756142331,-0.000500067694585784
0.000760074142186817,0.0120864234923478,0.00843248713581126,0.000182654231021066
-0.0209404701587237,0.0286699149837921,0.0174536655789635,0.00131726205412426
-0.0347484626613666,0.0345826474348596,0.0213119887742919,0.00124950962663425
-0.0479397897498013,0.036380114384989,0.0202461263580901,2.6489562271671e-05
-0.0463583032990653,0.0373025161732876,0.0210982141424184,-0.000819629816497346
-0.0104812079594988,0.0409484463358851,0.0224977409348552,-0.000666873316970008
0.0212217835120702,0.0467226464815644,0.0229143375768828,6.56618777671481e-06
0.0133252464407581,0.0512160088983306,0.0199195535468536,0.000748726814307119
-0.00725416248717298,0.0487851047924462,0.0127884956961912,0.00119043707180966
-0.0106255619345276,0.0400772994492045,0.00225512724736952,0.00119903189243282
-0.00048703668181551,0.0246347670319979,-0.0142667939828918,0.000910713433377305
0.0013267336522096,-0.0151914850647575,-0.0398635266392748,0.000328198307342669
-0.0250178029728321,-0.0714822294456715,-0.0635918291225683,-0.000588929736612017
-0.0500960802884195,-0.106192980449282,-0.0595317626912027,-0.00144717989182489
-0.030224780553188,-0.110201364643829,-0.0297123569625927,-0.00191395897855442
0.0211517661620681,-0.0866585576064604,-0.0025327563482832,-0.00244450188617509
0.0694921535676238,-0.0512386654724993,0.00364012247619511,-0.00317640297728799
0.0821615369312345,-0.0338706646631196,-0.00290808773355726,-0.00369120078550393
0.0550186731394209,-0.0202303230806328,0.00405831202442018,-0.00384758802434871
0.0393044577020644,0.0078232761212847,0.0216592464863811,-0.00304716242730669
0.0496008777379976,0.0388488058666954,0.0283692557031101,-0.000591567160822495
0.0311288887693883,0.0726698868839307,0.0247835255846758,0.00271006197688534
-0.0235263152957284,0.0967730463634964,0.0186538113041986,0.00492604373092764
-0.042597434116399,0.0848189408800249,0.0144215279295806,0.00518718941620293
0.00514088900776082,0.0465029234872329,0.0148589711160717,0.00438943946675222
0.0594536955836731,0.0108740834027064,0.01563178913546,0.00373382714991875
0.0633045003391637,-0.00924929554351309,0.0110488002131486,0.00353559830912211
0.0258603980060646,-0.0195373986636469,0.00232344070483601,0.00283022861669399
-0.0127399695491665,-0.0407704254552306,-0.00829700180632636,0.000436244978600127
-0.0243664844063225,-0.0834000105753581,-0.0209820436402176,-0.00311362691590265
-0.0134835845094628,-0.120945120953705,-0.0327738293652569,-0.00584247138314442
-0.0104118697762987,-0.111889930710869,-0.0347631937293675,-0.00678401707716512
-0.032280234504532,-0.0610702523683458,-0.0201056570460701,-0.0067204480517965
-0.0577007855309633,-0.011081515466824,0.00314587795423166,-0.00595111121621683
-0.0583346225264152,0.0211284480061973,0.0157653714928953,-0.00347397749965808
-0.0375113220892823,0.0374094856955923,0.00856591808070293,0.000666935753209227
-0.0133352221316247,0.0427055283929372,-0.00209286413830667,0.00434084555992096
0.0086293205582495,0.0430568550382807,0.000392551370237214,0.00544191622907951
0.0260929993439413,0.0372753248192309,0.0104163422218175,0.00398166780583706
0.0318121772632093,0.0333553124895306,0.016236023552879,0.00200469065297666
0.0257240277118092,0.0372495166060679,0.0123221461923489,0.00140779791084359
0.0131634745583394,0.0342661733070189,0.00318004226963911,0.00202671482706779
-0.00235842425191413,0.0223591133683439,0.00111888868275595,0.00237536544949524
-0.0121461734875115,0.0140130109509,0.00655853145188041,0.00159406407926971
-0.0081807205205035,0.00638520861995415,0.00935682968178679,1.69494713362513e-05
0.00190960707605692,0.000690146601205109,0.0104580035920044,-0.00132421716901998
0.00563003784609793,0.0056599937062141,0.0117308087381605,-0.0013437870796248
0.00143016211979905,0.0146379322889933,0.00698739227439422,-0.000254924773908639
-0.0069636077808907,0.0178502583562512,-0.00271548749068597,0.000246505179694103
-0.0172904521943718,0.0142037132065178,-0.00877607326333081,-0.00114423952994976
-0.0259843045931712,0.00998250350856318,-0.00797722440157505,-0.00369614928370149
-0.0184598150919075,0.00476960829484073,-0.00521806248492313,-0.00534433691822669
0.0064133458034705,-0.015432982267751,-0.00474180895492429,-0.00493052238667557
0.0232609609309085,-0.0442456331640236,-0.00305033188987714,-0.00264684234479379
0.0328885089137679,-0.058256437118447,0.00272178031834744,0.000293118471445227
0.0436180911116694,-0.0508945044204613,0.00925200233625541,0.00226063428143849
0.0372312026108864,-0.0360270875952782,0.0142802117373434,0.00315367030908886
0.019420517237156,-0.0243469287563995,0.0192141573596853,0.00390586170415569
0.00289161636442717,-0.00839587204568164,0.0232724925474352,0.00451525535129205
-0.017494587001443,0.0108202523888344,0.0235311433368665,0.00456549644386654
-0.0301459127607859,0.0233299131974134,0.0213388710708701,0.00433933777095222
-0.0257111046032877,0.0332098500240213,0.0211610202139915,0.0043919809045728
-0.0167215743787453,0.0428916788933662,0.0221245954233263,0.00442288947904495
-0.00261899144975523,0.0405471194959447,0.0167618612856983,0.00371594700279954
0.0162178996675726,0.0312949288183018,0.00584440908205089,0.00180347789322379
-0.000417482804268091,0.0390368472229488,0.0016381798279044,-0.00130012187346215
-0.0624274334960733,0.06155577213512,0.0127206510209018,-0.00372655164615591
-0.116473072115954,0.0732362934894819,0.0335545320341848,-0.00317807367255758
-0.124868128282225,0.0565638725641848,0.0429913928689026,-0.000364018197908311
-0.0917003589923523,0.0131115490173238,0.0215832371684067,0.00153097078201172
-0.0380351655995737,-0.0319653545954362,-0.0186909099904665,0.000384674201841689
0.0133491252937276,-0.0500683378935817,-0.0511576933430501,-0.0029094078255356
0.0520341609641061,-0.0307764647650596,-0.0699052438087719,-0.00613894422650568
0.081414625797879,0.00159852958905445,-0.0705406124854021,-0.00825021567440063
0.0941981104403428,-0.00514139257451861,-0.0451455024008827,-0.00920110624782854
0.0699278126614922,-0.0469346158144211,-0.00468982956012542,-0.00891297305301415
0.0210797298176256,-0.0576600054337532,0.0295173686977145,-0.00718262601236707
-0.00784091278670306,-0.0363734325901825,0.0394073328586578,-0.0036842880234235
-0.00998911297044129,-0.0256712158667658,0.0277366120761788,0.00134471057478148
-0.0121475378760861,-0.0154670556852002,0.017644956603317,0.00638152971241795
-0.0230519552069767,-1.63553508765457e-05,0.0173190757791656,0.00977170712435628
-0.0344829117494075,0.00188426762360611,0.0161688485006767,0.0109601287012837
-0.0399335395548648,-0.00647255982229954,0.00760333194968149,0.0105549286212055
-0.0411332902381241,-0.00864684033521777,-0.00587243987937556,0.00959217021264191
-0.033787692559244,0.00198691554618681,-0.0162397946008304,0.00834856336928269
-0.0100927625983957,0.017793367298652,-0.0221366064151006,0.00638989340263724
0.0216978164263041,0.0293039003381359,-0.0273253059721582,0.00344991531628585
0.0404911022875603,0.0351969607517966,-0.0253637546925708,-0.000424077039993644
0.0131967395281274,0.0349630158844476,-0.01160893676022,-0.00456627990498861
-0.0560823278064887,0.0270932153439414,0.00395561930025896,-0.00782902763144002
-0.108066705519679,0.0151634303801082,0.0078299483986933,-0.00979245311337254
-0.118727987848769,0.0103614591655262,-0.000455988119069465,-0.0107193936875467
-0.112891981578082,0.0105730926540661,-0.00807127516066533,-0.0100148070138906
-0.110722512993712,-0.00603013634867236,-0.00460571729142203,-0.00651353776801134
-0.0922620405883294,-0.0378626811322067,0.00952599692488602,-0.000862321956623285
-0.00181044062935504,-0.0648076750534082,0.0188437491341003,0.00383131839108589
0.147527420766275,-0.0772762218168909,0.00880617505987388,0.00510471023850682
0.235831040174717,-0.0646369345506911,-0.00436328197701232,0.00406905888190018
0.19277074938709,-0.0263124225104009,0.000181094698514225,0.00279119326143079
0.0829654166123525,0.0111414440986342,0.0076932543977499,0.00073566956759131
-0.00417367333262406,0.0274745398143887,-0.00174041388550487,-0.00282322706312798
-0.0480066603974495,0.0340077298918266,-0.0175984791108413,-0.00556739544122623
-0.068236700096803,0.0417767058204635,-0.0268016995533412,-0.00503288943885976
-0.0744767556715697,0.0511179939149475,-0.0354594444974344,-0.00172570417047075
-0.0654146129596849,0.0638045752855022,-0.0462013609549861,0.00244351882597878
-0.0308253492256301,0.056886183769384,-0.0549235812683853,0.00534311048488314
0.0160202545895594,0.00984601551101322,-0.0563092114412799,0.00546440022527544
0.0390885594595316,-0.0353185228420556,-0.0366426642578707,0.00378775860249777
0.0404604435456095,-0.0313847706957992,0.00328242669034888,0.00297953645922601
0.0434015620055967,0.00277907012757103,0.0363240025073664,0.00488104397713644
0.0471810372046689,0.0271065214952126,0.0446715389107218,0.00890546338551019
0.0398731612843578,0.027781377366647,0.0377475180925137,0.0120893560694305
0.0235749413217998,0.00761294068834968,0.0259707150292184,0.0118414956403401
0.00455669501979514,-0.0130559850308239,0.00677771633361826,0.00807499048660305
-0.0146707413144854,-0.0127644195830056,-0.0138902425726131,0.00221732510522221
-0.0301880588375391,-0.00209007901647947,-0.0182024227610059,-0.00416749487519879
-0.0397671016948002,0.00334626094510291,-0.00330511360219187,-0.0101346855579703
-0.0400019712199937,0.00893289028519593,0.0144583415444033,-0.0157256806083096
-0.0276286156991262,0.00748963242691033,0.0218134857682141,-0.0206149165459096
-0.00417081294282842,-0.00706909159296775,0.0213713825598589,-0.0225308288523519
0.0146040377314466,-0.0105794001878859,0.0217858577222969,-0.0192540324098331
0.0146061754805013,0.00146756567863211,0.0231274379049441,-0.011339979677354
0.0156697780172126,0.0043586162241769,0.0207541009811758,-0.00127259366075463
0.0430872864950769,-0.00620697760077788,0.0130952612719029,0.00816412558660354
0.0843792355111614,-0.0161896484659162,-0.000681448661278918,0.0150332301644823
0.111154155339873,-0.0247004581152384,-0.0182416577135281,0.0184602000565963
0.107922946220183,-0.0259999357889216,-0.0280893315284921,0.0177729281671298
0.0710600610408055,-0.00173433892855454,-0.0230196050967064,0.0138713155167554
0.0235084049541486,0.0427962037047232,-0.0151962321024637,0.00939593933814273
0.00113725498450851,0.0774564113244516,-0.0127423458050841,0.00531310973419555
0.00788920029085288,0.0893846015349566,-0.00906114397665763,0.000779673104318179
0.0147062906978596,0.093079388559484,-0.0105408282675969,-0.00413996269708616
0.000602481357466508,0.0867553325045286,-0.0233993714907167,-0.00839205663242171
-0.020719906995612,0.0457886582023266,-0.0316797804556555,-0.0111700973327044
-0.0293817793628572,-0.0327455993770912,-0.0234151638886293,-0.01215931641389
-0.023790442812363,-0.102013232781887,-0.00507018974438193,-0.0112674247516203
-0.0137812399225001,-0.115219996217733,0.0123713867797958,-0.00869617062484066
-0.00802183508879138,-0.0867576327834734,0.0197424380907297,-0.00508068302922051
0.00107934129745765,-0.0542674598247044,0.0193562714865054,-0.0014727748437041
0.00506600207602995,-0.0256830941785533,0.0239381967950811,0.00134094976558301
-0.0188848108954616,0.0148798418039013,0.0296344645454407,0.00346394723452454
-0.0505023324841401,0.0649563442353042,0.0254082748826999,0.00522704663820103
-0.0568954715790534,0.0949203601229462,0.0136479418414696,0.00637797273885707
-0.0329243314143212,0.0968681085474224,-0.00223470287263713,0.00642783463665271
0.00709404154127218,0.0726216507346529,-0.0193688260901135,0.00539396426454454
0.0435253558831238,0.0219615385772643,-0.0308275397341276,0.00334125897345867
0.07978759312075,-0.0231563031949996,-0.031403903632708,0.000330704218298164
0.108332490268467,-0.0437802169206875,-0.0257171081792844,-0.0030287371255247
0.0946307376308251,-0.0532494117082402,-0.0240400181802988,-0.00615986760651382
0.0428690086693599,-0.0592321922297544,-0.0248053902430146,-0.0085276335014668
-0.0108691547448244,-0.0701905935561028,-0.0196959331962512,-0.00872906969072391
-0.0528268258766629,-0.0793225782091071,-0.00785108319574768,-0.00635385151068754
-0.0838028107577273,-0.0583372966015557,0.00468544729470968,-0.00360826040089262
-0.0930302317018294,-0.0103800357784894,0.00698324805045883,-0.00121673963107074
-0.0769937862881716,0.0369368027009653,-0.00263469449951357,0.0029579988154412
-0.0557563927810687,0.0666209566417643,-0.0120567628094988,0.0087158769857077
-0.0434343127256728,0.0727576949361566,-0.0117935558079136,0.0127299162518758
-0.0320060583946724,0.0631738015691175,-0.00208316099348814,0.0129133800331347
-0.0333792103338294,0.0490065906944542,0.00885873294992783,0.00956325564479433
-0.0562492941360114,0.032235777967289,0.0135496040178512,0.00388553957718536
-0.0625217547924539,0.0104281701530775,0.0104442645461073,-0.0021549171065474
-0.0397581678316974,-0.013059576146732,0.00274513651077454,-0.00578782519124898
-0.0028584554201288,-0.0327508144821426,-0.00455074643553103,-0.00570970531251233
0.0459854594930277,-0.0536179173992373,-0.00723444139211881,-0.0034261329145552
0.0889006932902235,-0.0729842982863855,-0.00287198144409957,-0.000523828204568087
0.107507885181216,-0.0680521652697012,0.00431082310872865,0.00301988666967747
0.0912206760015801,-0.0367953723938921,0.00556058331749904,0.00663236342842406
0.0451384116196447,-0.00412033903314296,-0.00132131094535323,0.00797726506214798
0.0051907827018098,0.00101537184411523,-0.0067685472490781,0.00554858681397539
-0.0142544870740586,-0.0212805569996478,-0.00475240392079653,0.00104194226467131
-0.0196013301309192,-0.0303285623527331,-0.00247079187572067,-0.00240102112409416
-0.00808868278143735,-0.0193056770729345,-0.00708564917854742,-0.00325081626446528
0.00400553716683601,-0.0147654403373865,-0.0142829349073312,-0.0024280779148278
-0.00914248982744224,-0.0146977075169107,-0.0122453537850582,-0.00240938056612455
-0.0392398485273038,0.00599943795240264,0.00283183645434139,-0.0048869938759161
-0.0507286201135383,0.0491387899203219,0.0140879904112848,-0.0084381915404701
-0.0303739643445018,0.0712727703837757,0.00228236227223647,-0.00932022100473754
8.18150584549968e-05,0.0581524686927282,-0.0172944170067787,-0.00588858967685734
0.0196582947580634,0.0453894558706377,-0.0178028219829008,-0.000330160219932259
0.025076471117439,0.0282019111134044,-0.00408403450452816,0.00456090732538975
0.0232827476150592,-0.0115808073901648,0.00679197845234998,0.0074925516893363
0.0183559132192021,-0.044593031615708,0.00714866097903399,0.00831467815734956
0.0113310368322954,-0.0628177433174668,-0.00255950809986719,0.00740051276593099
-0.00294141449479713,-0.0786888850859539,-0.0111714339037366,0.00524362420153475
-0.0292651100818129,-0.0715311590562484,-0.00957763521008742,0.0021751366614611
-0.0374467097026696,-0.0493687581577156,-0.00500751382424646,-0.00148075614027439
-0.00563049485020511,-0.0409124247812721,-0.00338992641401651,-0.0046287655252868
0.0318586772800301,-0.0282062429249178,0.00165149663801076,-0.0057205192020604
0.0420012612407219,-0.00588627245473324,0.00928461177561487,-0.0045215729136945
0.0357393185963814,-0.000303001687414581,0.0116461105411097,-0.00226708810225457
0.0312605329813487,-0.00539556881335541,0.00817908731853182,-0.000382828985171404
0.0259511755489066,-0.00164901099082005,0.00516629660822116,-0.000218976676736551
0.0171495832448963,0.00538953611815031,0.0051880914889732,-0.00225416119574793
0.00805399960469366,0.00732839277692697,0.00489206964930026,-0.00562715014686156
-0.00500404682914999,0.00947695374505191,0.00431350202324999,-0.00883222110345828
-0.0261323028417723,0.0189164998880061,0.00582067731867266,-0.00920001652939359
-0.0477994451358451,0.0303777323279454,0.00557578654351858,-0.00522529315795925
-0.0549229702723324,0.0337247333256038,-0.00133269284784557,0.000244327335637383
-0.0424577004065829,0.0278011221842929,-0.0052145851337271,0.00348559615739047
-0.0225201289401617,0.0202925903113726,0.000575124161213695,0.00383310889051607
-0.0118792530639053,0.0188289898429024,0.00550778882017155,0.00270096815069804
-0.00691701238201714,0.0176200387340194,0.00301400233078622,0.00151541883767939
0.0122484309070694,0.0102137943268977,-0.00338615049416727,0.000801718518500578
0.0344757568927947,0.00370749197363658,-0.00768914785944649,0.000542196060431955
0.0319796828634235,0.00361679237534409,-0.00914896214051567,0.000421464490020916
0.0139594637099098,-0.00771986146145223,-0.0154768481809894,-0.000323190377510042
-0.00254713343087365,-0.0347533286876449,-0.025504530397082,-0.00195170357092869
-0.0162824168418386,-0.0435657703044324,-0.023729854835159,-0.00328739749160983
-0.027454185753043,-0.0241032800423509,-0.00896277873826658,-0.00276340094401877
-0.0340818553309311,0.00319037949491127,0.0030203241060269,-0.000630090857769387
-0.0296882820395582,0.0242183789072576,0.0064272223184576,0.000832370888835311
-0.0110086200778144,0.029766314165311,0.00845002800897392,0.000483179329568588
0.0103921698242055,0.0212271484297246,0.0127971846027683,-0.000465641834345047
0.00763691861193418,0.0170033512688524,0.0251139428987594,-0.000803491783503395
-0.0206582610717053,0.0247441521194154,0.0434737334311383,-0.00030296811302275
-0.0417547519597234,0.0261273992325554,0.0447145734986806,0.000943356653624549
-0.0330585303303668,0.00431205229659592,0.0204578575983413,0.00258246286213362
0.00608915668674963,-0.0362536382127768,-0.00755544220577764,0.0034693281735749
0.0479974217396301,-0.0694244198276436,-0.0144971108019626,0.00294715641812735
0.0525045711709112,-0.0722491827746879,0.000895045773264644,0.00193056381725327
0.0286280694160158,-0.0511260701545003,0.0183617487438097,0.00137901150442007
0.00773218282134368,-0.022734233369086,0.0284208117960194,0.0017583164947595
-0.0148504252506568,0.00456037965999011,0.0345561872334722,0.00333886392328984
-0.033241177187549,0.0218008334198148,0.0250777625237459,0.00533722693146269
-0.0284043830012307,0.0226566701455639,-0.00300954520959162,0.00605725928910027
-0.0178713166131799,0.0133711119843139,-0.0186459060657338,0.00459067016569829
-0.0182456137940464,0.0055082693962379,-0.00682461534737952,0.00200267769912076
-0.0215732598473405,0.0127486395435303,0.00412532420231306,0.000241632859889891
-0.0234080513454129,0.0359893244039318,-0.0020984835212712,-0.000206674106419532
-0.0155007863416213,0.0577632534221192,-0.0060869553022437,-0.000439303497517883
0.00456985624062371,0.0621701713364158,-0.00101614160070271,-0.00159223607679885
0.0206028463242926,0.0499799581213933,0.0048553150013714,-0.00378527621192834
0.0303968193964446,0.0310584724972963,0.01379224811404,-0.00544477202541993
0.0417926193281195,-0.00123324733866483,0.024443847463685,-0.0044221993266832
0.0488809415328161,-0.0486641449682498,0.033165123855462,-0.000939967258046206
0.0466848701694389,-0.078708839962621,0.03760152264927,0.00262295395944621
0.0304435615801987,-0.0691431659904058,0.0318436117913271,0.00471799982192244
-0.004860392155379,-0.049477603444986,0.0221953928738823,0.00509968642938356
-0.0558021876097698,-0.03938433233579,0.0192789099907607,0.00383002945899912
-0.102641104486427,-0.018979811886481,0.0207520177616094,0.00136383239547023
-0.116608436550372,0.0162089396786638,0.0169213708143655,-0.000651546166644191
-0.0967103869231106,0.0422765686008506,6.13844350372105e-05,-0.000423098220439151
-0.060835056762452,0.0349079376411826,-0.0245398646643244,0.00159954082803194
-0.0242313339280525,0.000643710226308818,-0.0396956407904451,0.00291704297689656
0.00565622533899554,-0.0215520029906736,-0.0347869216696214,0.00210929023825652
0.0516036953612957,-0.0142380293772541,-0.0210021182660173,0.000493134378818701
0.121630399323258,-0.000840016812934318,-0.0126327757644872,-0.000288956002369008
0.152883541788669,0.00819658233104365,-0.00575203827281452,-0.000118470052778065
0.110218879960411,0.0181455519837407,0.0061142547407812,0.000104325907517112
0.0379336851767704,0.0249103741929536,0.015617094563463,-0.000487060497871594
-0.0155399979040569,0.0321372546336804,0.00941198011384517,-0.00178900952094165
-0.0419530453764267,0.0413240137486081,-0.00925768953513546,-0.00320495128793132
-0.0640213918987758,0.0416295598361589,-0.0203560907337056,-0.00438285885222928
-0.0780926080430542,0.0248708837616127,-0.0173628395128829,-0.00479418552574397
-0.0670979261149404,-0.00615750366887034,-0.011786530840182,-0.0038146008514627
-0.0473472110996656,-0.0311143803396641,-0.0103461203690647,-0.00178696982364224
-0.0376815531852184,-0.032235780746005,-0.0106450351530422,0.000233858631552007
-0.0315839776745172,-0.0273380136036148,-0.0102607395679873,0.0015212281223833
-0.0173481191343908,-0.0355130351540666,-0.00845372507955331,0.00169061474811052
0.00150568476843671,-0.0417002181119483,-0.00369123954599695,0.000730110379079923
0.0200289870214105,-0.0388561210619362,0.00348054298757951,-0.000748226872587855
0.0379986150172459,-0.0312767238954874,0.0109010292001284,-0.00179501612310736
0.040732979394068,-0.0131531117859952,0.0174255888777948,-0.00189255030510768
0.0145727768296531,0.0145126116360766,0.0158534121778215,-0.00134463590348021
-0.01228883744265,0.0393382479355978,0.0037688930637932,-0.000688409682828435
-0.00865565081616529,0.0466115090148855,0.000473513777493974,5.26757568260986e-08
0.00847406115794107,0.0396059476497708,0.0145318394973032,0.00119953214516355
0.016340162420307,0.047064235815738,0.0240575148153166,0.0030842354114148
0.00835230584271307,0.0770583184269072,0.0140416490933802,0.00456244745356532
-0.0208753844543086,0.0913103159754581,-0.00435777651354607,0.00460345783789901
-0.0582038062046119,0.0665053134919054,-0.00888710641139077,0.00387682335248087
-0.0711901239932374,0.0364835649031771,0.00529946457067849,0.00329210043323813
-0.057137524819116,0.029952463229106,0.0152845091152849,0.00236034134766035
-0.0456922242034244,0.0335895254424441,0.0110880767172838,0.000117586666755279
-0.0349566179360361,0.031107420404058,0.00820272299495711,-0.00304813513155306
-0.00848588310059133,0.022474015700907,0.0126521536928932,-0.00516885071003407
0.0208828347754699,-0.00698456099419489,0.0177315802741163,-0.00522945561870337
0.058268922819303,-0.0705807104099463,0.0180373573178521,-0.00456283688927144
0.096480196517426,-0.0988064792602798,0.00771491359489868,-0.00442657500458169
0.0998178328609585,-0.0400732146196481,-0.0233170540893051,-0.00459577027156464
0.0867789865489845,0.0134025291058132,-0.0652260250125512,-0.00485716067421157
0.0863498781440034,-0.0210954630368007,-0.0788228239175358,-0.00500456379319573
0.0877922905749947,-0.0686347829765943,-0.0510584897998534,-0.0038036256063905
0.0710208393811999,-0.0369658587313042,-0.0159656884679342,-0.000473543835054463
0.0377759722569517,0.0303503945081193,0.000392815621282405,0.00390232905369079
0.0102810593357816,0.0500619283246467,0.00476085884611882,0.00732669358323034
-0.0056591555119134,0.0280666159563092,0.0107800263790771,0.0084483061150932
-0.0191770218222327,0.0139040686094058,0.0225871062602434,0.00741156015504931
-0.0347898847058247,0.0101349711937754,0.0372565874334686,0.00544372419857352
-0.0512892960224421,0.00123381363637474,0.0490823342189705,0.00327317689322093
-0.0659350849562404,-0.016978067908467,0.0602272491299624,0.00131494428693024
-0.073957608565924,-0.047016304604104,0.0770799443611417,0.000696698346056295
-0.0710294200446006,-0.0700531190648899,0.0894338207579783,0.0018098747342255
-0.0609992100575328,-0.0633142205508383,0.0905231942108909,0.00320074532511124
-0.0511744568318917,-0.0265440473033851,0.0890748578085094,0.00333885403023014
-0.0443764352215317,0.022032091381875,0.07660385926435,0.00231992422467905
-0.0442456783176753,0.0681396738452402,0.0457685928882426,0.00077056566879687
-0.0316010732115432,0.104274906335421,0.00834206216043792,-0.000943435874741986
0.0264122498237707,0.102172694815988,-0.0495378086364627,-0.00269976968350828
0.113320150690972,0.0412870109592494,-0.145390770331195,-0.00577229709085779
0.164071747228293,-0.0374759457645383,-0.218282997987347,-0.011940455062359
0.137489805215819,-0.0620754982683746,-0.197759187152981,-0.0196783021156394
0.0752296088264767,-0.0321276954761377,-0.121067516316191,-0.0240023428469325
0.0417380092472488,-0.0138003444230595,-0.0512526220694701,-0.0212154573323757
0.0452874350358114,-0.0267898995335415,2.14422632410782e-05,-0.0117608197324891
0.0527878096487442,-0.041428548793383,0.0289288573681644,0.000461057292232114
0.0378838408496777,-0.0453841146791884,0.0352016836921814,0.0108574692768945
0.0101866433722593,-0.0419108951891479,0.0335634308469921,0.0167390825979747
-0.0066325350524044,-0.030913802284358,0.0328175471317248,0.0179463675202597
-0.0080088449191793,-0.0142858178435289,0.0280581882692925,0.0162419237876245
-0.00833650789910156,0.00427279827946026,0.013859212397275,0.0133375258054242
-0.0156209236832657,0.0169632306851125,-0.00292458193948817,0.00952389013940575
-0.0214999951889776,0.0178591108545795,-0.0128330166205919,0.00458733127083832
-0.0198987659790838,0.0111545632752328,-0.0181616716208415,-0.000648851830295213
-0.0139573145743683,-0.00136720397585784,-0.0230643894573413,-0.00470161793995955
-0.0101965018876357,-0.0168468118497861,-0.026334343486007,-0.00710354857223051
-0.0256188382118012,-0.0301854363536733,-0.0265167508756765,-0.00852710361966721
-0.0607158992418772,-0.0393094566525928,-0.0250153730178101,-0.00950315184050265
-0.0741128685158619,-0.0380154714320748,-0.0216071799141736,-0.00915947819560607
-0.0429164809573775,-0.0266223702179078,-0.0173756170494849,-0.00604640209569801
0.0020067387202332,-0.0135584609492668,-0.0141924292677351,-0.00123512829153033
0.0259333737245853,-0.000788399549337841,-0.010846844002836,0.00180019231964458
0.0270362905221686,0.0115869736741206,-0.00836399798848844,0.00146552265603505
0.0316224233570626,0.0214536829951521,-0.00700021470777933,-0.000654007476828859
0.0569086567208196,0.0365307263816227,-0.0104684921567115,-0.002387950656508
0.0775344535583436,0.0550686297774637,-0.0235293367625542,-0.00267409396270236
0.0696225920408152,0.0559368164635206,-0.0330111353561672,-0.0014338817233492
0.0427846410957742,0.0335661841026748,-0.0243208149849046,0.000538553449188767
0.0171855647862591,0.00493432970399248,-0.00721466979793123,0.00206423537610416
0.00486806905747485,-0.0136219459154573,0.00288717806276679,0.0029685389623284
-0.00236052154715151,-0.0171004007297916,0.00567447046059838,0.00410358339122912
-0.0118274902913897,-0.00957923188806269,0.00757889476245712,0.00563820396459668
-0.0168192832824136,0.0033541253793162,0.00945005573637359,0.00664628154515217
-0.0133357262382808,0.0182781750444301,0.00732323584520009,0.00653648810133865
-0.0106031064598745,0.0287214151707176,-0.00495041817799998,0.00533204385259916
-0.0159724367383273,0.0222304685996984,-0.022947564824225,0.00294173916485804
-0.0198894177145687,-0.00657762147599863,-0.0237618590696976,-0.000391218847993039
-0.0169030560661875,-0.0313046796993177,-0.00253275564864138,-0.00330419025171706
-0.0103286430817871,-0.0251937251181552,0.0128380041971474,-0.00423463332159467
-0.0043792739953004,-0.00271798249464861,0.00915276335881676,-0.00291041957855602
-0.00439392079482192,0.0145749260610705,-0.000216115261084907,-0.000334119982622332
-0.00880677429370816,0.0214378443259968,-0.0043455013752791,0.00217769273665275
-0.0127750184474976,0.020175441099306,-0.00200916945587379,0.00382554679590019
-0.0113131307712932,0.0186878904639632,0.000619630534452871,0.00485433236586968
-0.00324354694671902,0.0179276696463412,-0.00239551961021218,0.00567241716406162
0.00808262031716426,0.00192016930316249,-0.00566686991391077,0.00565141743375791
0.0202458093392472,-0.0294107435946918,-0.00029705566613095,0.00390912660766073
0.0280825397755227,-0.0469774838216504,0.0123135266128546,0.000861633171365801
0.032685845508545,-0.0455149553881807,0.0273876519133204,-0.00160984120690021
0.0394906950816234,-0.0426926480231769,0.0398729230800689,-0.00230597762489498
0.0413988047256991,-0.0384760919832388,0.0448427953968314,-0.00213955096149216
0.0314894262500866,-0.0318392962345878,0.0445851918842959,-0.00198005941910874
0.00894410121556646,-0.0298495937277387,0.0396236794321321,-0.00140781852478607
-0.026365607378231,-0.021320028972696,0.0245673532467202,-0.000382209179475482
-0.0514533241313242,0.010960568596595,0.0013854683662726,0.000608097213256183
-0.0294088341068275,0.0460931502169915,-0.0187880254208428,0.00154020029113177
0.0215447277566371,0.0521137673843536,-0.0300572130054421,0.00232558187444152
0.0213920120465443,0.0507675061300855,-0.0333145501650482,0.00225566035229985
-0.0467339378050023,0.072307839896788,-0.0272335566467819,0.000837900720427506
-0.0980082874526417,0.0887989463522703,-0.0143388300703427,-0.00132521733029796
-0.0922148878785459,0.0739295904191934,-0.00217449660711856,-0.0030933771388491
-0.0741186414840848,0.0502660690751503,0.00706719523865939,-0.00353028830733948
-0.0670788030566005,0.0297717023926869,0.00852728832832914,-0.00197057341653123
-0.0514824129410662,-0.0171740137764183,-0.00241651610464298,0.000910042701520558
-0.0139725221123844,-0.08831300030918,-0.0127519703285381,0.00358602146119138
0.0270096529415074,-0.116441915034809,-0.00980395154287488,0.00615183794711175
0.045987805904184,-0.0762746274649936,-0.00280181500501817,0.00951854128130773
0.0494202074078088,-0.0244571451062948,-0.00607743190845854,0.0128297905492811
0.0457280068371095,-0.00177820955180547,-0.0130078132663897,0.0136012731527763
0.0273567174119442,0.00520187011797486,-0.00962214807601076,0.0104597875774232
0.00121197537238416,0.0108958430904888,-0.000902277797573844,0.0045372889112852
-0.0190513830712496,0.0122163091606375,0.00369516366461708,-0.00187192751761479
-0.0260975032989452,0.0097734418772622,0.00694451775903007,-0.00685371648078633
-0.0163916128275744,0.00685604465592701,0.0117677291518386,-0.0102177901064043
-0.00299055733774021,0.00476544415494022,0.0141203224975529,-0.0124071505308529
-0.00439003482270225,0.0077148634916751,0.0134920286975503,-0.0129992286171244
-0.0152148572954673,0.0138071202992799,0.012301398621898,-0.0131122951032072
-0.0212183520887764,0.0136330961839042,0.00953229130406708,-0.0146442236021816
-0.0234512851154816,0.00488168412867909,0.00326391984486815,-0.0155682291121145
-0.026059309623792,-0.0095736269873319,-0.00801566333613364,-0.0118161463383298
-0.0222793805464235,-0.0268170859341854,-0.021809253494029,-0.00323635940025776
-0.00880300898883064,-0.0446168676730878,-0.0315073344143712,0.00686757990624116
-0.00234212665230738,-0.0598577036622316,-0.0319755441308005,0.0153404020973856
-0.0119972023471177,-0.0625051228426579,-0.0232107320928765,0.019605937829328
-0.0192100301278817,-0.0458487931544405,-0.0121504699828326,0.0179552887744757
-0.0134388300947825,-0.0191954215793843,-0.00639157582242723,0.0109547532204127
-0.00270493865650453,0.00837480703915952,-0.00449804224726379,0.000983127433063988
0.00893533487228232,0.0372698724615136,-0.00214505531137794,-0.00901424307774359
0.0191097773852634,0.0600696175885383,-0.00310471681152467,-0.0152142036537711
0.0236123777292884,0.0638612155364043,-0.00801366666907586,-0.014712096839637
0.0084636781989251,0.0471181328710485,-0.0076041883607514,-0.00887806054982516
-0.0319424265616332,0.0206990649653693,-0.00113666874840835,-0.00169201652437351
-0.0610836127088612,-0.00505628425413685,0.00138876623925598,0.00385442115997725
-0.0551239904977079,-0.0294131751862516,-0.00166241478488762,0.00569125982638207
-0.0407241552603109,-0.0474956520362235,-0.00153100961032502,0.00328904444478133
-0.0401995434277447,-0.0488354078136727,0.00778697847129744,-0.000817532172077122
-0.0394947025957199,-0.0325055832814281,0.0229322748415722,-0.00373377480330117
-0.0107743615956233,-0.0125050994636001,0.0320065388756441,-0.00512375334804802
0.0444250622482002,-0.00188291505620032,0.0302567774867454,-0.00600374399561603
0.0850837727071135,0.00908481933449334,0.0243457945235207,-0.00712349520778813
0.089508688011376,0.0268233217640741,0.0187224823107328,-0.0085673900477133
0.0705482632519412,0.0372084361842407,0.0160071296909106,-0.00879069485880516
0.0379560863985274,0.0360030103220124,0.0168331644284011,-0.0055390155959663
0.00637456453497974,0.0302651070489275,0.0170562193833066,0.000573361908488364
-0.00525369065006051,0.0145096608280871,0.0101896139945462,0.00592103814052392
0.00681451670789764,-0.0184232003466355,-0.00256954799250098,0.00800467154529898
0.0261655767404938,-0.0506497527271636,-0.0119408523177784,0.00693298075456182
0.0269593244838909,-0.0498688093399864,-0.012756116250549,0.00395129203427726
0.00519455614730082,-0.0227119378786327,-0.010047261391953,0.00062792625446024
-0.0183967886476875,-0.0134394320366688,-0.0163783656045452,-0.00209748402476093
-0.025638867642005,-0.0225437843005751,-0.0277732479202531,-0.00461072271413026
-0.0151765133334628,-0.0192332856491117,-0.0241666957701875,-0.00743094633557821
-0.0148788906023196,-0.00249864574755537,-0.000511484211918167,-0.00932885180553547
-0.038027786282866,0.0184880775721689,0.0311563622703408,-0.00852035929080745
-0.0486774686563078,0.0364215815057543,0.0544045881370901,-0.00660019821683045
-0.040312797605785,0.0479900315845213,0.0648874634710773,-0.00700013082109822
-0.0610326159359114,0.0515300087764764,0.0700238381219188,-0.00819763570729772
-0.119240073798144,0.0310758134528779,0.0676741101845924,-0.00486877480323807
-0.157041422472518,-0.00379370573819751,0.0651879420316631,0.00380847846080697
-0.142265574912095,-0.00791838703892571,0.0741535623830571,0.013160640978364
-0.0938500628777379,0.0162223551340857,0.0580639841993224,0.0189507881621741
-0.0304175371576684,0.0222500371642047,0.00150326425580553,0.0197472733815555
0.0445893434939413,0.00264830099824591,-0.0328786922166771,0.0163323600305701
0.122568279749579,-0.0360419599423897,-0.0266080537625116,0.0111478184534654
0.168289875432333,-0.0729827363927712,-0.0242966620141836,0.0058913212347611
0.172566496028788,-0.046344474974134,-0.0306555096556681,0.000673110399866061
0.156298614572019,0.0320363595703119,-0.0337729999804466,-0.00380605609718018
0.100011855699623,0.0755362860539884,-0.0364408314610954,-0.00627178388450507
0.0150393715154361,0.0598238585501937,-0.0287168914866447,-0.00669260595617081
-0.0381259168899244,0.0357771628453612,-0.00537100233196544,-0.00583700594945738
-0.0485457175390036,0.0395174618529392,0.0216981340564972,-0.00442776810155235
-0.0286244465865165,0.0441866433089309,0.0357877327895785,-0.0034285631683379
-0.001410336121079,0.0189194401395571,0.0303777829540758,-0.0035470905622766
-0.0113859864487531,-0.0089880450969909,0.0146637898399074,-0.00457157219571343
-0.0540610283598959,-0.0011057803302568,0.000516841459370618,-0.00535662456881182
-0.0921270170836721,0.0222216821477196,-0.00761542631646604,-0.00442931572339202
-0.107471736192517,0.0211058789992502,-0.0135686067959616,-0.00171199475896959
-0.0903594868401999,-0.00987705840063212,-0.01913444895908,0.00146222948908509
-0.0455107957559026,-0.0631183951975937,-0.0204230261705696,0.00418780910231083
0.00186981099731556,-0.106215771257422,-0.017465097658713,0.00620934481614638
0.0286010315893194,-0.0889658290886055,-0.0116931185755504,0.00745810490181014
0.0436523510591575,-0.0306229386508651,-0.00552032082901687,0.0078873997742537
0.06773102824954,0.00689206288192723,-0.00486402853823705,0.00670716556583112
0.0880345455452676,0.00890533150172328,-0.00383617732257553,0.00326391928318135
0.0858085948474252,-0.00239383327016209,0.00907956084234443,-0.00064345193506351
0.0733677392206517,-0.00989035167143447,0.0266540374748802,-0.0018815418891848
0.0621725697790344,-0.00960413874026692,0.03626598900145,0.00134012453457596
0.0470591398421218,-2.35882630269593e-05,0.0354935432798545,0.00817657757975879
0.0323308115819465,0.0159844291505662,0.0234111059697987,0.014541140154207
0.0224918343442171,0.0305537689728409,0.0060648000135631,0.0157199455888775
0.0153331896251142,0.0415028810420142,-0.00434616874225707,0.011169931031496
0.00699742007093035,0.0525379896195234,-0.0206133871043407,0.00477439114476464
-0.00581625930429204,0.0648417273933669,-0.05915034018821,-0.000321836136495279
-0.0148101074583495,0.067201588254851,-0.0898837196349709,-0.00365399794710611
-0.0177551190791766,0.0492506228066387,-0.0798284708511671,-0.00484481355279068
-0.0152099460674346,0.0229871680662207,-0.0439708153473374,-0.00511848150911119
0.00495963102230576,0.00282675594055885,-0.0136254924961858,-0.00920044912931642
0.037488732699387,-0.0102953833427078,0.00159225497661583,-0.0176645320357838
0.0565431620955497,-0.0138405357026912,0.0110834272448084,-0.0229073902266581
0.0493973754912312,-0.0056888704096864,0.0239630810095795,-0.0198432257009373
0.0254704138067427,0.00547467511285822,0.0353978726827257,-0.0108862088628947
0.00478015033472119,0.00827757293354291,0.0344643775166467,-0.000462651217137389
-0.000978544449806209,-0.0103822593170291,0.0220153647127622,0.00684913069989045
-0.00180991185949804,-0.0423644630357772,0.0049642988313341,0.00891301929754739
-0.0114680409447606,-0.0443952001824371,-0.0140464145476985,0.00774822027818379
-0.0197655913633987,-0.00792289476156122,-0.0329480676811373,0.00584668928897643
-0.00638109651422011,0.025475043543584,-0.0416005420788989,0.00489595636895506
0.0272364574721828,0.0348917413915419,-0.0283192225232662,0.00592370641306302
0.0647579630120007,0.0270890035388762,-0.000348124954190183,0.00813394457615436
0.0807240048299429,0.0120725278410201,0.0335074355177374,0.00970178201113738
0.0570306140997336,0.00792105041466717,0.0742212799057666,0.00980599799983587
0.00858215993128368,0.0226366012322232,0.103121909623971,0.00870650001538605
-0.0494470450516073,0.0410350167297528,0.10311630798835,0.00658565429965533
-0.116312523557518,0.0502882400798118,0.0903236629761712,0.00318515004916997
-0.181501979704222,0.0474377825410427,0.0820544942258662,-0.00105749400298118
-0.218398555532558,0.0214935060911986,0.0749929545246545,-0.00441012812879788
-0.214968010248337,-0.0191628888497513,0.0536994635486964,-0.00580567797891546
-0.18035166362859,-0.0247181350226281,0.0082018449358247,-0.00616712958642371
-0.0991166561867168,0.0206442146697635,-0.0542073675506614,-0.00720045378720423
0.0338303580162912,0.037930490563435,-0.116704461420463,-0.0100295496644818
0.168783880384494,-0.0169190218447877,-0.143158398218756,-0.0147853115241348
0.235727750692935,-0.0531025373069051,-0.105364148167774,-0.0195909553304666
0.208767889812969,-0.0267689504144465,-0.0371423612950375,-0.0212325862552056
0.140268692308301,0.00239272968947304,0.0138533443773713,-0.0182904248329505
0.082529043035751,0.0089748442273033,0.0377983020228538,-0.0120886245566015
0.0415450383131424,0.00919815442936517,0.0387605653480404,-0.00531644655565152
0.000926258654356638,0.0133109164620088,0.0263480785218637,6.81144066430189e-05
-0.0457370227832236,0.0148041026024376,0.0171654984744526,0.00429090114182704
-0.0750408209936746,0.0095016524805667,0.0165808166233857,0.00817931483998445
-0.0798619546952731,0.00530031078194469,0.0189151833874215,0.0110682179499666
-0.0831920035664027,0.0031703741048936,0.0198321469482514,0.0121548390640703
-0.0918312886929891,-0.00697124295553686,0.00920197107926126,0.0118430829562256
-0.0914241406280588,-0.0254479096053516,-0.0108930855709708,0.0105269409178173
-0.0794935251859455,-0.039943087561455,-0.0165259588451279,0.00835752520607357
-0.0647576316600952,-0.0443226047800895,-0.00416531209167671,0.00586040026499188
-0.0454065672408654,-0.0383093264049971,0.00570531163368437,0.00349765198077498
-0.0159139221838712,-0.0189503013687365,0.00505878034549721,0.00132884621235939
0.0265956324175468,0.00368485596076883,0.00232295789341459,-0.000532405542972229
0.0791059259994851,0.00675475526072983,0.00144124605417995,-0.00129461034220628
0.108571889168497,0.00048258429623213,-0.00254493141699325,-0.000569273119696876
0.0992974374521077,0.0135565171866796,-0.0130867687953502,0.000277787074046115
0.0812390638362151,0.0328480035727876,-0.0285522463988513,6.31158130177303e-05
0.0602234483882009,0.0351930182717446,-0.0412602288287837,-0.000768577719299427
0.0267500889390904,0.0234922444744304,-0.0461293840269505,-0.00143495174630803
-0.0051865394526534,0.00409202494675509,-0.0441720928752554,-0.00153711718853767
-0.0269597389689042,-0.0131864472080079,-0.0378625686724015,-0.00106752671180223
-0.0372256595205427,-0.0201533041312201,-0.0342118878256079,-0.00072145265598726
-0.025678334175454,-0.0228926134177096,-0.0374812346927276,-0.00217554846557926
0.00680325870894487,-0.026556228018358,-0.0415172681422869,-0.00613740710971029
0.0365107180088207,-0.0258190979718573,-0.0368716463986926,-0.0101450308125157
0.0450410084270489,-0.017986329038783,-0.0255378090098419,-0.0113719766896627
0.0352032402520721,-0.00846988701250954,-0.0183629407303601,-0.00881748987902687
0.0175600257120977,-0.00148656797985338,-0.0138238518169279,-0.00227961235241231
0.0066082269414728,0.00167962612225032,-0.00658021431136619,0.00651574560655005
0.0125143517038845,0.00337302020505103,-0.0037979105311271,0.0140441766710256
0.0225767076074088,-0.000963876070259461,-0.00761534535262866,0.0178883582404611
0.0165972442876349,-0.0173488542766213,-0.00796224264563007,0.0180671541386836
-0.00394755533271551,-0.0292768438562035,0.00159786735125005,0.0162594750120766
-0.0272377386859151,-0.0219741115851152,0.0177602069976661,0.0139445252972692
-0.0470891578768009,-0.00586899121964091,0.0309897011450174,0.0114201404665295
-0.0607265584759982,0.00958713482516365,0.0336318312294658,0.00858989724313592
-0.0765998057757475,0.0306221709633191,0.0284643409789836,0.00552578381449007
-0.0916637031272358,0.054926135505398,0.0242570667717404,0.00241778892339097
-0.0818307315597425,0.0602867323154016,0.022403273574862,-0.000369268404051243
-0.051407674569692,0.055548881742773,0.019570227479548,-0.00224025888634273
-0.0262857223530867,0.050416210560264,0.00658410977009278,-0.00274893489220925
-0.000918922303454431,0.0199463735641746,-0.0215873731669329,-0.00240544099482198
0.0363086310356387,-0.00527018488696778,-0.0413771767378855,-0.00220916720435392
0.0728639969713911,0.00506974806421935,-0.034817103022392,-0.00210871053922836
0.0960232756932311,0.0209288398085374,-0.017363519523238,-0.00155432095125588
0.0876769911848981,0.0156418668788055,-0.0106096941522684,-0.000895530346318656
0.0523436292571682,-0.0264033255491315,-0.0183174329357482,-0.00157580627344537
0.0237381929804979,-0.0724602562640764,-0.0226742088643333,-0.00523263419806843
0.00261792728259057,-0.0696251930171851,-0.0098650711040031,-0.0103290732215727
-0.0239318631437634,-0.0335744242005038,0.00835919511592866,-0.0119078538107714
-0.0488456777059516,0.000755358177924756,0.0191996422634719,-0.00863949259842481
-0.0663423641879477,0.0232916312981234,0.024721686132896,-0.00431764769135698
-0.0735748576726135,0.0265484870307204,0.0262463772443468,-0.00112983598484107
-0.0656531995169541,0.0162159400819739,0.0250389125070384,0.00175962474081318
-0.0453021131548615,0.00606267700775519,0.0208663238931055,0.00489989587768669
-0.0221522465095032,-0.00543867143683409,0.0152469965543883,0.0066723406850499
-0.00223179437470457,-0.0247350157615593,0.0140185572336526,0.00544244596485088
0.0109161691784205,-0.046315810141344,0.0144558917005254,0.00308709030285741
0.0169334000431425,-0.0655684568789523,0.0157104997631933,0.00237526770018603
0.023280979000659,-0.0823030007165462,0.0235453817039602,0.00309209222918403
0.0326642997458135,-0.0855299144964703,0.0361381827695017,0.00353676494405801
0.0405442046700021,-0.0696919161407367,0.0449770719916076,0.0030506037424862
0.0399125141090158,-0.0450682332145174,0.0506120841317384,0.0017553037836276
0.020212744620241,-0.0181001187063909,0.0569538208395741,-0.000133935956303099
-0.00753718052093325,0.00997050017992655,0.0533545300093329,-0.00255830848576299
-0.0185386067403366,0.0413147001757492,0.0271571703756069,-0.00566155712934291
-0.0163297756174856,0.0718509471311782,-0.0199027170019524,-0.00906359648558981
-0.015636676893428,0.0824443042360834,-0.0679309271146777,-0.0120197753508322
-0.0171632225178333,0.0599252467256026,-0.0864403195751551,-0.013847969977249
-0.00939893056373777,0.0225794098692556,-0.0645029821489808,-0.013577433298524
0.00863679982354159,0.00419511469525084,-0.0274246814363583,-0.010340108077341
0.0292352245046196,0.000617848460734399,-0.00664803686575653,-0.0049625879479434
0.0570137506157674,-0.0164037447666335,-0.000366700654807893,-2.57005282837466e-05
0.07401202381189,-0.0348195817594061,0.00866352680287941,0.00243448736221704
0.0492769680810693,-0.0227114981171795,0.0177227616730012,0.00262145696293517
-0.00515447275533414,0.011312441769698,0.0227240761376144,0.00217755175892552
-0.0469812479944011,0.0400295982307654,0.0304640175198159,0.00248401204464974
-0.0445719761968321,0.0536018043754094,0.0351686344780796,0.00493574264815134
-0.00371056771895697,0.0300244179873576,0.0222810886628749,0.0106964599580375
0.0410718222900741,-0.0547559892856053,-0.00801280834474135,0.0170942168144832
0.0721966136795642,-0.142419654297169,-0.0336398128235038,0.0184711210122776
0.0754050688185462,-0.144536038459875,-0.0262283825978257,0.0133753363774488
0.0436685626886383,-0.075051945733779,0.00707331296755561,0.00586931325524525
0.0112277504071789,-0.00772628881530167,0.0206038466910782,-0.00048767362358278
-0.00175516089037596,0.0192826424332888,-0.000187102575396791,-0.00578744026823123
-0.0263524353247876,0.0122251896004912,-0.0184117129945921,-0.0114795183033374
-0.0718196269081147,0.00537982637179204,-0.00929171712983824,-0.0169677702646573
-0.0987439326888076,0.0250135019899891,0.0124202397371887,-0.0199093772385727
-0.0919205730051705,0.0534971456859987,0.0234621627836353,-0.0193426797581751
-0.0602509960733442,0.060924761378692,0.0163661212323768,-0.0166876466550631
-0.0222810750122318,0.0489943519033188,-0.0030829901119094,-0.0142776378963838
0.000440114359806551,0.0361720219576577,-0.0220108714664119,-0.0121968295514661
0.0243575451151462,0.0258688759377205,-0.0251394981242187,-0.00718971801097141
0.05503293969969,0.0181621391603587,-0.0119142807967805,0.00332128945086594
0.0725601584374151,0.0261370309548113,0.0013096422621105,0.0174154846500382
0.0675236523099265,0.0540335565328707,0.00846803052975227,0.0296189721018229
0.0385240470050703,0.0875903612768802,0.0136477350989973,0.0343975261892149
0.016243373297758,0.100711370600623,0.00833212379088852,0.029742963213671
0.0209492064386426,0.0680657703698623,-0.00875566299832878,0.0185336070632475
0.0263705576138244,-0.0072364293279109,-0.0181140988138748,0.00552118425138465
0.0269424955899203,-0.0669339497755375,-0.0111583314310349,-0.005396900201356
0.0372173529646465,-0.0603759207715394,0.00282025303583653,-0.0112545960323191
0.0397919716681555,-0.0183153638055711,0.0161378695523762,-0.0109299481626536
0.0260311095569212,0.0161254968747415,0.0177664084468043,-0.00618628314649686
0.0173181027622757,0.0324714579853332,-0.00163193741537427,-0.000827312460375193
0.0210084660708619,0.0147549306297322,-0.0263247980383457,0.00186049816972995
0.0394961701537092,-0.0454473929327168,-0.0338476880313054,0.00126736328929235
0.0511172371209275,-0.0958762052375031,-0.020554618112334,-0.00119997533785837
0.0172018433634014,-0.076437164568813,-0.00474354476176243,-0.00440354401763902
-0.0358474210080759,-0.0260501678894236,-0.0116372899342542,-0.0090414117802891
-0.0581916867791709,-0.00541876078626095,-0.0334918105180474,-0.0159492694508943
-0.0487334133803002,0.00305975492107202,-0.0432602931599309,-0.0229366869682179
-0.0302619984576631,0.0256900546271892,-0.0378548022928382,-0.0263531498130086
-0.0195845319471279,0.0469894664969572,-0.023350669081868,-0.024330513696867
-0.0149133821795761,0.0496899905570316,-0.00229398053294727,-0.0167072659334308
0.000494854332038275,0.0387010393663156,0.0148032292554162,-0.00503279897891937
0.0222947769831762,0.0207394071578661,0.0201344431188008,0.00736705515864745
0.0325109903619051,-0.0150893019245507,0.0160177586851729,0.01673892827832
0.0380796843760691,-0.0589320648690864,0.00896699179075151,0.0206846333897029
0.0450528830737453,-0.0694180308293095,0.00941151186753807,0.0199675142373396
0.0515991713830656,-0.0497700511418676,0.0188767036741774,0.0175161699626691
0.0634296748288552,-0.0369958809376131,0.0242532618179566,0.0149914636250927
0.0746690151823555,-0.0273005845195312,0.0211015108356933,0.011913226348216
0.0708814196305484,-0.00428384058257134,0.0190304427630943,0.0075166082797018
0.0493787236602946,0.0254208562852626,0.0198640303436668,0.00188081297349994
0.0211501142788563,0.039007658871969,0.00913713685759478,-0.00373685163466015
-0.0078228007845073,0.0166170427380946,-0.0216327067175238,-0.00769814675734504
-0.0381770784016299,-0.00608069967999247,-0.0494404243802423,-0.00985378264237459
-0.0512319359184734,0.0157417069663058,-0.0465390143860476,-0.0113559788610348
-0.0370305822071664,0.0489777720596432,-0.025805515034488,-0.0124878282857088
-0.0322965205877854,0.0320124122552904,-0.018218074061239,-0.0122998958766833
-0.0513071104581901,-0.0450568539583863,-0.0247488039194678,-0.0103754640453416
-0.0603543816925114,-0.111944461644833,-0.0262345601509681,-0.00698823365290279
-0.0575000207800686,-0.0969682511753324,-0.0243175738498898,-0.00230319873803424
-0.0684118521271305,-0.0352978326568761,-0.0311863096060293,0.00267139750948468
-0.089031055105542,0.00372341219186158,-0.0327598635591061,0.00611326683376373
-0.0939999692144206,0.0114787708511192,-0.0142996163339758,0.00732515622973739
-0.0736145194934067,0.00517116644275274,0.00944944747513717,0.00689438928930144
-0.0434032062115126,-0.00566607710805891,0.0245585299403572,0.0054268009998445
-0.0176684749366452,-0.018874002218853,0.0355184757104524,0.00331305409688754
-0.00917574003462777,-0.0380766918822226,0.0512746361186245,0.00151269605468837
-0.0223048906544524,-0.0699428394976761,0.0699547328224258,0.00108537725477956
-0.0143070318175918,-0.106467431941686,0.0743319490142227,0.00214286508209165
0.0324800284967894,-0.114704371458366,0.0597365638453353,0.00390900398072392
0.0519015533279856,-0.091749417611555,0.0448398606407253,0.00488488860157092
0.00417147451424809,-0.054436648356836,0.0430450888277809,0.00413741764921312
-0.0563024283775194,0.0107169310671057,0.041518677965756,0.00267884920589036
-0.0638553673093246,0.0823220924627921,0.0190496449754832,0.00220266547935228
-0.0292417574521531,0.110409287650818,-0.0210961722397484,0.00274645048868935
-0.0144097394953935,0.0997566081532529,-0.0527462222100577,0.0029635740483659
-0.0333397170993535,0.0782112068416764,-0.0537812828858213,0.00204841210130203
-0.0384881186801754,0.0502236189313048,-0.0300904427830957,0.00071425089408831
-0.0138175740114302,0.0162108891416428,-0.00230387114729121,0.000567052621302633
0.00809548080833222,-0.0273185803224216,0.0231906160934123,0.00221468124809623
0.0228105702839705,-0.076132196401594,0.0412977529364503,0.0044319410084962
0.0434765096726347,-0.0975292774955809,0.0387196326910906,0.00558779641048398
0.0616190415940518,-0.065580498612476,0.0225380135560236,0.0052001475695151
0.0821480006889917,-0.00440525400671312,0.0127271109124839,0.00396259001829086
0.104411709086892,0.0377100003416878,0.00897310628379604,0.00255264745724602
0.0960808691482855,0.0538609256793902,-0.00175564129213798,0.00151057503730516
0.0447125391192245,0.0600083320511996,-0.0165335445228446,0.00290587415222979
-0.0230940822575645,0.0365584864386053,-0.0175491901817347,0.00789147664284669
-0.0687819630847956,-0.0238905800516248,-0.00545425902497184,0.0129712806489552
-0.0658945100194565,-0.0528866326415176,0.00623227421105867,0.0138617211524736
-0.0299525683963803,-0.00977260293832224,0.0138460343246284,0.0109675930597868
-0.00989172220090392,0.0243293875089177,0.0172739924947081,0.007085258229868
-0.0114017664313066,-0.0126791190814002,0.0200164321578807,0.00222295575464326
0.0115229945443372,-0.0588472778547981,0.0237216484008193,-0.00478555892481789
0.0585766999096558,-0.0474734996035212,0.0191056285883074,-0.013059300699118
0.082092642722849,0.00687667733717416,0.00277358636797794,-0.022345147620949
0.0789254226802655,0.0630190613025612,-0.0166719663429379,-0.03220939736201
0.0675299612437043,0.0867633696428588,-0.032905117254625,-0.0374076895370538
0.0314546180396214,0.0607395584847404,-0.0438934622550595,-0.0322466689732772
-0.0262821459678391,0.01338611358997,-0.0435130363454049,-0.0171036123829551
-0.060932962483377,-0.0107383321704638,-0.0291010502359864,0.00281059638683597
-0.047260360895673,-0.00142707611756369,-0.0124977624420701,0.0206275745286479
-0.00903874094802246,0.0154029857614575,-0.000842105006058455,0.0310399418215966
0.0226017590014126,0.0189419453359732,0.00975740016987287,0.0331713222978724
0.0515570040800556,0.0199810845433213,0.0167271552604959,0.0288316692800042
0.0740203474495287,0.0320175855460736,0.0158722175219818,0.0199482116571636
0.0655721862283621,0.0467568843844302,0.0124343788908564,0.0086864874544461
0.0320628909998658,0.0530236020265247,0.0135270699407118,-0.00282695594438693
0.00138074648868784,0.0453154196613012,0.01717908637728,-0.0127883754917924
-0.00664787577155847,0.0287539955599081,0.00978109741067758,-0.0189773291616252
0.00402709949809552,0.0226235167271081,-0.0122858998369699,-0.0196788018075023
0.0178626371596155,0.0299179308246354,-0.0327251058718719,-0.0161680369632111
0.0333651190349701,0.0290407772436251,-0.0442624085159052,-0.0117237343363105
0.04561528944331,-0.00726882878677138,-0.0537546463108594,-0.00878662533743117
0.0416309579739194,-0.0601655908201508,-0.0516661922483918,-0.00785802081650465
0.0259347356667453,-0.0708528600031378,-0.0287975139965926,-0.00693688236473861
0.00776391568970219,-0.0414229927171457,-0.00570478148716014,-0.00428207035050044
-0.0210604263871666,-0.018840804472004,0.00838988066201045,-0.00155698874214209
-0.0552792464220236,-0.0132601838370926,0.0243144398248971,-0.000811133320178261
-0.0629115474604326,-0.0142480496894744,0.0293200034546221,-0.00140729901022487
-0.0281219051799314,-0.0223524506549766,0.00498513239359605,-0.00211984605942624
0.0191529685456456,-0.0304096241937006,-0.0259306104603976,-0.00257314645221746
0.0375804448117443,-0.023463589489771,-0.0320621425868245,-0.00224649194716663
0.0187695328322205,-0.0102656569160672,-0.0205113899355454,-0.000760630867193011
-0.0138538720731839,-0.000128032142931001,-0.00627992506296839,0.00118092139080544
-0.0257302521471294,0.0207490383759529,0.00464095357373234,0.00275757655131004
-0.016719733239287,0.048471165959262,0.00270452796503857,0.00387546933236811
-0.0308793514179285,0.0597803669148497,-0.00521274088430338,0.00417503177345525
-0.0702656823447812,0.0513878856475783,0.0011337491186429,0.00342419502635926
-0.0742289679080364,0.0330067218736107,0.0186344875712875,0.00213604169341298
-0.0242162398912837,0.014672874027478,0.027876703295933,0.000151855904778508
0.0288938125524751,0.00651803730959255,0.0250821090624775,-0.00278693588316145
0.0429702465117739,0.00765272071933275,0.0120089051687837,-0.0049999142602217
0.0259833842311322,0.00572891325995754,-0.010010670701723,-0.00458279300988407
0.00591138509131639,-0.00587016299098125,-0.0236699768458679,-0.00233302634060901
-0.00346146622043706,-0.0145631954538735,-0.0162008681220429,-0.000401556523203178
-0.00422939526386498,-0.00775375946265357,-0.00102326541239468,0.000812344740042332
-0.0040654550840931,0.00943688447480384,0.00617943358758013,0.002384577366261
-0.00588947622195121,0.0208615229042579,0.00771234388982107,0.00489808196347531
-0.00912929492027788,0.00425730657627964,0.0129474411458142,0.00803038159607928
-0.0141199161022513,-0.0307453700483323,0.0213492312552698,0.0104273471510192
-0.0181846693891964,-0.0392213754151147,0.0267019214950067,0.0106169767224641
-0.0150737056649656,-0.0201925570260422,0.0315867887940248,0.00896135987546812
0.00600972600544876,0.00704235645084321,0.0371165522916609,0.00640027371237456
0.031205980228436,0.0473869464904669,0.037816266794303,0.00254053509461936
0.0147887758617637,0.0931959577184267,0.0304514767131787,-0.00249074900819277
-0.0348140972008578,0.115916466538747,0.00726782187391152,-0.00643304481986203
-0.0558874939646738,0.101523847940004,-0.0308423646183787,-0.00733432339101453
-0.0334526799196877,0.0807828232832896,-0.0622621607691996,-0.00625095018025068
-0.00203784932443263,0.0763188579467227,-0.0701080811480482,-0.00507219041654332
0.0173655201174675,0.0689301008527374,-0.0591922110451946,-0.00376916664816746
0.0291644997379916,0.0273979503955204,-0.0441740677661704,-0.00230573289427248
0.0384144255958537,-0.0530953971152113,-0.0302961590496862,-0.00190458168538038
0.0539234390146313,-0.137030925879489,-0.019170680275165,-0.0021041622682175
0.0676815329001439,-0.170700737812832,-0.00893599300222832,-0.000739425235819612
0.0408534721943713,-0.118764752007292,0.00950688611315066,0.00186192550049959
-0.0162189817969921,-0.02454924442013,0.0291675764836653,0.00340702305928273
-0.0505143727219544,0.0420179678848606,0.0368535717849167,0.00350837262212242
-0.0646631627016197,0.070759299023996,0.0368631178566815,0.00343110796806326
-0.0789407237135303,0.0708787094087678,0.0353549669194587,0.00397782842323661
-0.0720601128655219,0.0491987896811026,0.0268550959927387,0.00546921639903615
-0.0400912292495156,0.0232914030082948,0.0105579504663655,0.00797515766912585
-0.0193305209733704,0.00932276947810474,0.00162630342241609,0.0107184560025089
-0.019466145391144,0.0132277743273657,0.00219360624491506,0.0115359462169286
-0.0132845188708013,0.0192578305922374,-0.00576915658618346,0.00820246554363328
0.0028420573588981,-0.00655695759452526,-0.0194539773065941,0.00199662183123208
0.0139329941721697,-0.0615091189080664,-0.019697216313062,-0.00373489404131064
0.0223585787371203,-0.0808364018809267,-0.0112369623435909,-0.00880648515221879
0.0301996671279352,-0.0403703969447702,-0.0144654674220497,-0.0146285183753733
0.0257823025583632,-0.000538090909218733,-0.0325080142865375,-0.0199082091119325
0.00479931160922321,0.00479493616308622,-0.0401477388121164,-0.0220140990434001
-0.0120564831491577,0.00092669993944312,-0.0171229370956696,-0.0199378527774631
-0.0033187704314451,-0.000495220753937749,0.0215238903145005,-0.0141056945366299
0.0264237558460283,-0.009313062441464,0.0520042226456141,-0.00565577610348609
0.0613032102381856,-0.0185856702329839,0.057428695138921,0.00330084877406373
0.0901281426785865,-0.0146007371020155,0.0360049300792899,0.0101011371682592
0.0839495617810805,-0.00749933967928883,0.0128578776659033,0.0128427942635587
0.0339755982613129,-0.0142656628107989,0.00764308837436046,0.0115242020397017
-0.00877391033956662,-0.0234118808029447,0.0138316768491791,0.00808307326878902
-0.022474018534485,-0.0105606473210622,0.0221104995036763,0.00543211504550204
-0.026866700040857,0.019019351279122,0.0254936804687693,0.00533726127441054
-0.0181755082664783,0.0308214038464752,0.0152845628758701,0.00674429703410655
-0.0145047626755735,0.00613145737117458,-0.00632020548884953,0.00740460981206859
-0.0545211994460628,-0.0184175863015666,-0.0260443639177493,0.00603754195117406
-0.107140225039883,0.000956609066270597,-0.0314757966930083,0.00238230590519442
-0.116122371902856,0.0368618818167269,-0.0294010181283598,-0.00282083084931572
-0.0718615690754554,0.0246042842318846,-0.0320130289254307,-0.00828697300816277
0.0115653582386765,-0.0599439435916638,-0.029852401618103,-0.0125565429445168
0.0792086367444047,-0.149165815735693,-0.0134279125440866,-0.0138967397420643
0.0851586350529738,-0.161711684777516,0.0109928338005685,-0.0118550656539661
0.0741729289680704,-0.120175257184324,0.0353253364090344,-0.00755292325859317
0.0780713048391117,-0.0779927088049325,0.0603448137633971,-0.00200556516214201
0.067822144999503,-0.0420168998149722,0.0805757450895693,0.00346800294666738
0.0436174001228607,-0.00648580430106749,0.0815062639976575,0.00706133076708023
0.0266129114240371,0.0279407483584851,0.072928465570056,0.00835466747106314
-0.00956093469756403,0.0546809793619479,0.0729792983743378,0.00836933204432299
-0.0958533720368835,0.0752038472727121,0.0794344569569254,0.00778477965360009
-0.187719295257191,0.100154303455533,0.0819166625160988,0.00710325810600375
-0.224916894606125,0.121641139318485,0.0682709529256243,0.00710292998495781
-0.20305715017988,0.133497894206981,0.0260454594796393,0.00688537250426318
-0.138374074930586,0.138919148700483,-0.0363077328791005,0.00424440934073794
-0.0390842299930693,0.111411926849743,-0.0805564189889108,-0.000593222919154371
0.0675649440033396,0.00650520769203281,-0.0787360996950866,-0.00465361504289885
0.133648974157881,-0.107772503645175,-0.0381690641677155,-0.00607036892411916
0.126381795120819,-0.101232216177353,0.00837866535138782,-0.00484693880123519
0.071886713771131,-0.0419110269764515,0.0279653407953404,-0.00228656894196285
0.0522279736173146,-0.0459057293309182,0.0236478686173042,-0.00117905839439342
0.0912430067559303,-0.0489256433539647,0.0199843555555557,-0.00206551729521721
0.118112644663072,-0.0114523342382517,0.0172140659921876,-0.00165437978165959
0.0892675736835845,-0.00701561378430113,6.44281956899747e-05,0.00184240663281526
0.0335651811659077,-0.0618490592769533,-0.0310490328271745,0.00567100594884092
-0.00622888408677832,-0.103519116046472,-0.0644548686575487,0.00680634749817112
-0.00908161170929156,-0.0621155669286293,-0.0821622041663898,0.00551763978833513
9.87693331012812e-05,0.0228008912565603,-0.069884464898672,0.0036422684139128
-0.022127314663178,0.064049656109256,-0.0379290230247362,0.00240213703028224
-0.061031345699296,0.0561404206047392,-0.00714034581772335,0.00278345303366219
-0.0700406291270231,0.0536998952649951,0.0101556488597569,0.00565784315845256
-0.0449364682778853,0.0657189321865189,0.00830666562432089,0.00962492456683358
-0.0101764743365422,0.0599813708998559,-0.00780031992364334,0.0104794527956566
0.0131160293294648,0.029436436933103,-0.0207767006667523,0.00607204404478046
0.0146496650153739,-0.00129494220199977,-0.0202004318884755,-2.59270146748293e-05
0.0044259602010474,-0.0168664533688049,-0.0162326468486001,-0.00335345037448717
-0.00154719040143578,-0.0232730210739715,-0.017717871235429,-0.00408020089585428
0.00601380922658949,-0.0214589463491179,-0.0210772584581855,-0.00508251575446083
0.0238696803120449,-0.0163611941230194,-0.0278388807177882,-0.00777900271779518
0.0295528555000186,-0.0180001263232206,-0.0412399308546126,-0.0110080368132639
0.0155402706323657,-0.023788744127462,-0.052403710416746,-0.0128312774034716
0.00599703899983998,-0.02572862342787,-0.0537939436811274,-0.0128657417311716
0.00993490428140519,-0.0189622484397003,-0.0488703842562124,-0.0114599179827759
0.00220241006769875,-0.00611239011248815,-0.0409117048598796,-0.00828642313455996
-0.017301973853798,0.00775229216872161,-0.0322289962689129,-0.00328121987147617
-0.0154810888017772,0.01220451994806,-0.0330450978498468,0.00236779762216318
0.00308947620559935,0.00278043745223698,-0.0488391429689474,0.00625054135114265
0.0125241408619462,0.00703084367861992,-0.0628471856994941,0.00692346486850708
0.0250221400934146,0.0309118026647937,-0.0632131242513167,0.0059922843725729
0.0570151545045879,0.0322274052512384,-0.0569781822169664,0.00594609524445289
0.0846159117673147,0.00727561657140438,-0.0473299696586243,0.00707549114613374
0.0796466537524384,-0.0149572257763341,-0.0346194864193136,0.00762579681932855
0.0503455178086314,-0.0421134043349794,-0.0180395152361715,0.00595171576967323
0.0102270800428906,-0.0667952373954093,0.00443271941982809,0.00242017235053199
-0.0317279048971384,-0.0518013839288226,0.0247459919536816,-0.000830293613149366
-0.0619200183135187,-0.00658600796932705,0.0311750309986871,-0.00248810466687886
-0.075675530258837,0.0277531813874958,0.0291187821689806,-0.00342777168507858
-0.0749111824739977,0.0416043649337144,0.0316049939374333,-0.00488547537062049
-0.0768568041185789,0.0530483514643466,0.0294384183036608,-0.00658191534932748
-0.0889818307567271,0.0674040985365185,0.00912454879659469,-0.00730531932123228
-0.0758590748694095,0.0681569116969162,-0.017752553804607,-0.00677162111327545
-0.0209665145909848,0.0417115974648566,-0.0292030317734469,-0.00590399258251699
0.0330579528902226,-0.00743584942025001,-0.0207449703802399,-0.00576232164687592
0.0522438943264179,-0.0568420473555342,-0.0039674367548968,-0.00654094544682163
0.0472101156486292,-0.0852328578960022,0.0124870170409551,-0.00704092340886118
0.0466839375844195,-0.0865433889667984,0.0312684469438211,-0.00564430112768264
0.0475857476066793,-0.0664915694348598,0.05413225262608,-0.00172862141465136
0.00171462850307162,-0.036872401832703,0.0686196524122602,0.003645959422497
-0.06127556038075,-0.00870623449984227,0.0661326013889112,0.0078444071003234
-0.0418687923993056,-0.00441278803442999,0.0531880471966811,0.00920307575353618
0.0264132707485241,-0.0248403974486449,0.0446170962204428,0.00894921110175996
0.0407733664766176,-0.0155556023983958,0.040423205556895,0.00811045191222725
0.00406236898980821,0.04620553355612,0.0112482526784533,0.00595292926959547
-0.0411797014927176,0.0775965438866519,-0.0444143316772716,0.0017805859238348
-0.0685398117905433,0.00990052249797102,-0.0748218729868486,-0.00480320642285054
-0.0523429658870147,-0.0587047767823936,-0.0567219643158673,-0.0118337267810738
-0.016394354318546,-0.0137876803909217,-0.0178314941360591,-0.0146107076223674
-0.0278679812737771,0.0788090714329797,0.0239940316532793,-0.0116015228343284
-0.0824322502928101,0.118925761672347,0.0605617022692151,-0.00609068669647922
-0.107479727887599,0.110780338422228,0.0809416230693734,-0.000658231499365624
-0.0818810830222691,0.0838159779998185,0.0860396929766458,0.00489700860017141
-0.0333019300667186,0.0499162875264936,0.0721439299138637,0.0103275246351538
0.0234417556041594,0.00605438305588063,0.0306000078726697,0.0136546201630876
0.104001012162735,-0.0627684598922799,-0.0185453377060186,0.0129142724539143
0.177470080010839,-0.129988817986115,-0.037274787981362,0.00810410577545251
0.166277046800589,-0.145908725770305,-0.0206629998988721,0.0026455725993953
0.0916244909819789,-0.113445784608885,0.00112958011612826,0.000908867190019052
0.030265601687852,-0.0654556845745403,0.00144871330839943,0.00322962196883298
0.00230610654243402,-0.0268431559991842,-0.0189573774251552,0.0062509539101111
-0.00411621321305662,-0.0109978647529146,-0.0348939090065601,0.00724370929308255
0.00326942089785635,-0.00811307926515514,-0.0309327403900323,0.00578876516267296
0.0207477942755315,0.000434767585598211,-0.0190356144577955,0.00292185579987366
0.0334773559642894,0.020371008712086,-0.0116808565207501,-0.000486335724357084
0.0278650371453278,0.0406607855418019,-0.00900663801649537,-0.004531067576471
0.0102528389218639,0.0463377220041439,-0.00975531235522676,-0.00906218072248035
-0.00552323591097685,0.0348746038338877,-0.0106707397622865,-0.0127658696571121
-0.0143091975380479,0.0177858176034166,-0.00712127295642905,-0.0141952661595878
-0.0329665363879911,0.0107120286458439,0.000124135766238233,-0.0135948668919661
-0.0725976031681111,0.0149260981368671,0.00617103046329113,-0.0113221908960831
-0.0984416173336078,0.0144489861497713,0.0114398497210693,-0.00562481639399492
-0.0760817820289661,0.00272629344044979,0.0226901926548938,0.00392788380735886
-0.0252389619296244,-0.00998938129106867,0.0340690015016971,0.0144942333255146
0.0223267267151179,-0.0155026690536046,0.0292058507961805,0.0220295408317043
0.0561602259954198,-0.0093023755783602,0.00176846032025214,0.0227692140681105
0.0557572993272992,0.00485726848033943,-0.0315603273864945,0.0161969494880691
0.0208703786079095,0.0109507388230611,-0.0422086880565817,0.00623616680306532
-0.000752758754595025,0.00183513421314381,-0.034830526383744,-0.00232529426496932
0.0188858030729081,-0.00949345160414107,-0.0384805817195137,-0.00749569049909543
0.0727259094554152,-0.00343932054074883,-0.0507597367285878,-0.00938414829172086
0.131017624402468,0.0211602772033247,-0.0361950606472217,-0.00793316207095925
0.130109778005576,0.0456256461449916,0.0138016912388454,-0.00395842976093597
0.0524350094305896,0.0561790921742142,0.0595814274051356,0.000270285535063297
-0.0252725269972902,0.0540148041641199,0.0776705625970221,0.00309595515881952
-0.0419058403388762,0.0518262559851221,0.0841387871903741,0.00440616240501154
-0.0295479364990554,0.0565458217523694,0.0872652249604776,0.00489996888827785
-0.024168093312748,0.0577322224489794,0.0783137576951256,0.00626369059896233
-0.0147798871780183,0.000453791487481328,0.0526984925779655,0.00985486203427365
-0.0142419210112548,-0.119936132797606,0.0204816619493243,0.0133412391964366
-0.0335613262689395,-0.185263758966871,-0.00835842291172148,0.0129071771308991
-0.0499954202403704,-0.161074524401024,-0.0412095577088675,0.0081045809114415
-0.0578175497562553,-0.102717870463697,-0.0704726795450007,0.00126014533378408
-0.0585890093643227,-0.0264899223436726,-0.0733271142164045,-0.00534654208628748
-0.0518604377052863,0.0368949554938526,-0.0511882973786364,-0.0107939017034557
-0.0331373514970319,0.0709581474530276,-0.0191272113311639,-0.0150579052027825
0.0156555499322105,0.0878256707494089,0.00881279959888691,-0.0191278914563527
0.0870015366195974,0.0761411519829949,0.0252051909921201,-0.0247102708363211
0.132406989617278,0.0492242334154614,0.0344918874062493,-0.0293049808576235
0.115863785098589,0.0393341386913303,0.0360824706141004,-0.0268411382249053
0.048505689652536,0.0317568637072995,0.0206275077718392,-0.0156476603453272
-0.044573994684939,0.0069538543353204,-0.00944099644779335,0.000560916904725872
-0.128966396811657,-0.0240848784998836,-0.0263730112529867,0.0165942919745268
-0.154455972727395,-0.037953251428325,-0.00577721660575281,0.0279930505220618
-0.120097688042318,-0.0216045997059811,0.0314300189333661,0.0325351326309739
-0.0784004255501859,0.00792651453906443,0.0423659727935052,0.0305068229797549
-0.0544782633606356,0.0239401920476633,0.0250106374603084,0.0234947722429816
-0.0283217467717792,0.0189532390621493,0.00650319195010719,0.0138678449981746
0.0172067948378957,-0.000628944522477071,-0.000697238495320432,0.00475571627890451
0.0417927236818873,-0.0344968207241312,0.00391434830053989,-0.00193169856841693
0.000565575872040361,-0.059911268389022,0.0153416809889858,-0.00639651744415477
-0.0648059939086676,-0.0428611484728088,0.0181539004491796,-0.00897251990905001
-0.0982892859551713,-0.00648119423033975,0.00141229524703283,-0.00974527945269402
-0.0990014527763244,-0.00309786898715869,-0.02484296208033,-0.0101767774331912
-0.0657687145180008,-0.0272948678122354,-0.0545636967447255,-0.0117831103713542
0.00787255198406082,-0.0385779523997253,-0.0784528251651496,-0.0136350066177464
0.0977677909107376,-0.0403774211572942,-0.0767503099589086,-0.0140975644379396
0.144157063242816,-0.0334219909123062,-0.0628403609541976,-0.0130142892218645
0.0986160939583531,-0.00410454293955969,-0.0572316250470159,-0.0111480077268532
0.00321876246636221,0.0124821537516897,-0.0483838636164428,-0.00933974820296384
-0.0659100194297196,-0.00811604125128565,-0.0258632354939429,-0.00714992108928182
-0.0848012087191301,-0.0365416585419139,0.000625497763010532,-0.00318473084205425
-0.0687677832362315,-0.043891294379583,0.0194668857001502,0.00205845508637731
-0.0431362163639541,-0.0304092734989195,0.0243015821121898,0.00636513897120855
-0.0217560973683973,-0.0111514374228989,0.0168287713567115,0.00827654791185118
-0.00769782023296555,0.00171032187590187,0.0115565199005713,0.00789136250469474
4.33734447065532e-05,0.00634081388234064,0.0127510498926655,0.00655496366658425
0.00320380379702809,0.00643565840166692,0.00210866939785879,0.00517343610947392
0.00618393644775038,0.00220518647584361,-0.0180080946854227,0.0030580377584387
0.000714490602893931,-0.00862317899393161,-0.0256857957262395,-0.00041349554853702
-0.0305236233048356,-0.018286451240407,-0.0231185304348413,-0.00437103285440451
-0.049037137443067,-0.019187753874618,-0.0157099792594414,-0.0071075480903506
-0.0103332260041826,-0.0104649058097374,-0.00227952636216177,-0.006795941721288
0.0509959576996735,0.00599947849297673,0.0072054083233423,-0.00291380457440108
0.0859602524899016,0.00924378078363635,0.0125731821934009,0.00252149433131065
0.0822998328780331,-0.00183715109931545,0.0214102890899521,0.00685612917525457
0.0548954073520564,-0.000952554955256235,0.0258827462303102,0.00855794943169558
0.0175713294007784,0.0146195419521348,0.0248715010315676,0.0073526047564589
-0.0389521066783785,0.0342725932750662,0.0175112572509549,0.00429980638334023
-0.0721933046163576,0.0472320467983956,-0.00777003528785918,0.000850800547358331
-0.027989670923447,0.0414463364190667,-0.030659676337111,-0.00193146414003435
0.0362767792884723,0.0287279803696978,-0.0272517360611044,-0.00335446686676567
0.0695125828950627,0.0265271064525398,-0.0182482793490795,-0.00348720268651793
0.084147923079044,0.022015205628794,-0.0210981028779491,-0.00326906485551715
0.0701378031463432,0.0107776751753783,-0.0174761182268627,-0.00379118146206912
0.0302729721900939,0.00945893104063164,0.000407435501369124,-0.00475142068275018
-0.00474832174887674,0.0171365889900683,0.0149029408441537,-0.00412706871049968
-0.019019227613089,0.0226362946163692,0.0180362369001768,-0.001016492585813
-0.0234534748890965,0.0255674880305693,0.0182737492029159,0.00273217335066764
-0.023306205270209,0.0240404935028654,0.02108684298673,0.0048161457731367
-0.0127249901415741,0.0124160803310929,0.0208591882506051,0.00483828600424601
-0.00554386611311271,-0.000379736106554819,0.0133709660501141,0.00474141589914522
-0.00430459780781225,-0.008113168542736,0.00383752564641763,0.00687581343892494
-0.0101754212548197,-0.020426448931231,-0.00371363823322568,0.0103560604209749
-0.0376148999453157,-0.0248667352464489,-0.0104701058012809,0.0113724986776479
-0.0622791071009425,-0.000912528532686675,-0.0116502254571932,0.00847472534057019
-0.0450241030032256,0.0303415531555256,-0.00152071712878276,0.00402078679742273
0.0147559095140209,0.0421398379940871,0.0136197548750076,0.000581153618667771
0.0737640068237051,0.0444795357612103,0.0229906768622454,-0.00147185581281315
0.088160391358957,0.0536014029958807,0.022825924700124,-0.00424225998287686
0.0651830869969801,0.0618320177174719,0.0172928687197483,-0.00911301713141205
0.0322889277972353,0.056624616201993,0.0111276524349542,-0.0140487552725399
0.00154612651386256,0.0315223098388258,0.00669450744688041,-0.0164468710692109
-0.0348201232409869,-0.00705744816308721,0.00277415378009012,-0.0147825191629965
-0.0764723918741,-0.0218704759819481,-0.00870530628047173,-0.00844285557994782
-0.084960619953933,3.54172529294201e-05,-0.0234701468348419,0.000817478853196774
-0.0524891552059462,0.021839249941758,-0.0207223634893174,0.00978036987975981
-0.0215099219348395,0.0228863438377101,-0.00153690293638481,0.0160200722260488
-0.0139955301090919,0.0117950552078454,0.0139638276243916,0.0185113538571759
-0.0183874765542095,-0.00051963257820976,0.0197109827587772,0.0174582733492966
-0.0143154700415172,-0.00873525719144894,0.0190661977000783,0.0134596790045184
-0.00586414195289561,-0.0121193598356365,0.0140934834794878,0.0073355084031535
-0.00506847205308654,-0.0180602041005173,0.00745427428867736,0.000428589858667158
0.00159292534969334,-0.0345740073219009,0.00131570790046545,-0.00564057200962643
0.0123087285622229,-0.0426519893637783,-0.00746195728517852,-0.00916844467499793
0.0103132231726278,-0.0252527470043713,-0.017427507893459,-0.00991487951569285
0.00258414758131371,-0.000637094586703947,-0.0222998377111641,-0.0094862287755958
-0.00242910979305351,0.0171727934115498,-0.0262713222495342,-0.00887159472909767
-0.00555660182241861,0.0249992477684475,-0.0289905537525267,-0.00760947250769961
-0.00658014668730427,0.0153222932418284,-0.0222560358230364,-0.00562295374379104
-0.0114582287850703,-0.000748128534435445,-0.00907754264735802,-0.00380485169710331
-0.0228872026880216,-0.00513229340386816,0.0023471289560739,-0.00276022758483575
-0.0329129629027471,-0.00214737361487772,0.00945644713260211,-0.00216709878985346
-0.0287781029927635,-0.0042289714625865,0.0126260754883594,-0.00144674923251057
-0.0113980775487958,-0.0113780094701989,0.0126414805972937,-0.000663465207774112
-0.00589583555317888,-0.0180621047782932,0.0151012650378325,-8.40890356754321e-05
-0.0255742581558934,-0.0225223053240565,0.0229875950159198,0.00049450396685771
-0.0451918000928003,-0.0231127597554486,0.0274744820342607,0.00136407443807355
-0.0478137377913844,-0.0209407509608617,0.0222611328612265,0.00228856093743042
-0.0475778508673771,-0.0194303479149797,0.0134120266103475,0.00256189207691831
-0.0423347585690534,-0.018141947279696,0.00688229488891206,0.0015991822545656
-0.0181565834649989,-0.0180761802503774,0.00101176220539852,-0.000587754277859905
0.0192002543725497,-0.0173468374971294,-0.00707428479118528,-0.00317101246394654
0.0540671506289471,-0.014304436464696,-0.0216150399945964,-0.00473155852532234
0.0621345387031153,-0.0172175199070475,-0.0340373795216798,-0.00464486581983255
0.0241519151559308,-0.0282365944014822,-0.0228193377629458,-0.00342530200996123
-0.0426775264635209,-0.0461092738615285,0.00679774730946616,-0.00141043511376385
-0.0941990827924104,-0.0677615235239197,0.0332107499589904,0.000968815902780576
-0.113790864827198,-0.0760380681631961,0.0553884662348393,0.00293283863395178
-0.112746509428381,-0.0606531220637953,0.0724885837967987,0.00402919999630648
-0.0819214855182411,-0.0388648950106212,0.0724606459498333,0.00412527877861839
-0.0127819802069391,-0.0415069160203623,0.0592575299069416,0.00341103029334108
0.0897350292693971,-0.0513604788049696,0.0374936769916712,0.00208786055418806
0.191146789824306,-0.0288934948181343,0.00743169922552887,-0.000302717523485058
0.218941290557806,0.0102851616389694,-0.0143824227835226,-0.0039913607923899
0.132168039375729,0.0529810947478076,-0.0152158872624325,-0.0074320784323093
-0.00538846302143373,0.0908207003761361,0.00204348862441253,-0.00781654257747795
-0.0762956690591366,0.0865114702064544,0.012702606218623,-0.00360655690961438
-0.0822307962275648,0.0401271717512817,-0.000475179656587804,0.00342458103510981
-0.09653425046853,-0.0131599994153459,-0.0189322859402449,0.00939882324583321
-0.106092959451572,-0.0539471555933543,-0.0334396428914611,0.011869764688306
-0.0821951303438317,-0.0770980604790056,-0.04651781118613,0.0111994311297378
-0.0597159792379146,-0.0684745288121956,-0.0459026270685842,0.00880228788294364
-0.0508052149974984,-0.0238224433095108,-0.0327824497651433,0.00586237507050017
-0.00814976553606925,0.0172380217380908,-0.0215375536497263,0.00210638656133629
0.0688895826295768,0.0250418005279307,-0.00889206538410119,-0.00434558201843667
0.111670340417112,0.0171226240077203,0.0089396374088896,-0.0125666426935333
0.0971862510393522,0.0116255693237059,0.0251191528509077,-0.0179163402814036
0.0602242488046053,0.013901637865883,0.032960688827005,-0.0181291558609291
0.00409479447929931,0.0233560787375849,0.0278909817122529,-0.0148755670940096
-0.0602204102670098,0.0276188320574311,0.0151283217600803,-0.00969749018354051
-0.0789045414503098,0.0220688952367015,0.00317330487286057,-0.00302098565190041
-0.0429708690787192,0.0153008057289846,-0.00274453271727532,0.00385789509746633
0.00157831908054608,0.0107026672059497,0.00339701485898423,0.00924618280528737
0.0249720784638228,0.0158990327636074,0.0165267500165055,0.012581639649437
0.0293739586953472,0.0399967402627235,0.0237889898683972,0.0136959222225865
0.0218857570809931,0.0701654238857293,0.021733591745034,0.0124921196665783
0.00536109359799089,0.091006044563759,0.0155729722497827,0.00942778036684663
-0.00829058991386347,0.105394678939007,0.00859857950527483,0.00529248510590809
0.000963237402500273,0.119414307663319,-0.0012780858411398,0.00122153726181218
0.037259350834062,0.137725869559655,-0.0139212813981414,-0.00134699450744737
0.0698550479733793,0.148227071745828,-0.0254790633861818,-0.00180413081753038
0.0573062835906479,0.11405035429764,-0.0356592682035962,-0.00113581239551705
0.0069322823056791,0.0181914694699649,-0.0482868078833327,-0.000729931793107411
-0.0418213341592769,-0.0920430463333224,-0.0581665407493263,-0.000837435346530089
-0.0704495182145501,-0.136682092161293,-0.0582856442283433,-0.000999499148122359
-0.0758749212625442,-0.123891032636065,-0.0556102922486168,-0.000827948697605106
-0.0541959875688135,-0.112519398571598,-0.0521096695099176,0.000456582275292974
-0.0176625427503563,-0.0767254364339293,-0.0380636892375425,0.00259835469891175
0.00361985323723793,-0.00625452576524971,-0.018319728277795,0.00317361565547607
0.00894242935332486,0.0462646346522626,-0.00622339402770442,0.000809981104580478
0.011005568124714,0.0737065615657883,0.00109278775043115,-0.00328928522680522
-0.00074724830207205,0.0976427195866253,0.0111190207833629,-0.00749932489368833
-0.0221079887384643,0.115664650857049,0.0179093856753711,-0.0113725742451266
-0.0428170548808372,0.114276778232899,0.0169781028150391,-0.0155613919061771
-0.0705264651386465,0.0976880063781405,0.0186740022251003,-0.0190783004334415
-0.0959578588377267,0.0795972817188203,0.0295107425202971,-0.0194644197290111
-0.10096787289819,0.0432306016654526,0.0408643456239218,-0.0152725216477433
-0.0841813580551455,-0.0177527733416967,0.0432108337593886,-0.00549816576131315
-0.0410371198045826,-0.0583099766602808,0.034728568999135,0.00876241943167969
0.00883804743391704,-0.0711159735887697,0.0173395273218882,0.0225629685134539
0.0236858124308716,-0.0933922728146752,-0.000969469230931747,0.0302759051746244
0.018209529618692,-0.113334453405264,-0.00935404170189346,0.0298451806664761
0.0170544342608081,-0.103090904869018,-0.00593453508528901,0.0235535230237
0.031118267199079,-0.0771020847331718,0.00924256039474271,0.0165669816301827
0.0841940443049501,-0.0637953562647589,0.0306879454152558,0.0139811429099067
0.124203903624367,-0.0601896460568014,0.0384483861965216,0.0146281420393943
0.0697827162894463,-0.0216305140543023,0.0314499424632351,0.0113085585801195
-0.0181593934312712,0.0391340677102486,0.0177887027479027,0.00089696651693599
-0.0452938267490056,0.0512292221047732,-0.0139449874216664,-0.0117703473527185
-0.0430762712040693,0.0348784043780264,-0.0511611779689601,-0.0208111087485753
-0.0394132058758369,0.0410500797973801,-0.0670478202936963,-0.024204374541168
-0.0316300688464644,0.0430249994616125,-0.0615178449896173,-0.0235025104662939
-0.0416411231671126,0.0136409266247788,-0.0366577159931092,-0.0238054848495861
-0.0646004552548514,-0.0263384148787729,0.00623097540203081,-0.0291579519454937
-0.075653478740069,-0.0571170217490064,0.0447741541360597,-0.0347458908142186
-0.0559124081314328,-0.0799521918870045,0.0560346367802606,-0.031351745599504
-0.000901900778092678,-0.0878887704736797,0.0484890724673531,-0.0161454313473871
0.0802188179164367,-0.0778118448965806,0.0393519147887091,0.00546113711907668
0.14988657980394,-0.0673870472627962,0.0316773449521524,0.0243370523619525
0.152569287047336,-0.0605332233598579,0.0291610826648414,0.0341950969483919
0.0999774763213665,-0.0440159254440747,0.0307587698568102,0.0346087877493967
0.0676734631827687,-0.019872966638281,0.0219571874635498,0.0285948541194077
0.082954672470277,-0.00883732140258235,0.00226724544110046,0.0198524779859436
0.1074113620571,-0.0250818113425335,-0.00867757275849872,0.0119611266434239
0.102765604309182,-0.057434891334469,-0.000958829393822653,0.00793057374844988
0.0596436378449222,-0.0767851583183657,0.0228320731725133,0.00687679644945021
-0.0236235029176602,-0.0731105642992851,0.0532671219392725,0.00458597582390689
-0.115757844936856,-0.0567782122063583,0.0763545707454224,-0.000502279532945644
-0.148267644346649,-0.0195926131920909,0.0826559297306313,-0.00599662395877869
-0.129298401890101,0.0502595030182515,0.0738801998594818,-0.00935981515018224
-0.102849135999175,0.128631795499218,0.0583298026966512,-0.0109419258584593
-0.0431712962958848,0.151056075759798,0.0282345259536393,-0.0127959642415589
0.0590782148701369,0.102337613504088,-0.0234049234331848,-0.0162338450571783
0.145370153725869,0.0591890832436863,-0.0670818040671368,-0.0215742310980158
0.191133049567842,0.0593244921171894,-0.0823051148915802,-0.0276127237464129
0.219812250937264,0.0567662104321049,-0.0868768519405699,-0.0317780458716438
0.208552365453545,0.032312289067625,-0.0944538181444974,-0.0307257400386047
0.136566190621192,0.0143937410950826,-0.0980772420752208,-0.0217077625605491
0.057012763464523,-0.000587638930292733,-0.087363524441733,-0.00608395194385052
0.0154174464627084,-0.0385399056938008,-0.0639536758036475,0.0119265284190311
0.0097058479779611,-0.0777294020149233,-0.0314526282884136,0.0282540360904196
0.0266315028630639,-0.075336720865792,0.00480544629933209,0.0386314201410718
0.0397326213402621,-0.0383339847004036,0.0308129660866023,0.0403283162024988
0.0344406663620738,-0.00458414147291783,0.0407909979686089,0.0342339865820392
0.0310948102772925,0.00815267842049793,0.0380486141639018,0.0239366106249944
0.016591781510383,0.00468043424658674,0.0266837349960545,0.0132001739592037
-0.0459436457474389,-0.00302118671650119,0.0153603835991869,0.0039112284382747
-0.119310980253305,-0.0042583621362555,0.0103714937887228,-0.00392665749337526
-0.14647092815589,0.00205729948304799,0.00680659744265622,-0.0106366078418323
-0.128975799467663,0.00655562240789961,-0.00131998913398048,-0.0159380600043092
-0.0839413725007881,0.00697180558241343,-0.0110247034218149,-0.0189277283197958
-0.0214553394585267,0.0101900804677302,-0.0154821233962952,-0.0187367883124764
0.0429596758415249,0.0180907104269725,-0.0157128694011006,-0.0167499809267451
0.0850318448048669,0.031270826729558,-0.0203811411731562,-0.0151410252795381
0.0867482792601487,0.0450421368882572,-0.0328690453618484,-0.0124951334007148
0.069957546219442,0.0376934372000723,-0.0516400929946592,-0.00573133626301735
0.0707751217142488,0.00183137060244001,-0.0688959761717064,0.0043898886164948
0.0821424986269401,-0.0314370970820144,-0.0687779558977359,0.0129946859997167
0.0746174666460084,-0.0386200794299969,-0.0506446025240046,0.0161320815287034
0.041355681613482,-0.0280092509162067,-0.0282379027928564,0.0142250993151074
0.000200888433679144,-0.00510401766027196,-0.00773687759167165,0.0100151908215605
-0.0241194510219644,0.0266841760589578,0.0059954078753583,0.00573787353107251
-0.0261392236987746,0.0493255177039667,0.00642577308743823,0.0034187634286052
-0.0161612664432876,0.0456342513462643,-0.00328060424878797,0.00367910195765882
-0.00739696233970363,0.0230054792265836,-0.0180705792247455,0.00429283137989251
-0.0131776518779913,0.0020436614238576,-0.0360532239992416,0.00374483176162418
-0.0288226393968671,-0.0153015420470419,-0.0467829982529871,0.00271734159737605
-0.0325745962237765,-0.0185691427445278,-0.0418880076441165,0.00155661603512586
-0.024689552102332,-0.00544542787850755,-0.0270536410122458,0.000133023192134558
-0.0406999233493618,-0.0143599653917363,-0.0107786688055321,-0.00129986621943174
-0.0899673056195877,-0.0334208500094754,0.00694331051925204,-0.0023825461019874
-0.128525269350895,-0.0135891785487754,0.023764016026754,-0.00271967436243433
-0.127458485372706,0.0263912360878871,0.0278671967968632,-0.00201269379637161
-0.103962172179144,0.0456293891343272,0.0196887133537104,-0.000442568193143991
-0.0660286918780556,0.0346617783632196,0.00983853599089959,0.00143492977462068
0.00337396142651575,-0.00433785240342691,0.00907855495928727,0.00274165863064453
0.100134359210518,-0.0508222257651956,0.0207354408664006,0.00282075079554541
0.187908230188319,-0.0740575486207525,0.0294320442413193,0.0018575140335013
0.220613366775723,-0.0715394895154537,0.0240428198854092,7.90772027454653e-05
0.16871131181699,-0.0525163002535598,0.014892095280029,-0.00253353267485423
0.0678405238591331,-0.0163788407766681,0.0130832139827225,-0.00494757926960762
-0.00417913443654225,0.0198345758789219,0.0117786240210362,-0.00504418889468169
-0.032034469042159,0.0340230742838897,0.00448841066818254,-0.00231050872664661
-0.043188678963403,0.0291856604088689,-0.00252497485415966,0.00141121864316891
-0.0550246041595813,0.025121822726675,-0.00564808711046496,0.00455737304679284
-0.0713038247701457,0.0357162703448751,-0.00709441002883968,0.00655247186438047
-0.0607423989736755,0.0543588530948459,-0.00238664421013882,0.00718101049447448
-0.0292755316497483,0.0664270624357185,0.00269105256618126,0.00680592368462901
-0.0259373877173284,0.0600345712185934,-0.0045622045102527,0.00511791241461928
-0.0360297210434553,0.0361539357403664,-0.00504388155580276,0.0010296743273331
-0.00748123300076894,0.012861605261956,0.0119121231134593,-0.00380572836321054
0.0566276390691934,-0.024464471725675,0.0202034604817642,-0.00558322673207129
0.10143377949132,-0.0787784641003181,0.0129453124984971,-0.00379848854623793
0.0583862266867532,-0.0870778460725175,0.0131723270424678,-0.00174068322593196
-0.0461248161106367,-0.048157806246442,0.0208606578361117,-0.00194601230951109
-0.0660610888469723,-0.0248339133726144,0.0186983514618335,-0.00343113442650057
0.0265872206567645,-0.0250174060494445,0.0112374756211057,-0.00311306891656888
0.103770758837574,-0.0249978007834206,0.00379591859140901,0.000227578206860991
0.0977829892449872,-0.0227226981020571,-0.00236037866427109,0.00508808971189885
0.0431264922347229,-0.0197547084019585,0.00216378693837366,0.0102078590815522
-0.0211674983395665,0.00248154569593103,0.0150818426187605,0.0140809399814083
-0.0831117311646723,0.035815045253117,0.0202716117441411,0.0140780250252953
-0.112760446318819,0.0313948656129822,0.0125282032258355,0.00965912558042092
-0.0834715048202395,-0.00333885965066131,0.00580288677070502,0.0028311866442029
-0.0432624275577881,0.00388194587306053,0.0126175925089802,-0.00379262946211989
-0.0485600877924294,0.0614396254604285,0.0250111906364635,-0.0083112843449584
-0.0776209204714732,0.102831208119087,0.023556728789045,-0.0114594776011221
-0.0790576774203401,0.108793479508357,0.00226815398217482,-0.0145663785575249
-0.0261253542602637,0.0929046856463279,-0.0298511237376811,-0.0170513749736888
0.0492004096870219,0.0418387120512817,-0.0562777779668103,-0.0175029125409926
0.0701998523846022,-0.0289040875590149,-0.0570504458742716,-0.013896737883253
0.0417238246613716,-0.0979657441378274,-0.0367830642308668,-0.00528081342969927
0.035178983084808,-0.164082765407376,-0.0157135758329931,0.0059699233950655
0.0504571927937833,-0.183860216161747,0.00423602021654579,0.0158143858038359
0.0487906752929249,-0.135618645445833,0.0192459698001416,0.0217138255960951
0.0117156637619916,-0.0839227085489062,0.0218318329009243,0.0231809913136331
-0.0505798157604304,-0.0482629782551895,0.0166915392642697,0.020443934615952
-0.0899092027679184,0.00714009238451585,0.000897091930048145,0.0139281526494375
-0.0777719071474535,0.0590464606956222,-0.0237221305662351,0.00445723215879223
-0.0346197308430114,0.086084568707357,-0.0274497948336927,-0.00578012000967813
-0.0029067837394399,0.104617406073785,0.00378209394387202,-0.0130208959935396
0.00129502176476663,0.113507891761456,0.0355052141533792,-0.0151630006758844
0.0083743528200091,0.0981305950160367,0.0460032287918165,-0.0141043756087617
0.0211517199625595,0.0692375759110001,0.0549443155610826,-0.0125072808329315
0.000863691844625702,0.0592212530428087,0.0648288561843119,-0.0105018103287826
-0.0514557160551442,0.0639636247934856,0.0551672749281577,-0.00702805652182737
-0.0890138548332218,0.0313313499124748,0.0262929976669965,-0.00319449283147048
-0.0827647226816731,-0.0695859958273347,-0.00575999769590331,-0.0015090258812339
-0.0477099527135592,-0.172051945369304,-0.0319888500888306,-0.00141175724505856
-0.0055102172101469,-0.178874872700057,-0.0381956461308084,-0.000429183366177721
0.0365181597583025,-0.107689545207061,-0.0191236271311759,0.00198968819559623
0.0593452194758555,-0.0459902158863642,0.00108528403652834,0.00531089040943583
0.0550574108469487,-0.0211837099183106,0.00300960566467535,0.00878364484067561
0.0384009145044036,0.00927185635119407,-0.0119789221941738,0.00958729051131943
0.0211674459446207,0.0654641770983997,-0.0345337427107023,0.0050251883945032
0.0310530931095313,0.107529338442317,-0.0452013386241997,-0.00242211914164037
0.0669954731394371,0.111292100019573,-0.0333038700214038,-0.00776232028302895
0.0686879699913489,0.09159607813255,-0.0109132353602559,-0.00963005368659135
0.00951689561012797,0.0669370785056061,0.00868232490846116,-0.0095440945810095
-0.0396950645962923,0.0468357049332103,0.0163481260961858,-0.00798138090883516
-0.00271219347883091,0.0386143716378127,0.0139692140979423,-0.00440006813998441
0.0726742966186607,0.0435645579954708,0.0125428469035356,0.000943187168091768
0.0830256896535613,0.0409835779273076,0.0142525377557783,0.00702639904965635
0.00967030277106106,0.0133958937052991,0.0180179923808807,0.0118240305117996
-0.0542887880027872,-0.0172892285230042,0.0208809403635114,0.0127414516387418
-0.0271820526163794,-0.0371081052323327,0.0167971043315802,0.00931249288581417
0.0374944812605122,-0.0706449271105159,0.00814943044795702,0.00344721833905394
0.0449270083388557,-0.102062339339527,0.00123435713782209,-0.00281761480129833
-0.00404739068711682,-0.102644393766159,-0.00490567423482885,-0.00876867822701666
-0.0241518102659379,-0.101048195719455,-0.0183158084503724,-0.0154704364867775
0.0349136864173487,-0.111544215766634,-0.0390218305911676,-0.0225226699001334
0.113250019339153,-0.0959568186404012,-0.0443745938869217,-0.0253192707955909
0.14192969325833,-0.0254826239517495,-0.0237482668372573,-0.0197756690987964
0.12035769581516,0.0549535675801791,-0.00141074070823842,-0.00782751035766543
0.0701281883070666,0.0867013923096421,0.00742183145608796,0.00428213191696164
0.0211328370573114,0.0818293849000484,0.0130088871711271,0.0124578010039502
-0.0158065976520626,0.0724295110742656,0.0239166641300883,0.0174867922997191
-0.0660031568897812,0.0705288263891414,0.0382184279662,0.0221780485488465
-0.14989251159961,0.0697257101609086,0.0430997780296099,0.0270429824717474
-0.227756604392388,0.0484504478622939,0.0221604742445193,0.0283137518240443
-0.216176007833057,0.0125155915015685,-0.0204414857875695,0.022363348057332
-0.112964752834518,-0.00523675847164947,-0.0598106046758542,0.0105037636897003
-0.00972837833387891,0.00422319400116163,-0.0753348130883976,-0.00290078799951791
0.0639492943294415,0.00277250822764195,-0.0716991072742507,-0.013760532727608
0.14743855926245,-0.0339537542360398,-0.0690693718434112,-0.020098769107314
0.203497035610361,-0.0614265527346892,-0.0685252514871692,-0.0242537391007196
0.177751920251478,-0.0444385814661755,-0.0555629194931571,-0.031174110348327
0.107362351555253,-0.0178291942251725,-0.0253616396721602,-0.0396654470919971
0.0503946331492503,-0.0177646170163932,0.0139937859234272,-0.0405403288347378
0.0101833778396037,-0.030581717473396,0.0492399297218602,-0.028142240438448
-0.0314440152905502,-0.039047884092386,0.0706424053326059,-0.00695927874567202
-0.0618304034171827,-0.032967194718793,0.0780131229968101,0.0135668497794317
-0.0755041331183024,-0.00757895436800084,0.0711978937824031,0.0269600524735979
-0.0710017701439543,0.0079345900903212,0.0488844621738553,0.0322455683350979
-0.0500794084212158,-0.00213688038834916,0.0228792819418881,0.0309120346707723
-0.0386832481551618,-0.0148978826107436,0.00393655080214568,0.0246461231782912
-0.0305882062892923,-0.0169710136418767,-0.0113535355749772,0.0156327940318881
-0.0113062280135171,-0.0119211266705058,-0.0292839287276518,0.00676252093098765
0.0315623536468117,-0.00143355295155635,-0.0447066051150347,0.000206084940730607
0.0899153159176788,0.0147137742483543,-0.0398672183389943,-0.00359266997697662
0.105142909025959,0.0314335186277054,-0.0108324941139217,-0.00524265555350949
0.0556914696777025,0.0372903765354909,0.0271038111705276,-0.00545741538836991
-0.0142035291512677,0.0369981098159255,0.0558778999533218,-0.00534166671360051
-0.0571313040757014,0.0538940995423895,0.0610087165532371,-0.00628771883700918
-0.0801581790865612,0.077239825117181,0.0469378509771626,-0.00880544007507932
-0.101702741614157,0.0694528577388284,0.0343905728554216,-0.0126750066084014
-0.103066917763531,0.0354094032479497,0.0312573699244777,-0.0164439979259119
-0.0704635597762052,0.0143551569450629,0.0328683870437866,-0.0168969282704265
-0.0129446469381189,0.0333163588129595,0.0347562709531147,-0.0124067532382587
0.0462594570508982,0.0662340430391738,0.0161515577617365,-0.00484003257449897
0.0835410556976994,0.0449240301485612,-0.0355310496204047,0.0024643375461246
0.090934377436894,-0.0560876230769471,-0.0762015398937671,0.00647531707116904
0.0688383908701342,-0.145011046579776,-0.060934880129402,0.00688505711301616
0.0277095538484804,-0.105543341652543,-0.01573494914894,0.00662069316912675
-0.00529395725119192,0.0138686514317934,0.0068832996254551,0.00767729237155819
-0.00471550832249152,0.0865915734434187,-0.011012258835883,0.0088848931621939
0.0152071750929461,0.0778042505420447,-0.0407807776098017,0.00861152339455284
0.0165741247256122,0.0308710344451154,-0.0385788685067258,0.00688919182275174
-0.00201375177045637,0.00336038440310037,-0.00289027148133812,0.00484358291356128
-0.01991791690863,0.0104453791149518,0.0308271148823222,0.00333610954827168
-0.0375726388063176,0.0349506415609987,0.0400701861411462,0.00231616977909444
-0.0597033651099615,0.0527303216636846,0.0342332251775244,0.00166477278551223
-0.0634332209585478,0.0460140990117321,0.0317847498525333,0.00165321477640321
-0.0218712493736217,0.0342838563195279,0.0350841876074802,0.00243308988943653
0.0344026606072354,0.0244101822905885,0.043486453871893,0.00365347206443812
0.022275027067391,-0.0181993872616489,0.0605242166936776,0.00454127539735257
-0.0739176308177069,-0.0760685697332017,0.0824194483437366,0.00371471023000824
-0.14989901550578,-0.0961497956884118,0.0930037651650776,0.000186784259836512
-0.111976032170233,-0.0849306533858677,0.0837077613035333,-0.00346238660665871
-0.0166701882128354,-0.0793154266136692,0.066889661321038,-0.00298644383640528
0.0303897717886411,-0.0728055807672483,0.048409154510335,0.00193630440928528
0.0204235051002649,-0.0530644692042696,0.0256494088603657,0.00817415227248405
-0.0115784561770184,-0.033185976229335,-0.00757878181735262,0.0131816241035463
-0.0214017604393615,0.0253156545038021,-0.0589641158887547,0.015928442153228
0.0114499521445333,0.140983977882451,-0.101517906516797,0.0157285935665353
0.060852348433147,0.226254529178973,-0.0946233774495165,0.0123302635259881
0.0983256749206254,0.216578412497058,-0.0468996125211202,0.00640153433841829
0.0794336226438789,0.156018812354303,0.00607808165819762,-0.000414056489349685
-0.0122775143697404,0.110402688909338,0.0449221754028764,-0.0054390838274809
-0.105817189193964,0.0776920040852081,0.0581581576893112,-0.00657063373361796
-0.130866619482328,0.0209092516502132,0.0421672605263829,-0.00451774465560032
-0.0902104051511027,-0.0532174275118778,0.00816847981596803,-0.00232510311195923
-0.0196668591494008,-0.132391902895075,-0.0244875015078784,-0.00276873927490907
0.0172594705714211,-0.210845659928285,-0.033064972477261,-0.00642616118533758
-0.0289922694740914,-0.253732585747796,-0.0156646611324324,-0.011930058134735
-0.109393762860535,-0.235285576249414,0.00169690251417906,-0.0169650234680983
-0.153776672640371,-0.146924245924429,0.0044337796935543,-0.0177958949998775
-0.145516487992138,-0.0273493825031576,0.00665797865048119,-0.0108650414858857
-0.0972821522793385,0.053271736431148,0.0240693578980182,0.0030393506920175
-0.024740608300907,0.083091306783929,0.0460436740228432,0.0173000111408265
0.0452505759984194,0.0987388744034595,0.0594243814282196,0.0238894838272162
0.0742813583961602,0.104052496226504,0.0618279048532403,0.0215394238765193
0.0962005623661229,0.0714874562081306,0.0389767231013923,0.0150844382612864
0.140052831176625,0.0238207206057194,-0.00376888605955548,0.00765035087307471
0.143210665271279,0.0115564031657044,-0.0351693990657209,0.000337894980566243
0.0791240611701209,0.0216551912907405,-0.0430478556230579,-0.00506254483043995
-0.00950451870510521,0.0253604224259946,-0.0325428222158007,-0.00748358660588136
-0.0712921359588085,0.0277184532796104,-0.0199093993266571,-0.00768838707358591
-0.0896756273508395,0.0304464400221055,-0.0117554841625525,-0.0069995824155976
-0.0883521701320575,0.0208302423290116,0.00603533221097791,-0.00633110650640953
-0.0872190333401259,-0.000968715992659047,0.0180239797670948,-0.0062512445155446
-0.0707183634124208,-0.0156810453558503,-0.00509652707235427,-0.00669519848051176
-0.0166207077565569,-0.0370915027520128,-0.0426365018514969,-0.00666099905418099
0.0305739020289335,-0.0757975714721944,-0.0546081273141305,-0.00573703967135521
0.021445190676668,-0.0800238296885799,-0.0398340148235683,-0.0050582173379467
-0.00465753328637817,-0.0313592735911818,-0.013533497511708,-0.00533657582331114
0.0159744431267158,0.00613306156500548,0.0151365018565771,-0.00584747787470276
0.0780396596351508,0.00446586524667309,0.0304722543838194,-0.00578250144332913
0.1167191830685,0.00176394967555589,0.0287830353374516,-0.00568033624585612
0.100284523500048,0.00227364202451294,0.0299402060076747,-0.00684783802936017
0.0465402933578421,-0.0108162267792381,0.0413234851712242,-0.00893920661985886
-0.00985799505940987,-0.0168702925304952,0.0433533186817333,-0.00980036863260607
-0.0277262316464282,-0.0186433345840079,0.0202177559868133,-0.00788622141943679
-0.00027099289628868,-0.0421153592550951,-0.0193983050082851,-0.00370786782634946
0.0278334274701198,-0.0656300431913421,-0.0470833898032336,0.000878455028484529
0.0201248137539281,-0.0691523134441487,-0.0494938690071204,0.00423503125164796
-0.0031818385417175,-0.0678228367066409,-0.0400173586783596,0.00558697301810179
-0.0121600924832734,-0.0432597595048943,-0.032487036307068,0.00530516398954597
-0.00944835179697372,0.0330416459660851,-0.0418903314790236,0.00475842543074782
-0.0265331064204033,0.128042208690731,-0.0610045511592198,0.00451034010552783
-0.0785128864609589,0.180801448182103,-0.0569070121652143,0.00419438876862895
-0.102506737755967,0.168823093738485,-0.0303950922682713,0.00434062017551329
-0.0223405532246716,0.121324612047756,-0.0107030083951451,0.00561467405072175
0.11075375861641,0.0660453376999403,-0.00247777571933821,0.00736076291201057
0.180566301612597,0.00313192450237812,0.00441670326094082,0.00784568683089204
0.174899437214189,-0.0659580538578436,0.000459204306624168,0.00558709552789929
0.130941982020519,-0.142337357007723,-0.0181567075851577,0.0011092581681994
0.0409713470899444,-0.195522730860389,-0.0232034750217179,-0.00326594365272336
-0.0740029463521678,-0.172816110762157,0.00487326186360473,-0.005182069787639
-0.135245874696792,-0.0926745267892987,0.0369030799687297,-0.00383743051348048
-0.0970516164973645,-0.0263670566012437,0.0398645646212962,-0.000292520848191495
-0.00916734740629507,0.000436725152252321,0.0264254444972986,0.0029562337515985
0.0596791229349634,0.0241148596868183,0.0171731419074468,0.00379793500812531
0.103820227695079,0.0509147338938051,0.00846205075981739,0.00338006934974635
0.0996505203139335,0.0559692936295817,-0.00154159148319977,0.00250752912140241
0.0138022046981706,0.0466679217601371,-0.00861987112008189,-0.00126901303792451
-0.0500547378600473,0.0279606403088404,-0.0198365492775027,-0.00726411523194136
0.00715033382867851,0.00804129441138129,-0.0306413698951724,-0.00954270546604594
0.0648624423155327,0.0186978902979566,-0.0326055599168342,-0.00445756749126538
0.0120308778113844,0.0540686739643231,-0.0353847268198574,0.00403450990504894
-0.0643025871363806,0.0766992520817133,-0.0340194565536859,0.00843456412736512
-0.0843858994827333,0.0760636854030357,-0.0221133248221274,0.00625307665044023
-0.0599913685651376,0.04415604978767,-0.0228137052948174,0.00198121595080704
0.00364988121657338,-0.0237924815400724,-0.0472047135936459,0.000126533631103497
0.0806514559194895,-0.0898863504605295,-0.0650478942498136,0.000205739270306368
0.0920261057139735,-0.116128584709579,-0.0592134408909609,0.000450152131642482
0.0186774110494203,-0.100550702686676,-0.0398808682329146,0.00150508130946586
-0.0798193744093839,-0.0555077655802713,-0.0112312442117115,0.00398248755887501
-0.150232348567298,0.00373459847643173,0.0192015900878062,0.00680579078163579
-0.163692264366292,0.0559460410761596,0.0395636539500362,0.00940245766959597
-0.127056165670274,0.0895431158582865,0.0368448316781573,0.0124819692592551
-0.0547384211430413,0.104009915349234,0.0110114594706491,0.0154459912366032
0.0241531461527306,0.103225326021742,-0.0128660211532862,0.015473192135118
0.0798699051022972,0.096522155196865,-0.015678108830772,0.0106713871445285
0.141391846986699,0.0572177634751859,-0.00947826351834402,0.00289761937455127
0.203385094122964,-0.0522801879030599,-0.0157137700887707,-0.00458536036903678
0.19464396869286,-0.163346315456912,-0.0283921584430549,-0.0113930449230883
0.106897062754602,-0.172947715600557,-0.0236046121969095,-0.0196648604582667
0.0111152447409839,-0.108366137079986,-0.00398004880552288,-0.0285254181428543
-0.0547269883959349,-0.0582871486119502,0.00715762455542679,-0.0325147076870714
-0.0830718934391794,-0.031931362099475,0.00466551739736489,-0.0284733148862219
-0.0501601542553239,0.016946861791071,-0.0092874718073822,-0.0179651749977823
0.00178567395356221,0.0776269155402785,-0.0328691561305537,-0.00361565583134769
0.0112550287486949,0.0961150537790368,-0.0456805464590847,0.0107553368517838
-0.0192351132430659,0.0718777003217224,-0.0323294191334197,0.0201895488454137
-0.0645587470112244,0.0448370981418947,-0.0125444943882992,0.0222868938337556
-0.0888409061855743,0.0375052485172774,-0.00612331228507233,0.0188492815551385
-0.0823789664881064,0.0482365945992057,-0.00501089239393182,0.0134132131014194
-0.0534575179417314,0.0540827217865306,-0.0109623412267064,0.0080401761569007
-0.0109734520379719,0.0255274896603045,-0.0242173744445249,0.00269761794210843
0.013883009702116,-0.0440899508978777,-0.0190882419737829,-0.00332884711154123
0.00943851793660481,-0.117212181366305,0.0075069595254447,-0.00953894268969173
-0.0162715314792958,-0.135115255555648,0.033280287488405,-0.0136208961721859
-0.0620127305210086,-0.0886874750295278,0.0534155674979764,-0.0132069699926216
-0.0781384860616915,-0.0306355709088966,0.0662861978914797,-0.00831140353540498
-0.0293976586321621,0.000111751096368518,0.0549018061926596,-0.00182179114230595
0.0171071673246094,0.0134752825444439,0.0247471865835525,0.00296809609576856
0.00458200157742483,0.0266436721048179,0.00267663693964992,0.00431226962417508
-0.0450466078488683,0.0616589454014602,-0.00924339468831845,0.00256502588330749
-0.0579606893302068,0.110153959463734,-0.0277331187052492,7.59887491631681e-05
-0.0126748978397892,0.102876145171499,-0.0513841639765876,-0.00101237306591653
0.0258051086182018,0.0178701242340915,-0.0625904500669393,-0.000993954117282363
0.0418519465981025,-0.064453327712177,-0.0562882046452362,-0.00154746834618201
0.0592831138633287,-0.0739427137164019,-0.0430433783069277,-0.00306625587833043
0.0616479170741084,-0.0464267749405415,-0.0325928468124655,-0.0047351230014957
0.0548235407685627,-0.0421150483978571,-0.0249279690933673,-0.00564261040143197
0.0639312765758079,-0.0492617342216547,-0.0160676873433841,-0.00514947136537281
0.0543361747947543,-0.0331666294467629,-0.00559396847319665,-0.00391553055149169
0.0152064651920736,-0.00829367666982496,-0.001001561980805,-0.00320999028977936
-0.0203903450070772,-0.00258990719029952,-0.000445659143694301,-0.00290049723409008
-0.0479537439308166,-0.0103700151538178,0.0156522963284787,-0.00119109244136898
-0.0674713267550721,-0.0137723326779801,0.0462920951016351,0.0032988400976386
-0.0869884791906542,0.00256140081915363,0.0672725262118479,0.00930767321731335
-0.104898484850243,0.0331284338958459,0.0697578436708179,0.0135218079752379
-0.101024840808139,0.0610766258501902,0.0676274687029168,0.0132022425495196
-0.0840511465544818,0.0880331763766698,0.0668074736601164,0.00893228525756261
-0.062257019871284,0.112239648766331,0.0455787774643462,0.004565832931011
-0.0185236007796106,0.114724703276808,-0.0049389900305148,0.00249299477147426
0.0377026656287453,0.065939281692977,-0.0582927482571295,0.00116374552763062
0.0691885410616898,-0.0336027644835532,-0.0874254264248144,-0.00149054953227257
0.0669825261452906,-0.131469112972838,-0.0847190549513491,-0.00520607225927692
0.0508669245807913,-0.165412380955253,-0.059370631955478,-0.00800236118437176
0.038549688477669,-0.117740422925896,-0.0273201072847303,-0.00833748712174979
0.0499606783405736,-0.0582490188080039,-0.000329947834127091,-0.00630744733364166
0.0720514774704082,-0.0347659947666269,0.0171494339129015,-0.00312983879333477
0.0612377120399061,-0.0137770522546692,0.0308501728476008,-0.000320583474001191
0.0306439373002282,-0.00501784190658636,0.0496578905441514,0.00138727956388655
0.0136547252392462,-0.0317019408610356,0.0660865782310284,0.0024639620490539
0.0122815480692106,-0.0422020715691301,0.0700675941193636,0.00412369650861408
0.0377263411684357,-0.00707678689387145,0.0648475462429834,0.00900647751933594
0.0808636650143266,0.0180806885370155,0.0493256878011933,0.0186089188607083
0.109454899438982,0.00954437017047213,0.027799780950138,0.0281771450701461
0.0969497849730831,0.0124673463366628,0.0210237532782547,0.0301226365080186
0.0466340604502073,0.0398076357926418,0.026891140125852,0.0228674239994524
0.0106804098085076,0.0616067704300281,0.0233260413032679,0.011230203964548
-0.0345366014034041,0.0485065742264316,0.0231584983745251,-0.0011008687072516
-0.130138953863634,0.00745805317787611,0.0471913632472739,-0.0138595995026593
-0.163406840619431,-0.0206860913653889,0.0614055850590697,-0.0265736180284454
-0.066961854834452,-0.0150112462708904,0.023736382363644,-0.037933582201668
0.0370931658886498,-0.000100917898113242,-0.0527132879435704,-0.0449819252783717
0.0483677785910625,-0.0111538820267511,-0.106112175122678,-0.0425928320287965
0.00257824106986219,-0.0335972165353821,-0.0868696650168084,-0.0276686534818322
-0.025451303814985,-0.0420250522786644,-0.0360339157101476,-0.00210689324030447
-0.00217064455432499,-0.0369407956933555,-0.0228540415708033,0.0269274293630784
0.0419071414114284,-0.0173314798708492,-0.0413634217812605,0.0486532966122263
0.0556485651858456,0.0101928094155016,-0.046107663120477,0.0551501509301631
0.0396822495794749,0.0124308567364619,-0.018081083373989,0.0478809632600508
0.00792539559639541,-0.0274641030566409,0.028783626075395,0.0332871916937715
-0.022685934646199,-0.0761301293283857,0.0589805931007649,0.0144765707774669
-0.0142168310140336,-0.0899557014323583,0.0579276645492776,-0.00647365805981496
-0.00259484120069866,-0.0506015193070807,0.0492278683599078,-0.024226509055033
-0.0316054476606712,0.0157060414266109,0.0430678556857702,-0.0341610081751729
-0.0367464316092531,0.0543714163578399,0.03112208851317,-0.0355857441614666
0.0272186810733919,0.0341798393692712,0.0125997667513856,-0.0291685206807122
0.0980894476447929,-0.0149434252086279,0.00176776997024812,-0.0167639314544283
0.0959250140050598,-0.0469834244991243,0.00853246015950641,-0.00257635602813714
0.0324344088449973,-0.0566866901863394,0.0148624122868877,0.0088280433104613
0.00410618354921069,-0.0485862727287878,-0.00076117637382481,0.0129989431516012
0.0333628664259036,-0.0189920944535288,-0.0339017239454353,0.00613124849404179
0.0417030666227445,0.0180702876839611,-0.0593628573794175,-0.00922700332390552
-0.00468786279501532,0.0461519869356791,-0.0544830590597882,-0.022321276697983
-0.0790194606627017,0.079098472677274,-0.023999902360122,-0.0242085528535372
-0.12737553711481,0.107359048584096,-0.0072174271003466,-0.0169069455434733
-0.106272566900669,0.102219182882236,-0.0217794088209063,-0.00819084043536759
-0.0546394543710283,0.0788768939699863,-0.0407891568803621,-0.00143977350260626
-0.0231040997477941,0.048124072161567,-0.049570689551319,0.00446976123633766
-0.0156951428780551,-0.00387303883678848,-0.04766885896854,0.00923980734352133
-0.0213849773046186,-0.0720592517030694,-0.0309763675128587,0.0107490525603889
-0.0270217803206039,-0.115210108239591,-0.00407999161241614,0.00869740617587087
-0.0152033517523415,-0.100973966736275,0.0229945250101922,0.00448522290764942
0.0173558138826106,-0.0433826726266195,0.0422579355462699,-0.000230132616703439
0.0334029808805653,0.0196256050977703,0.0534472512145921,-0.00370331202054504
0.0196385090192867,0.0561429534828634,0.0578399352319042,-0.00515446362250232
-0.010417453846492,0.0676160431260756,0.0518540726736506,-0.00516323915473691
-0.0501084616524816,0.0487789036938264,0.0326778026670412,-0.00468762371317725
-0.0599963500938272,-0.00649557295478696,0.00866431577136673,-0.00432674434312213
-0.0126805951577886,-0.0520980295528854,0.00406510814795998,-0.00385013730193818
0.0579409095511065,-0.0728131746958877,0.0246324881832113,-0.00162949450891898
0.0876631798757622,-0.0934286751657027,0.046539258856785,0.00282619591566219
0.0508519743913089,-0.0949391937741479,0.0545890637663805,0.00648219658077929
0.018099620003462,-0.0641563194752997,0.0533472220638727,0.00655116638023691
0.0389065092635503,-0.0160897567687569,0.0490471936616608,0.00442191087578153
0.0122479636422404,0.0466232776351544,0.0400776033876975,0.00343026162225803
-0.108822940737014,0.10806489136857,0.00981258899917822,0.00300928427135909
-0.15776538223675,0.144498192370023,-0.0564681776461585,-0.002043513861613
-0.0377028630212437,0.136301373250127,-0.124911849962962,-0.0128813406446095
0.105861524847104,0.0857779609555159,-0.136743117079747,-0.0218028677330642
0.147922719364584,0.044110791009895,-0.102405601617559,-0.0214051827053203
0.127269449517539,0.0330254099668805,-0.0792921120677514,-0.0135128348111125
0.0857417585140203,0.0116203750003296,-0.0617773447490299,-0.00475425159417258
0.000676364480985098,-0.0324878709132319,-0.0170215912210251,0.00203521977026922
-0.110447410626981,-0.0614270252294858,0.0375160481822631,0.00785685714899834
-0.16738125869366,-0.0800420242973454,0.0715757873395425,0.0132029437571747
-0.145255408802395,-0.104019089900873,0.0815597637371445,0.0163027779500084
-0.0860488760397513,-0.100333563671462,0.0786415780711234,0.0142129518280723
-0.0306129310495666,-0.0685813387467715,0.069595452914802,0.00758316554921991
-0.00648516116657667,-0.0349315948368439,0.0572531983702383,0.00271093381523032
0.00353989327845821,-0.00242491886951629,0.0492949362626649,0.00529448823817766
0.0266943369998353,0.0328573897896782,0.0401547864043539,0.0140034792935229
0.0420837957004765,0.0650267364365207,0.0195892403210734,0.0214188706898975
0.0465358807835473,0.0759941721099932,0.00345887241746141,0.0212653433912649
0.0549571823347913,0.0664817658553561,0.00901356688189754,0.014827830987959
0.0374565457116163,0.0736345805741328,0.0275253514399517,0.0089461930183026
-0.0101984036474004,0.105506448177677,0.0322848297000571,0.00819899252054802
-0.0404403500264043,0.0978719936457927,0.0123509946809121,0.0101462656068867
-0.0322500740461508,0.0231805397705589,-0.0184824074748596,0.00817085515317827
0.000872837412463398,-0.0663343426701216,-0.0520301905872247,-0.0001349472166653
0.0132680079141476,-0.115245070815604,-0.0850375574888424,-0.0102670788792398
-0.00605659052139165,-0.0855995812536288,-0.106931950092146,-0.0173889649614538
0.00078733708893363,-0.0249492705245334,-0.0980526688277441,-0.0197709279415013
0.0293520703892733,-0.00714028297757116,-0.0522748380535653,-0.0182447946148339
0.0270601111532246,0.010823081875264,-0.00331334868806726,-0.0159235434832727
0.00762123028618042,0.0774552126100677,0.0198961305840947,-0.0151872303101169
0.0207622561892944,0.150312086141539,0.0286251945971598,-0.016290655843418
0.0336640870376361,0.169542173128395,0.0329593417523564,-0.0177535254989264
0.00624963037126788,0.11806158668232,0.0175283259638041,-0.0155975431772892
0.00969822889626797,0.0360866781343112,-0.0186028179697564,-0.00678791086265945
0.0663042669719964,-0.0307753303675308,-0.0485422414494878,0.00632354530119889
0.0807184301876111,-0.0657556476136505,-0.0574743998058137,0.0175932137144493
0.0165030037655544,-0.0480348962077152,-0.0442140562463968,0.022458469511434
-0.0419055853167342,-0.00182695495507103,-0.0200670264190698,0.0212511156833477
-0.0304552021543363,0.0213289384097079,-0.0116472435290121,0.0173141028761019
0.0112830510816487,0.02073128003454,-0.0206137183799839,0.0133245448749696
0.0267770588930576,0.0169505420465068,-0.0207257190980291,0.00959946888226749
0.0143717979495064,0.0200482616624443,0.00175728071263104,0.00542978861657554
-0.00303647689463581,0.016948274304857,0.0326064009982176,0.00184974323501486
-0.00692409148852217,0.00560355880088781,0.05609662053898,0.000198901573254471
0.0124792453952437,0.000710505877719396,0.0700362192357058,-0.000753410368170837
0.0337015690247661,0.00283900814473818,0.0742945651231054,-0.00229728650573756
0.0100497181044624,0.0120198282351426,0.0683902621354635,-0.00397305382581517
-0.0536143546073144,0.00980126008237513,0.0470230077192801,-0.00618621399288222
-0.0840473713790844,-0.00672199655118705,0.0196206374537495,-0.00988206627862962
-0.0610922035159172,-0.00767171803171347,0.00549975634846753,-0.0131898118273788
-0.023173797079219,0.00464602391988568,-0.0116185393072287,-0.013399269080217
0.0303690307250562,0.0153815083731713,-0.0518096032347647,-0.0112683334864683
0.0907908489219454,0.0209483637761622,-0.0800469990397473,-0.00878918165548024
0.123298955708049,0.0170170473626473,-0.0626890007657108,-0.00629080065485973
0.114046672300121,0.00687361721679063,-0.0329175744276376,-0.00372945975874157
0.02507269149568,0.00146173188768664,-0.0227567975147974,-0.00153638305514077
-0.139226456914555,0.00371640288980996,-0.0290284323859673,4.71836454643392e-05
-0.242525685402056,-0.00444386270949218,-0.0431164126608533,0.00131994386792795
-0.19632945808915,-0.0274622731095119,-0.036466778939017,0.00284784552649093
-0.0838390465810062,-0.0569370782494874,0.00049850827236677,0.00518949392759892
0.0248566776576637,-0.096025927857412,0.0352088639763423,0.00786326314248535
0.145659751791516,-0.122899537774667,0.0505499373381943,0.00939700684740384
0.208918222434442,-0.105929816978398,0.0608886470960675,0.00914697978069296
0.142124241183195,-0.0492834707365506,0.0732323640469159,0.00783602860682131
0.033371843679164,0.0195950199536307,0.0682531728581859,0.00687419002216376
-0.0289908900139413,0.0633377608862626,0.038270389256396,0.00664766382047162
-0.0873202520548318,0.0738064705595188,0.00513860116809652,0.00545173273100816
-0.16743491147822,0.0852967945674778,-0.0222983416986586,0.00207883964975877
-0.181648015216503,0.109503251597256,-0.0589367355258028,-0.0021674129296189
-0.0969299757207716,0.113635961874535,-0.0866343553807453,-0.00517992218614855
0.0136209119186098,0.0756024688866336,-0.0695344960951166,-0.00585772567747918
0.0962446274610193,0.0246299325057461,-0.0205690607835999,-0.00388169362424909
0.122787470414723,-0.00154008012925821,0.0316142083890962,0.000298667917788838
0.0851353177421056,-0.00142872328217926,0.0758105235089788,0.00477255062282681
0.0272045861188586,-0.000229783091455174,0.0982140597669881,0.00717784668492594
-0.0116280554693052,-0.0259983683282446,0.0913140777429587,0.00639824117375759
-0.0328375100969856,-0.0602270478695248,0.0664879423079811,0.00353500949606558
-0.0427394112464802,-0.0456310428315525,0.0409621268642248,0.00149862075311822
-0.0442324365085226,0.0087327467424377,0.0166994861707198,0.00228357993326812
-0.0480696586888761,0.0242746335709583,-0.0271500696615763,0.00474586867971518
-0.0660687610242606,-0.0126192983371786,-0.0797339270131006,0.00570729329492801
-0.0723531265810237,-0.0179075412030965,-0.0875472993907685,0.00349395291353465
-0.0250641672178121,0.0200776331243271,-0.0513176438477429,0.000211060719802992
0.0326473434692037,0.0151358628819161,-0.0248171127751707,-0.00124273537848619
0.0302100232133126,-0.0385889122902734,-0.0167381492716814,-0.00184605399040123
-0.0120345220898111,-0.066354922391811,0.00342027209324773,-0.00434239891563316
-0.0415712922343128,-0.0382737706960812,0.0349122773004995,-0.00798512799423587
-0.0469964843691003,0.00682650279268018,0.0512269316635268,-0.0100247904106543
-0.0200867470034423,0.0323030052017799,0.0438019627051778,-0.00984702450490633
0.0466653635561796,0.0423602012592747,0.0229222400203356,-0.00780580930913106
0.0846733885158679,0.051166256384823,-0.00797201155799363,-0.0031737982231316
0.0335577642786719,0.0634880061576533,-0.047214572334739,0.00325223080966742
-0.0283681727392353,0.0564976106599395,-0.0729348465620852,0.00802393716781253
-0.0212864641990364,0.00778097540180682,-0.0643389587001079,0.00893905622428788
0.0202131675738597,-0.0278505705836735,-0.0275436505301314,0.00704036673323921
0.0503348219702365,0.01118793655827,0.00728390028542436,0.0046562105077764
0.057365061238321,0.0864217947666091,0.0116989125196609,0.00299319544796868
0.0297807799120017,0.123701089313888,-0.00547672676459101,0.00116372251768893
-0.025687538245777,0.0884874571774475,-0.0138423298683292,-0.00153591816371729
-0.0670849632108032,0.0055336709464931,-0.00663729474660272,-0.0039007146296744
-0.0645726124449665,-0.062763896968708,-0.00145969530931561,-0.00494220621784545
-0.0265622135894867,-0.0892974910446893,-0.0113600823775626,-0.00505648042165665
0.00480955237736706,-0.0878347823102246,-0.0307668325701611,-0.00490823923366083
-0.00387706082412238,-0.0735988405388687,-0.0425349894004948,-0.00452014638251075
-0.0382175418449163,-0.0502123247968513,-0.0354002595277132,-0.00303652022772369
-0.0701998517021983,-0.0262239940671922,-0.0230751583904715,8.28230647853109e-05
-0.0875996360088054,-0.0204430147270074,-0.0283104208803715,0.00276375266909393
-0.1019892728336,-0.0435204599735757,-0.0411083154250237,0.00167344142987127
-0.0999564740536289,-0.0760528194131769,-0.0383994749711945,-0.00290286991119561
-0.0429273488078099,-0.0819968800859791,-0.024387045116094,-0.00667850139555531
0.0447886329630938,-0.0660605067404875,-0.0143111397185333,-0.00653003737056495
0.0890912561446654,-0.0575335552434899,-0.0110316473847698,-0.00359399391495395
0.0788063503178521,-0.0452044186502732,-0.00571195517704683,-0.00120880212620358
0.064061746608719,-0.00482932311566084,0.00693929292037866,-0.00118740882750784
0.0602676700323469,0.0585024805619728,0.0197511328470534,-0.00273867189322363
0.0452702703338906,0.115080133214862,0.0292527951005875,-0.00437997776206397
0.00403979767376788,0.119909040385719,0.0401437749552524,-0.00535180269106783
-0.0539348660168515,0.0909612687154209,0.0520083793469241,-0.00500150965975585
-0.099969692209284,0.0815142172116565,0.0587130195092528,-0.00270643489403358
-0.114275096147485,0.0713948780671774,0.0538578373363947,0.0013116001308519
-0.102650941985307,-0.00721855321161841,0.0325319729216688,0.00604033421231914
-0.0461014448310536,-0.16991283528698,0.00624611534652363,0.00954581928332983
0.0613912117792701,-0.291729050286605,0.0132280484345366,0.0102104505706469
0.129531622527952,-0.268949550443581,0.0590512567423924,0.00844648672127267
0.116012133864113,-0.165665000849884,0.0933759085497506,0.00575634384210016
0.0417018066019992,-0.0576497783942835,0.0851531862248943,0.00317287934579224
-0.0870314421781762,0.0271978232067017,0.0413706767301472,0.000530654845129716
-0.182676207026306,0.0774209048245873,-0.0162066030709327,-0.00302110614491742
-0.190958766005419,0.105693356990788,-0.0551625390830606,-0.00647296812429417
-0.145998891636748,0.104431633692956,-0.0754065122913013,-0.00789334991634873
-0.0629953033032438,0.0725843432646942,-0.108540037883253,-0.00811465670579213
0.0265920599925638,0.0464440827183908,-0.138175333585789,-0.00876985630897002
0.107961585034024,0.0243014995954044,-0.124670938259144,-0.00958024123775823
0.198300009807546,-0.0163244290145085,-0.0784605049097104,-0.00950107932011457
0.238202466346386,-0.0532271755348969,-0.0203286160957838,-0.00802752461981113
0.153562308134111,-0.0576849223660119,0.0383537759607527,-0.00520611663192962
0.0104784474654896,-0.0411232469050878,0.0689493778299249,-0.00141810134821042
-0.0730476413560769,-0.0433756252942724,0.0544730204223494,0.00253552362154752
-0.0789363243305621,-0.0638350166506809,0.023906913722862,0.00589747448380935
-0.0528467643793084,-0.0539239409972869,0.0122824463426777,0.00830213016748106
-0.0168118334754859,-0.0104370434059043,0.0144845233797646,0.00964295205782818
0.0213056248694457,0.0256254231970926,0.0138124354967148,0.00955583159049497
0.0429084026994352,0.0354775728722688,0.0112727451303256,0.00730474975309329
0.0502290716528371,0.0236955379252981,0.0134894496857063,0.00298419727067271
0.0585438475715947,0.00572810809059504,0.0200209091319477,-0.00145203402162286
0.0563121240692815,-0.00514041652123105,0.0213434552714381,-0.00376944825336573
0.0464869748847445,-0.0117550970760896,0.0114728844359959,-0.00359048643707304
0.0512107386421182,-0.0154728478566523,0.00332271794989285,-0.00186718063107197
0.0491577912996007,-0.00787561888129717,0.00288882953206095,0.000114915037342366
0.028662656845264,0.00874735155509272,-0.00220571866171484,0.000843937800165171
0.023791240857739,0.021000965427329,-0.0142176013224178,-3.37684221967563e-05
0.0270377152692226,0.0256464016157751,-0.0238228238790253,-0.000849299660350903
0.0207355973170748,0.0356818687781627,-0.0243773662426732,-0.000285174474793599
0.0397512389997135,0.0579940230210578,-0.0174352464650393,0.00126913515793067
0.0702884321819782,0.0792634870559596,-0.0105736596817126,0.00267927015162782
0.0568667762612618,0.0709041376839435,-0.0201853930429294,0.00243554929832228
0.0129484014499431,0.0363325233994358,-0.0448962752969615,-0.000579759379610516
-0.00567805280656831,0.017637399067046,-0.0496835204775266,-0.00539866470996985
0.0324596996162405,0.0093463972952907,-0.0295021693530244,-0.00853956770942436
0.090392077094448,-0.0186457863972288,-0.021148073894838,-0.00776648576081651
0.0433213002576201,-0.0484356605755694,-0.0347338765499275,-0.00504927451289545
-0.0851433402753423,-0.0529415167539299,-0.0455180770820723,-0.00331690100880311
-0.0708573311208406,-0.0309281782192153,-0.0466761836458659,-0.00213735028216789
0.089125624062024,-0.00107129137336299,-0.0494964040710668,0.00145665483485395
0.152494654806011,0.0156243919378681,-0.0484423255004433,0.00757127603743011
0.0571220320894579,0.0121522615848713,-0.0317386609226201,0.0125820956337606
-0.0402335752887957,-0.0121208446518068,0.00164550006818916,0.0139746964682254
-0.0814857678609892,-0.0422533521253191,0.0454087014345389,0.012443072651813
-0.0985589882215798,-0.0550416663702421,0.076818119775797,0.00964248886063495
-0.0617644760129386,-0.0505624510034305,0.0720803504088054,0.00631489430491956
0.00500602507832421,-0.0311769451157834,0.0451005624751858,0.00256037025413555
0.0238860821337535,0.0132641294796813,0.0276779759764866,-0.00152275122653921
0.000330930030553421,0.0652261590154419,0.0246516772631537,-0.00496025681722924
-0.0071346091298888,0.0855400598143149,0.0186843713020251,-0.00597695416322193
0.0113206094223426,0.0679371737132168,0.00212680678353984,-0.00391890153048905
0.0234868571393502,0.0425750178555981,-0.0118395839529758,-0.000795540618030006
0.0199548792690696,0.026796106858134,-0.0110319333074885,0.000708396486151473
0.0018321556492155,0.0107754719926314,0.00206140159179163,0.00035508097078294
-0.026693751454455,-0.0103498525182582,0.0153969012160308,-0.000315785846211698
-0.0413913801536742,-0.027352212587871,0.015146444267318,-0.000277619838014954
-0.038255684207513,-0.0313797932274126,0.00572319961041537,0.000290003771968323
-0.0372588882318008,-0.03060693863,0.0019098295117347,0.00103537557804623
-0.0425660141219704,-0.0390790541050846,0.00510912136290437,0.00209034733996122
-0.0379225931472749,-0.0549755749594372,0.00949321930626761,0.00302908292230186
-0.0165951654796731,-0.0518012284217669,0.0154349027839211,0.00318220477913179
-0.0196338776013942,-0.00950221610437554,0.0256843681601349,0.00282631380898843
-0.0519591646863747,0.0476072424868492,0.0282901229354549,0.0031517882339084
-0.0402100704409135,0.0762887864354962,0.0113257542012961,0.00542026543386514
-0.00163131936526922,0.0521683363870355,-0.00393186002812064,0.00912800074706979
-0.0190996866881969,0.00308979430535505,0.00269755527513092,0.0115190677333481
-0.0658507834638369,-0.0285637678841559,0.0130284065890513,0.0105721460895679
-0.0676954006130719,-0.0355041998415496,0.0101974878975271,0.00730800647658489
-0.024123214012403,-0.0304421583565376,-0.00378219020730409,0.00376360126080523
0.0161501589665633,-0.0373299615772494,-0.0270408275336495,1.90377373578861e-05
0.0287173825040423,-0.0393816892228209,-0.0461558881725253,-0.00587983929828093
0.0239896147079034,0.00547677997813357,-0.0446401718192576,-0.0140734502119405
0.00706936742217135,0.0822330740942141,-0.0312858459116861,-0.0214854161370161
0.00106931427732294,0.135243917118567,-0.0164440478392324,-0.0249321195335311
0.0293816261150693,0.123351303605525,0.00528395230706799,-0.0213523254177389
0.0452814607695513,0.0408190642593282,0.0338783010925391,-0.00971282707498535
0.0532793439475446,-0.0930377440892299,0.053378285029546,0.00545058116969494
0.0973234963190139,-0.206422502608107,0.0528202667493768,0.017693388795577
0.106964136118814,-0.216661708453633,0.04638617908981,0.0240130793266781
0.0452094414319578,-0.142023322375098,0.0444929831503683,0.0251266641356444
-0.0501256267140829,-0.0527556733826443,0.0506891607085753,0.0226662049787119
-0.145779972200942,0.0137069324748014,0.0652198741835718,0.0174666149512494
-0.159364333561053,0.0405354017284968,0.0597467049169915,0.0101340299749983
-0.075862597901826,0.0486930376846083,0.0225961848906242,0.00117000714773599
0.0256402808870164,0.0690575865338139,-0.0186059425837695,-0.00860793761408979
0.0965415347840563,0.0861532821011866,-0.0474515444711089,-0.0174880571883336
0.108767960190653,0.0937688476844652,-0.0672976288397952,-0.0249737837254065
0.0767418344530142,0.11507833662921,-0.071916251719867,-0.0308716953415877
0.0381098060903498,0.134019485198045,-0.0464931567005557,-0.0312933898207509
-0.00817135917250938,0.100942801894783,-0.00527397874491078,-0.022414752523711
-0.0395066368000798,0.0301805175669038,0.0121773601591467,-0.00653645071418495
-0.0209709893627684,-0.0271586742971727,0.00541944988566558,0.00974629794067963
0.00182168331500059,-0.0639241150752042,0.0120063695629577,0.020280539397382
-0.0362437033793456,-0.0744828015407485,0.0385762869507415,0.0221939989555198
-0.0891418820078306,-0.0650840378823002,0.0580656955861277,0.0165417716731719
-0.0639131980790596,-0.0651428264597914,0.054354289775452,0.00696780269102602
0.0113933855672423,-0.0616458364537079,0.0405958545957462,-0.00194399825881099
0.0499041258162081,-0.0251000988176545,0.0431949431884914,-0.00653750201140202
0.056959049151372,0.0251834549995231,0.0661759008076555,-0.00652070892428854
0.0713401809624404,0.0537227615760506,0.0814717674562166,-0.0045203319810419
0.0678683315226991,0.0680146411501625,0.0660881591940864,-0.00300842731008017
0.024678698459715,0.0836758234957339,0.0225146624663476,-0.00290223600990198
-0.0198145823346671,0.085325422939856,-0.0244665736135451,-0.00401463110992529
-0.0502727320757329,0.0739913505346303,-0.0410453390768942,-0.00531890873325466
-0.0730968767851272,0.0723070705953306,-0.0340823199165388,-0.00555067300242154
-0.0689287738028848,0.05329129605456,-0.0413089970371866,-0.0047115691076743
-0.0186809929622265,-0.0205099435567691,-0.0670361825353675,-0.00386113629602871
0.0667489321242222,-0.124939143975243,-0.0770378081348378,-0.00394900406863852
0.118013472873843,-0.182567705821072,-0.0405291911412019,-0.00468267752953334
0.0922551559219685,-0.134880079335148,0.0206276881425132,-0.00433028631149287
0.0286515163132486,-0.0334632192668829,0.0569397873656042,-0.00204376419083501
-0.040565587358062,0.0264105177216449,0.0555966124294867,0.00156356089647694
-0.103633074623593,0.0104062822427534,0.0376043522008063,0.00543163099989781
-0.161417183727956,-0.0267513167344605,0.0302107447909849,0.00751999732120428
-0.212594992954204,-0.0136212504890718,0.043254641608183,0.00623473034569713
-0.204598094425186,0.0244452330457572,0.0536532008980308,0.00324360527615208
-0.124420438343288,0.0309928122154997,0.0335411450441539,0.00180801545839297
-0.0398341334501514,0.0319833030937717,-0.00427650382022236,0.00240660345211531
0.0177952190924574,0.056571903273805,-0.0304470841145752,0.00314134867080057
0.0549362722661903,0.0681075518234529,-0.0492271246622268,0.00305420773227994
0.0718274204981136,0.0620489185613823,-0.0793788510850293,0.0019022681499409
0.0719246729659597,0.0749304781797367,-0.104264975011152,-0.000462412846382258
0.0387469922207808,0.0954405585061577,-0.0841336145662469,-0.00262395297908912
-0.0225959403643694,0.0757926655527448,-0.0298156455462883,-0.00210766499193089
-0.0470091940990302,0.0169622657037563,0.0122631961785777,0.00115486275441884
-0.0143171115446849,-0.0240660127490679,0.035817573276953,0.00412370767407022
0.0297440022947497,-0.0202568249849902,0.0546011790931159,0.00460845311671935
0.0608807625348545,0.00250524340173802,0.0660954715427292,0.00304320413156114
0.0571102654768379,0.0157766739517784,0.0653281316327926,0.000720557876729834
0.0141431274646322,0.00133044983407896,0.0571308979422567,-0.00158795658665217
-0.0320747247082714,-0.0414888666524394,0.0413271868417736,-0.00192916297675121
-0.0651186660253737,-0.0669860706714073,0.016399371535497,0.00194437259649407
-0.0748850470462158,-0.0626925665536187,-0.00913419757903005,0.00757907694185746
-0.0695768422407797,-0.0683438809313305,-0.0278474599941067,0.0106962503400588
-0.0751456914643381,-0.0775277652964966,-0.0269688063628265,0.0115185454048485
-0.0734767564425117,-0.0769958200534044,-0.0109217733697447,0.0124355843453527
-0.0627668430482336,-0.058015463676811,-0.00475499061255936,0.012588060962907
-0.0598230699946803,-0.0116385042842982,-0.0109631089709317,0.00932935518267925
-0.0545561711550048,0.0264272219764484,-0.0172939809747249,0.00151661578126001
-0.0390622714061289,0.0374631721591929,-0.0244843113830094,-0.0118074829495992
0.00415836498042312,0.0249892725388275,-0.0416272897601291,-0.0281212002987406
0.0777322341719522,-0.0287666881414022,-0.062915907458927,-0.037818516131448
0.153593118692049,-0.102935664483211,-0.0646544463633305,-0.0324443136904605
0.19611316508917,-0.110072183881801,-0.0384709041250445,-0.0133299451599963
0.187701646953406,-0.0101795921066081,-0.00452212078281726,0.0100485530790767
0.153985800453862,0.113700066938968,0.0188346247460312,0.0274148529799894
0.105675852241584,0.164976249748561,0.0315334041263652,0.033599497356553
0.0306305752034534,0.134987746210501,0.0361933182234997,0.0292943520355627
-0.0462652884107016,0.0737688815016325,0.0360795920893118,0.018080802739043
-0.0826406735997274,0.0313394372637829,0.0330192979547989,0.00407729353044928
-0.073028241638497,0.0230250498361809,0.0211589607358229,-0.00825554964163098
-0.0488374628410846,0.0251616390871852,-0.0015280999739753,-0.0147783350879223
-0.0216199044808559,-0.00507276270411523,-0.0343500214795578,-0.0146435279590238
0.00432153558736196,-0.0767414092319759,-0.0619593196082732,-0.0114400006021909
0.0199865731683969,-0.127728943627957,-0.0587881010310218,-0.00847491884116824
0.0265457751950235,-0.100100243940494,-0.0387010539311474,-0.00588747634835103
0.0116366343537131,-0.0342065220709269,-0.0306792620601353,-0.00332293331474167
-0.010506269228523,-0.00338755664589105,-0.024064593221397,-0.00125283118677645
-0.0146507248313591,-0.00826279258604076,0.00127365286192085,-0.000223168718620906
-0.00211882914730415,-0.0109938048022129,0.0290722993993735,-0.000876701053802085
0.0240753229546483,-0.00631136517362021,0.0330150321635733,-0.00306169742053451
0.0472488603216299,-0.0126104529927368,0.0211127603708,-0.00522503894908893
0.0617716647940693,-0.032351029517619,0.0129735250201374,-0.00660424036344342
0.0800110546520851,-0.0386716213437363,0.00573239876932837,-0.00796449845591457
0.0892558167965093,-0.00681233103373839,-0.0121212414315689,-0.00945146537947718
0.0748513516334938,0.0349590091819853,-0.0364272370443953,-0.00980595324901553
0.0347574791754551,0.0459066563667979,-0.0509691090450084,-0.00823248660511339
-0.0115158723798502,0.0396784529528824,-0.046787203167418,-0.0054557720312237
-0.0140109035626685,0.0368716157207801,-0.0330946348573064,-0.00228054720324765
0.0226351948564384,0.0345812488208175,-0.0221515690528693,0.0011143198948519
0.0240109002211751,0.032669713252538,-0.0037581560832728,0.0042986707586429
-0.0335676164465784,0.0294673375787338,0.0265906282139165,0.00627005010798158
-0.0616253617376843,0.0248210078440159,0.0446212867079081,0.00650107308459324
0.00281535021310163,0.0131182918153609,0.0381614987136159,0.00590365798316053
0.105328011240526,-0.016543356685301,0.0194995671498077,0.00551946419504984
0.161437495659225,-0.0512127093497665,0.00195892475761582,0.00532990737651972
0.0996937488023133,-0.0560707590216009,-0.00854516465728258,0.00510436097777143
-0.0830178416852355,-0.0160599015287579,-0.00718739952656631,0.00438872351249326
-0.239089159819768,0.0337279845232791,0.000710269844760286,0.00218033630076014
-0.200527271945341,0.0578436109842932,-0.000223550780307686,-0.000761409918911483
-0.00510463723733673,0.0509276680936932,-0.00605883653833371,-0.00108305981987276
0.143499776571183,0.00814364995729261,-0.00394793228675887,0.00183969934203187
0.134790158828208,-0.042498343310412,0.0100728506447164,0.00354090673829289
0.0626800678443344,-0.0536231706904981,0.0380563353852358,0.00115696418855214
-0.000409198525798737,-0.03375034191694,0.0627168587903273,-0.00282705867232399
-0.0816719408719371,-0.00513946842245263,0.0630982704568302,-0.00501498072780603
-0.131175605963047,0.0271072068984357,0.062925448975657,-0.00440642570214491
-0.128592406142339,0.0495940676772692,0.0833967855629709,-0.00155513228705863
-0.160445695780915,0.0916579319225435,0.107090467008603,0.00281110385506951
-0.223343520597624,0.163639976701247,0.109492205702905,0.00832699522113711
-0.211045257996848,0.156113594855777,0.0604761077689849,0.0139265427633904
-0.0625328105765388,-0.00040939734482856,-0.0295130534526843,0.0165672922125741
0.122602935778904,-0.15771303256313,-0.0899605703188013,0.0137825014304659
0.1896735464359,-0.13991924997341,-0.0911995930853218,0.00709878959907921
0.165088562484596,-0.013759430310561,-0.0828362950672028,-0.000251550946645361
0.141829492097356,0.0458118665940985,-0.0898705173618663,-0.00685662076568344
0.127169885868702,0.0176225257414239,-0.0836393019029096,-0.0119813925639968
0.108216345015721,-0.0122118233182377,-0.0521402496888774,-0.0143277279592851
0.0677632698012728,-0.0162566625225201,-0.0111981427677237,-0.0134980409349662
0.00796527461237417,-0.00412992931922351,0.0212554844286254,-0.0108502008247313
-0.0208110418171433,0.0212656118289688,0.0409449362598171,-0.00633548325477148
0.00226218037827679,0.031864377611286,0.0532750559737534,0.00284630732162627
-0.00393853863317921,0.0128729837554823,0.0572566425953257,0.0157343646575624
-0.0721859459247044,-0.00290826071312216,0.0472332832815992,0.0255139332004464
-0.0975037580843752,0.00599955149248126,0.0313453036412795,0.0271965759706855
-0.0432563432793144,0.0124470108291239,0.0193229881423258,0.0218017744663798
0.0277899242195931,0.00127288546919069,0.00741919158417681,0.0128796723704873
0.0605826776458672,-0.0106842127935749,-0.000132432682544294,0.00332603472849594
0.0179617928002898,-0.0175378590759495,0.00599390852313792,-0.00509225065795717
-0.0505418085695808,-0.016501453862689,0.0158269697066478,-0.0119917499963464
-0.042161838183552,-0.00345742930257326,0.0109657212231727,-0.0169814277657339
0.0454144038830313,-0.00419986092102882,-0.00602661966752203,-0.0187654569268736
0.107630273741247,-0.0288834698721379,-0.0156137532364177,-0.0179450083188949
0.0709496877809273,-0.0342085892209451,-0.00985327954798789,-0.0163553926464426
-0.00336543213086576,-0.00151740672118034,-0.00655605029622269,-0.0131150346217009
-0.0114642044283089,0.0413312460088068,-0.0227084930408177,-0.00643764311574366
0.0340142628609007,0.0707807743440737,-0.0436374322275211,0.00173024058212428
0.0579468615134144,0.0789370559083711,-0.0544148433011756,0.00714617485663252
0.0478568399476519,0.0738322399563753,-0.0668956230085614,0.00812058393284683
0.0206844790100991,0.0553963336042007,-0.083823631763715,0.00577241738449615
0.00472983519733985,0.0141048009161557,-0.0809466046305716,0.00221190497403632
0.0243991253309824,-0.0224569071698483,-0.0494318588998925,-0.000410821813734581
0.0177491648669519,-0.0302812956753456,-0.0185725970692464,-0.000511327122225006
-0.0524958068365888,-0.0467691976698394,-0.00729928841245587,0.00331822709420414
-0.081701596380876,-0.10999476926762,0.0058746139225456,0.0103138853730318
-0.00291265650011975,-0.170666491406238,0.031937316466664,0.0161381576535702
0.078455907646209,-0.148138931986521,0.0490397595683977,0.0173566715343981
0.078959222813099,-0.0587047536449549,0.047918524474296,0.0139720495361807
0.0490781260252205,0.025443397876189,0.0341858680223896,0.00645712330759129
0.0444649184495937,0.0648050932230659,0.00584565225244695,-0.00496459514661734
0.066482475470808,0.0544927469138128,-0.0220701114765721,-0.0185735350802985
0.0886116801453829,0.0192814236422052,-0.0298159435261813,-0.0311455748267678
0.0701000989673303,-0.00697401979490934,-0.0316121311785494,-0.0405558193114999
-0.00528814841823723,-0.0107509209580545,-0.0354873663255394,-0.0459709907791575
-0.0783884961012433,-0.00491242106588875,-0.0259534479771978,-0.0450094799401044
-0.096169327175038,0.000400938876801843,-0.00618348059644522,-0.0350644051934446
-0.092309748931106,0.0151365911121093,0.00549126632544808,-0.0163896177313355
-0.105592415482699,0.0448166634095009,0.00823311188299162,0.00736193905530815
-0.112971039703002,0.0702869892461387,0.0108230675098723,0.0302626768578555
-0.0808232115345896,0.0658084082995558,0.00315525504015711,0.0455936840815021
-0.0257337221178452,0.0291734205393615,-0.0152018550648087,0.0486791921661495
0.00192750259010814,-0.0155548331957712,-0.021767105048176,0.0401977647389342
-0.000828641535824876,-0.051996326288027,-0.0121311940147161,0.0252853280986182
0.00550481180504317,-0.0795219833775779,0.00131245425402375,0.00957964780201824
0.0147275317262376,-0.0761584567993763,0.0084106753679215,-0.00278963052300357
0.00416894149570979,-0.0337826111307067,0.0102291011606947,-0.0100633649303673
-0.0320235206558622,0.013003091564463,0.0214595916993486,-0.0125438077831246
-0.0658988417470373,0.0391863737476539,0.042279812443729,-0.0116416397938713
-0.0265350426909274,0.0565569292818248,0.0543733534444969,-0.0101523756748751
0.0858741567931383,0.0709080452229932,0.0395235217985039,-0.00990147405039214
0.182417554446862,0.0485372537761877,-0.00595097219617106,-0.0102580138663494
0.182037895969968,-0.0180753593727007,-0.0456726488919478,-0.0102974162287754
0.0657139458025637,-0.0691792090091887,-0.0451335504799282,-0.00978922373368603
-0.0662148661493532,-0.0591100544275703,-0.0210736186909715,-0.00902627774487179
-0.0863322755998697,-0.0284547227311071,-0.00482546444159877,-0.00857452741789436
-0.0511870226880865,-0.0271946210378424,-0.00618711468224503,-0.00866064691091962
-0.0581892857659174,-0.0231760831617676,-0.0158762341041832,-0.00900856561277972
-0.0542911626560585,0.00200312561032319,-0.0194163010350284,-0.00819981376221081
-0.0281294725915144,0.00932873482654776,-0.011263098507307,-0.00447390374216434
-0.0649348921044353,0.0145683931435765,0.00899475654594969,0.0013069136942745
-0.150375132639722,0.0360885583802123,0.031013383348182,0.00628725648455413
-0.184385174524406,0.0377654977266121,0.0405280688687573,0.00883480484960123
-0.169975692049537,0.0104352115427856,0.0445038536302642,0.0101116264469006
-0.145452936522064,-0.0335273378144778,0.0413252585623371,0.0127842904769556
-0.0630449505779973,-0.0911189738342906,0.0220825167729411,0.0174307878682028
0.0647332334263655,-0.133710236807405,0.00101583729255449,0.0212231805958311
0.163042927882691,-0.124371546618413,-0.0100690882782238,0.021035975156226
0.217671481637146,-0.0785991257906414,-0.00530064884751387,0.016321928765742
0.227584402584824,-0.0248230526904872,0.0177667693588019,0.00799292520210526
0.216187620906246,0.0256227371486006,0.0405775115800727,-0.00273331674712503
0.223274975176833,0.0599158366657896,0.0493178955317058,-0.0131352806578547
0.152201542977886,0.07506770100283,0.0478583181382453,-0.0194225246054209
-0.0707365300298096,0.0703647503306011,0.0421383841669009,-0.018280535357506
-0.254572510192852,0.0566641110627597,0.0284974246875584,-0.00773643509966827
-0.248870837467281,0.0446700705104544,-4.85955312116565e-05,0.0094667453074168
-0.155505231199125,0.0197815462729108,-0.0304384610197941,0.0248787692754281
-0.0700445412852624,-0.0239544141929992,-0.0438144142872716,0.0315115970329497
0.015968883739262,-0.0654214188289817,-0.03214540103088,0.0292431715138103
0.104429636718916,-0.0773997831430679,-0.00527034508533664,0.0213681200072097
0.148338468818095,-0.0752036182731313,0.00646406217795589,0.0100807737943629
0.127504864387529,-0.0934838088461897,-0.00853536602722152,-0.00428862303938728
0.0708981906880684,-0.0939548953291344,-0.0189204162387418,-0.0225565413168686
0.0135105229865848,-0.040165417796438,0.00193294253773736,-0.041104137691674
-0.020501320647837,0.0109805061687707,0.0338748368880849,-0.0487610949786573
-0.0575057834277829,0.01278810470938,0.0561354238209892,-0.0378405992933745
-0.118296706863527,-0.0212560906266308,0.0804200528295058,-0.013382541453742
-0.163180644264064,-0.0697660105254433,0.111658913093647,0.0121640175861518
-0.151772979566272,-0.0967901657619593,0.132072065618929,0.0289663687633481
-0.0958802919346725,-0.0764166993819271,0.129110813215196,0.0346819389551914
-0.0418524554185722,-0.0287197802062124,0.107414912981731,0.0328531399100731
-0.0202862356008,0.0400598400772497,0.0787145062605049,0.0282033709603793
-0.00801198468172504,0.120499515093484,0.0450867945839351,0.022695187479578
0.0291893307264647,0.169297372722439,-0.00105792585243489,0.0160256305149186
0.0704365709246165,0.182655489487238,-0.0529936107852301,0.00818577549473272
0.0997814335256724,0.160793787151523,-0.109033636068116,-3.06589637708021e-05
0.129411875511897,0.0737303075285465,-0.168768495356872,-0.00803464131450066
0.143618742637471,-0.0737342443748021,-0.187659589319504,-0.0162465621412284
0.0906650625136434,-0.184115752846925,-0.124040775352502,-0.0243875416545933
-0.0418213809993905,-0.141087313911531,-0.0120565491173784,-0.0291565551397135
-0.153060633794918,-0.00524057610292093,0.0719533035692084,-0.0267979614187267
-0.157264875347834,0.069578667580452,0.0932292029864796,-0.018013546832852
-0.070556026944101,0.0507816060767231,0.0711257844802523,-0.0084882780341317
0.0232226674744934,0.00152091191136998,0.0319388821001455,-0.00360124300799924
0.0398041889083405,-0.0370474839214901,-0.0125652168028029,-0.00324143077537844
0.0361719111249421,-0.0558214898297215,-0.0472306429081516,-0.00430396910381631
0.0773894807952096,-0.0442257537084261,-0.0552546127219626,-0.00455642418728178
0.0786030993427508,-0.0243969865994317,-0.0387569178964811,-0.00247948236994693
0.0180729170857318,-0.0209203014513352,-0.0189097943981741,0.00178581292361057
-0.0175903432969694,-0.0095110626999524,-0.0131413685643214,0.00646805208362668
-0.0298280163423427,0.0309642415853924,-0.0119358504228252,0.0101008937486124
-0.0543949931084076,0.0770834983706582,-0.00650624256832155,0.0114369852301729
-0.0525535904574438,0.0994585722067538,-0.0076220919743344,0.00953455839899635
-0.00537095835396169,0.0858097351909976,-0.01339357934228,0.00534527483728911
0.0359312727322496,0.0455424515478445,-0.00665579519297108,0.000957530451996277
0.0356273507066075,0.0161204267067653,0.0134899739341679,-0.0024431611535184
0.00568731028471338,0.024235097064538,0.0330799529457037,-0.00468430532718569
-0.0278331146811172,0.0549251464506396,0.0462559682156677,-0.00579476619332587
-0.0514813162210686,0.0680878819169972,0.0512119327960386,-0.00576064564118669
-0.0638015823286292,0.0496559778167811,0.0447641190893266,-0.0051306684827792
-0.0512230164584364,0.0246715915420215,0.0265384868608733,-0.00429861193915965
-0.011909590819409,0.00430597512840655,-0.00506930509086734,-0.00235655241259488
0.0247578302722965,-0.0243242026780621,-0.0447333369736579,0.000371752922624975
0.0545866506305296,-0.0681865382158086,-0.0751319104821874,0.00102559923359421
0.106497734368416,-0.111863551150933,-0.0848551972088503,-0.00119999452908565
0.162676921167778,-0.135758718986313,-0.0748065177225635,-0.00316984995885126
0.156731965429932,-0.117342973051274,-0.0467395990846955,-0.00246328576055035
0.0969158500410171,-0.0338686966700272,-0.00521427015792856,-0.000264684609838926
0.0461181709083716,0.0723906967643404,0.0372385826901637,0.00123622915654896
-0.00477700475342964,0.136976459948985,0.0638396214457028,0.00166584160518027
-0.0585871799636377,0.161237084926464,0.0603537129896439,0.00149773027736791
-0.0693665734997273,0.174611441349438,0.0193225664021035,0.000718259246752371
-0.0295937245531283,0.152019891424069,-0.0564427260784031,-0.000160274309989894
0.0194672308081617,0.0394300098212897,-0.119432865441218,-0.000147790783454141
0.040245695857185,-0.120389829586089,-0.113316968475169,0.000753923284436448
0.0313307151962939,-0.183709082693172,-0.0635281239468903,0.00154664597039381
0.00599714969967034,-0.0975092117062658,-0.0322261327791112,0.00179046676842193
-0.00237199112550116,0.00736860485552732,-0.023112470051611,0.00260812159103057
0.0171483537880187,0.0250476691733367,-0.00446859663476215,0.00544989562840437
0.00488626338871933,-0.0161310269402351,0.0189237446446199,0.00980245974496412
-0.0426491401651612,-0.0574591365605302,0.0244371420389353,0.0130300958768201
-0.0351463693064738,-0.0499478334133971,0.0153251574225041,0.0134109602840419
0.0364488576410886,-0.00687775478567551,0.0061285021679732,0.0108890233620883
0.0818554906987364,0.0165099311844726,0.00760869787511448,0.006002612002626
0.0534188644531841,0.0289058351141369,0.0223853814166274,0.0010952044266151
-0.0112872340887561,0.0565741959062918,0.0428953495965434,-0.00125242242421554
-0.0325416690875747,0.0728680259190274,0.0543756680426722,-0.00209983488816656
0.00919288430822184,0.0524862277411401,0.0521591251206732,-0.00483230639352483
0.014816580539866,0.0284115678479011,0.045509456577986,-0.00960263065585044
-0.0641274324628392,0.0123927360817649,0.0352920306317967,-0.0123489566487676
-0.113606932539107,-0.0409291054226139,0.0138839742592195,-0.0100740981410173
-0.0727408544581493,-0.0886437264751523,-0.00862237697903387,-0.00412572106250404
-0.0182498119601903,-0.0528324987963952,-0.00861535148943182,0.00230497122911958
0.018844025210831,0.0191118144404796,0.00123057482802055,0.00714697223382534
0.0359863780497716,0.0415339732494191,-0.0145764258966793,0.0088043297254339
0.00113558334919462,0.0118442402875528,-0.0490745917812676,0.00554011331158799
-0.041626593808211,-0.00534262021029562,-0.0685594125538906,-0.00278973420406223
-0.0285794622718999,0.0146419829289901,-0.0732853941292386,-0.0121363652327245
0.0501160272048938,0.0327633059342439,-0.0765870353886932,-0.0154293161278346
0.162091268679263,0.032378472557518,-0.0720289895955164,-0.00981122572972135
0.213473222459997,0.0174219449022717,-0.0555722352449212,-0.000360279459367334
0.119190384803161,-0.0215270625340551,-0.0299103891543535,0.00437181081140411
-0.081702839850454,-0.060404667350387,-0.000473075445013224,0.000193612623633559
-0.20256952394802,-0.0598382531358785,0.0223644032864976,-0.00824685089256378
-0.138895461514623,-0.034819277877658,0.0306107313822847,-0.01183079831903
-0.0192432240355794,-0.0174038673501355,0.0303675241804448,-0.00649417904168515
0.0288870438571423,-0.0255414334622869,0.0393319660541715,0.00343243216730651
0.0214729168993066,-0.0593993948122386,0.0645618742702939,0.0114205358914437
0.00318411178852526,-0.0808425240530817,0.0963090049460926,0.0145206301233265
-0.0308276189606454,-0.0631067424975096,0.116289240730065,0.0133468499462493
-0.082215487594611,-0.0290375096876339,0.103769485239328,0.00964743074117072
-0.114004281333273,-0.00298081745986878,0.0693698260899955,0.00526303359853866
-0.126748281667642,0.0114454065436415,0.0471848317800038,0.00241111519915471
-0.117158891460882,0.0104516363397324,0.026858316715525,0.00228450090021396
-0.0600632029837162,0.0109101970552705,-0.0146956103672304,0.00303665103324502
-0.00125505434115755,0.0197140542678415,-0.0647043061252799,0.00175004040562549
0.0425269888870164,0.0142842116357899,-0.101251982539685,-0.00189074693380872
0.0957572908779748,0.00999831715545323,-0.095432282924638,-0.00628233505808033
0.124612675208537,0.020539383290457,-0.0439352978229821,-0.0100561124128407
0.104546726941079,0.0297995303799517,0.0148260753584066,-0.0123292703935926
0.060923688558646,0.0336257718418546,0.0426130139604289,-0.0132117777957346
0.0350191220057789,0.0311615526429421,0.0295344448559598,-0.0136699254728678
0.0251504082654441,0.0387966267559409,0.00317836156383928,-0.0142931564397703
-0.0227441252775276,0.0595782240226151,-0.0108231013180829,-0.0133783058377486
-0.0985527455075991,0.0498968050044881,-0.00627183002769624,-0.00732880821660873
-0.142225978593352,-0.00307547256938558,0.0183939715955408,0.00369736163618214
-0.122956481005869,-0.0652617489184339,0.0454335259337482,0.0142954761445916
-0.0878171572975229,-0.0920078871884676,0.0608884438527565,0.0200441302139024
-0.117203321363615,-0.0661135747941167,0.0634542920675006,0.0208302919050944
-0.135468751593913,-0.0591850470649513,0.040602276321276,0.0189633788405699
-0.0362736631024658,-0.118499196803034,-0.00549308008443453,0.0161910106331795
0.0949851939649035,-0.130705401796765,-0.0442701759118352,0.0125005262662529
0.136945181902342,-0.0134654460242772,-0.0519395226609503,0.0080717285606438
0.122407592743329,0.104364591311974,-0.044974251525135,0.00378678863188063
0.102027062886841,0.120923686535415,-0.0530810975240877,0.000249411713166876
0.0360906991746086,0.113242732943198,-0.0632847491700296,-0.00275676432223625
-0.0819817205186968,0.125740118379361,-0.0396551363065279,-0.00647578318074413
-0.154939292546475,0.103204932050458,0.00415162086229755,-0.0113492151508469
-0.0905847623788856,0.0568982360643533,0.0244362816186242,-0.015778563677703
0.060958232715205,0.0445756119909426,0.0232535018073933,-0.0173239200347588
0.170693555239341,0.0365965201219558,0.0244659703916289,-0.0153737431303174
0.15708314266228,-0.00304916964150485,0.0220158405238232,-0.0115891540540303
0.0443512789795206,-0.0352233368158253,0.00674907753393584,-0.0071132142252635
-0.076414094797081,-0.0336512307546942,-0.00901926806301339,-0.00194251734139666
-0.128600619301829,-0.0226873919448444,-0.0152458803490442,0.00341115036396907
-0.0787578304208319,-0.0109792383195716,-0.0217073107926522,0.00797079043884374
0.00190195686429037,0.00776519865515101,-0.0375574860355854,0.0124299628838643
-0.00987830355061299,0.0191190193610857,-0.0610505535798719,0.0176517858723792
-0.0871694247601339,0.0119884464795231,-0.083811869654169,0.0210066736135838
-0.102764483579718,0.00572685087839945,-0.085461661406651,0.0197835064965591
-0.0545616368784703,0.0170041660422847,-0.0591278989158167,0.0159208921131762
-0.0318704872179126,0.0317867021614789,-0.0212644359456539,0.0126063663520557
-0.045660851177966,0.044940907843975,0.0084697092971661,0.00865437291245651
-0.0372887707416336,0.0497367104732364,0.0195620562436842,0.000329610881219074
-0.00185481627541015,0.0311334406863856,0.0176784860684283,-0.0125516993907538
-0.00413527028141142,0.0271390452168528,0.0261507007923596,-0.0256058208709685
-0.0466304949304642,0.0610749765220184,0.0438185358235647,-0.0340051523395704
-0.0198117550261145,0.0840234620753424,0.0390093484492706,-0.0370162889862386
0.0988692360911625,0.0808424186104328,0.0136391332613139,-0.0351792002420749
0.207658226691779,0.077767120533528,-0.00393239829045632,-0.0260317247820727
0.255665345686627,0.0620701554744673,-0.00283092261348501,-0.00970519075028885
0.212464021278223,0.0132582658124638,0.00658334352187545,0.00911527543731457
0.0467804958513931,-0.0430748976282264,0.0184575965954343,0.02531057664072
-0.117146563500789,-0.0675479790844023,0.0186006143229112,0.0344876042444351
-0.120547612872568,-0.0514831252102457,-0.0061189037264501,0.0353188406283451
-0.0657179363861122,-0.023869428864549,-0.0219437896521934,0.030307523153465
-0.0916239715759279,-0.0298942252523065,-0.0147321109610749,0.0233073874000677
-0.109713208285899,-0.0649339095181696,-0.018319022280006,0.0169176029181069
-0.0487353295620925,-0.0566507544261667,-0.0356238433046195,0.00962377558854351
0.0188755512016272,-0.00847747215893258,-0.0360339890189134,-0.0018110554742046
0.0401743486911439,-0.0115276977896877,-0.0222580254284214,-0.0155567814546117
0.0342197132663796,-0.0622405197267841,-0.0277582643576147,-0.0259418253966212
0.0308705310927043,-0.0995356248281612,-0.047315342594907,-0.031283022173934
0.0202280933561909,-0.0872864492388479,-0.0402251413858856,-0.0333214620114815
-0.0314049587628883,0.00188542906897268,0.00315266385809206,-0.0295862494673069
-0.0844913501043364,0.0999111218801129,0.0426542752198726,-0.0160246336866032
-0.0627148753601277,0.100675615693649,0.0477315651493612,0.00302053510932482
-0.0063530443799586,0.0406359724971596,0.0301034782671683,0.0177958059959234
-0.00391595275514175,0.0284367164581879,0.0025996711916172,0.0230271362373517
-0.0106661662948265,0.0394183207795804,-0.0174798686804786,0.0196990987535239
0.0417045584174991,0.0108268642638393,-0.0167623365703816,0.0127013065194966
0.0995294503416609,-0.00336173311061958,-0.0134080085762764,0.00742091184254264
0.101829707776304,0.00857670520896102,-0.0139736706696318,0.00494006856106359
0.0891964766789048,-0.0205887871951941,-0.0107761646242283,0.00149035148983371
0.104372132982784,-0.0718323071576181,-0.00574852265222538,-0.00534091071811941
0.107573243140601,-0.0810515670457365,-0.000769204190063565,-0.0123550036065397
0.047934100638227,-0.0520789985300354,0.00176117460441641,-0.0154736775373198
-0.0378139705469928,-0.0362786753472755,0.00327846790400443,-0.0147573722642245
-0.0584178901452668,-0.0636597378098154,0.00720004952403905,-0.0113399806534993
-0.0321863053406686,-0.0951398663641933,0.0149862068430338,-0.00549984071841783
-0.0104375086439374,-0.0767411761030118,0.0324921557203113,0.000919010456334895
0.0144981373752481,-0.0244533993514886,0.0527323834075221,0.00521608926265961
0.0284327617802967,0.0108230670998629,0.0557630141802494,0.00650647820671171
0.0170954197855892,0.0210381412668758,0.0383506778931624,0.00632552410998654
-0.0222337254468252,0.0158149849106558,0.00926485349775992,0.00671983575574345
-0.0648231130315971,-0.0132014834385527,-0.0196318357305016,0.00753896998421645
-0.0594618080696993,-0.0376407986464677,-0.0400241966686413,0.00721781508884794
-0.000306963187505976,-0.0160773379942718,-0.0567174482388695,0.00673918918044974
0.0753370606465507,0.00881584429110125,-0.0607163293017442,0.00897350618409501
0.137146806948019,-0.00401453245808503,-0.032615509797262,0.0134610024756265
0.155114481880856,-0.00600513321104209,0.0172862867590483,0.0163515707606758
0.10125551155,0.013732003208626,0.0529554435907874,0.0152575438889053
0.0307114985554111,-0.000522304975156284,0.0457074556875955,0.0100184881839326
0.0123800073456851,-0.0323590627577367,0.00367599544833291,0.000684648816606116
0.0050992757078345,-0.0406652904499859,-0.0269336809416566,-0.0116405353105815
-0.0278360842124435,-0.0388983892124911,-0.011500594226642,-0.0252012355188926
-0.0536491319355261,-0.0253572086915825,0.0268889145258826,-0.0390102833540317
-0.0574689026307772,-0.00595164521198255,0.0430417727314821,-0.0485107261142154
-0.0356528758846208,0.0121878170885603,0.0330748850067622,-0.0446317983743546
0.00421728364159236,0.0463196536292248,0.0116502295720526,-0.0227896675847197
0.0526745474468734,0.0617875595810456,-0.023296007540141,0.0101692013081235
0.0895759572580554,0.0202303589893215,-0.0618365575678274,0.0397481828860164
0.0320992028470203,-0.0208514076356151,-0.0716049160127432,0.0544791395069058
-0.0884610531361091,-0.0158248127309536,-0.0356723086858264,0.0523344284713596
-0.121801264102413,0.00322633297555987,0.0185745851909253,0.0387530624130543
-0.0548655591052756,0.0233893786917253,0.0522759019392227,0.0212913563038167
-0.00703434795033882,0.0333159917576433,0.0607977308441195,0.00575734487664868
-0.0378973245317046,0.0166278465571938,0.05616756996556,-0.00586847863785027
-0.0849078416929484,0.00178765438091384,0.0405084927553374,-0.0147855929420657
-0.0823632513417364,0.0116760787706189,0.0185000214838374,-0.0218955370463832
-0.0127377409495018,0.0194977318140245,-0.00132032224911853,-0.0271872197225292
0.100233972689205,0.00343744123591344,-0.0121325807570379,-0.0303836761463965
0.185068892473895,-0.00813002765602412,-0.00935641314269511,-0.0287942958302288
0.19607999612753,0.00556726711797586,-0.00327603841714435,-0.0182741815269223
0.136276322566249,0.0178359817635666,0.000401458774908239,-0.000382282149700194
0.0379579261796726,0.00927444336193706,0.00942598044403892,0.0150808478692498
-0.0551815618348917,-0.00167179564105568,0.0116701180007282,0.0194611400216227
-0.130864959583428,-0.0151048379928939,-0.000598632314799554,0.0141151724135923
-0.182539873721845,-0.0543789349240599,-0.00447473354998357,0.00678273358749653
-0.181812661030268,-0.0907094498138299,0.00618115091381811,0.00271014874452073
-0.127068265174465,-0.0714312171392536,0.0107645884580348,0.00201379842205156
-0.0613948004921651,-0.0156095952175738,0.00151965499352177,0.00260314870810807
-0.0218305274573145,0.00761983042181241,-0.0121284851660178,0.00246976492286674
-0.00776881623604173,-0.0114391398554735,-0.0226446285956484,0.000801202996828363
-0.00223395984012748,-0.0209289839843539,-0.0305373858964498,-0.00147923685209779
0.0252475035784806,-0.0099372872882612,-0.0415640340583144,-0.00293451315486964
0.0535968075199852,-0.00865768765720024,-0.0554828970430126,-0.00289535517402228
0.0133468681169747,-0.0167817908107854,-0.0518843235466857,-0.0019112928457499
-0.0733018467394289,-0.00349899153990349,-0.0112994074526048,-0.00125841267477882
-0.117271522140075,0.0295871129890019,0.0343494987934012,-0.00173192648809373
-0.0725142110683276,0.0337186334299297,0.0327524410289825,-0.00369196358520134
0.0082260197585578,-0.00134518578294588,0.00458551454523129,-0.0067501100684257
0.0213533016594298,-0.0146997367567593,0.00881711009012014,-0.00965757951510904
-0.0310076978757893,0.0147907214338304,0.0395762708526376,-0.0114202032481322
-0.0399355179242806,0.029658800158081,0.0561771458564376,-0.0109705563240281
0.0197662862456097,-0.00433118180434964,0.0593401487473468,-0.00750262680084049
0.0631455431602265,-0.0473960996136997,0.0660452460735154,-0.00202818699775639
0.0546246706874353,-0.0493103664449412,0.0792279046575191,0.003400288551222
0.0213186188445158,-0.0192959396936764,0.0956006182508966,0.00754070504993204
-0.0279919655325131,-0.00291249860521997,0.0953545728107852,0.00991492706071176
-0.0889676668252827,-0.0144801304262639,0.0595349952231037,0.00949167160020291
-0.144944864916159,-0.00940098660366206,0.0151790010321862,0.00590531018950428
-0.183540355039566,0.0416167762073208,-0.0110593571256253,0.00273752825615709
-0.183057062784089,0.0848490887252528,-0.0490625029247819,0.00452661835309646
-0.138624796035048,0.0603470743849515,-0.0938198118979611,0.0102821804241849
-0.0496269491353139,-0.0124606904525045,-0.101727110055297,0.0153825135800613
0.0888325138040569,-0.0904903041319501,-0.0842772392930075,0.0165542127368906
0.177974484313235,-0.149885634045977,-0.0596673683241079,0.0123884994586244
0.139980506491579,-0.14342945205687,-0.0174148971505159,0.00366828702643111
0.0496624964217259,-0.0542941507330699,0.0280224223436849,-0.00705647900792189
-0.000538608101135901,0.0540980683151426,0.0469692730599517,-0.0172839858558539
0.0297378805714895,0.105943244912211,0.0363939158193244,-0.0236547970740877
0.0994844994707941,0.0842475313862899,0.0179498042006082,-0.0229031406998207
0.109600824119922,0.0437602617270699,0.0143433229602241,-0.0164962929242127
-0.0134047261094308,0.0322739450581344,0.0301396061964695,-0.0089524807468619
-0.182105163941394,0.0261470530365238,0.0480306855069215,-0.00273968929223421
-0.200772198309129,-0.0165099855380808,0.0441281165623096,0.002150297374052
-0.0543891841439289,-0.078652982019871,0.0231979234099258,0.00635330464495076
0.0939851740043446,-0.0935036051243918,0.00934202496468056,0.00999448844092945
0.145880344951287,-0.0527289439500793,0.0124435129338841,0.0135904501394807
0.141248645695709,-0.0212396583586459,0.0257026694215584,0.0174209323217129
0.110378078580995,-0.0260176429362488,0.0345321430921485,0.0193760100063927
0.0456091323011562,-0.0335114503887812,0.0387960472097075,0.0173324871665798
-0.00961147756827146,-0.0198928146461207,0.0429813295586481,0.0125601022442605
-0.019311836247765,0.00694105369860983,0.0371504984131392,0.00741381502631487
-0.00818450165568911,0.043795029864033,0.00690291915132128,0.00176858428112684
0.0114102787167402,0.0798385160671131,-0.0559765501766659,-0.00595177225981797
0.0132445299889725,0.0999453325139045,-0.120824615346123,-0.0160732959452523
-0.0251305013255675,0.115443305048467,-0.131344860185952,-0.0255319794671206
-0.0185959113932676,0.136227238206907,-0.0872683376983316,-0.0288652346760999
0.0372824547642238,0.152764306560711,-0.0503831942029592,-0.0241786277695386
0.0462339543610109,0.132993622617092,-0.0579147431785857,-0.0159113366767352
0.0255639061525167,0.0641642112037528,-0.0785286058111324,-0.0091161751229742
0.0273349208629008,-0.00616854700512759,-0.0659298373470267,-0.00375698323906392
0.0493538823835314,-0.0362628255136588,-0.0192575211910495,0.00193581796810559
0.0740339105431987,-0.0422494362740015,0.0267121282403681,0.00669220052550755
0.10814772977463,-0.0545338008287222,0.0486575932347035,0.00893946160163023
0.135997603909939,-0.053445322149213,0.0509356567218252,0.0103245893362122
0.100471414105226,-0.0107752464383442,0.0488251194453259,0.0129051578317151
0.0271732872623954,0.0314110690412629,0.0485366660339269,0.0155271552219724
-0.0218351825735887,0.0284787122333889,0.0428757087891226,0.0159745074351538
-0.0210970793581877,-0.0271727022599752,0.0198334473575495,0.0131469601532535
0.0149990558506933,-0.104535908330574,-0.0180121001559596,0.00659160798403688
0.014749451553122,-0.109303787902388,-0.0528725812123445,-0.00215599690686958
-0.0119154098399949,-0.0233587453566204,-0.081295257656095,-0.00937585055331892
0.00112727811714287,0.0545554226484009,-0.101764674836055,-0.0123284434568347
-0.0018122304878079,0.0806080883140457,-0.0902272575834541,-0.0125473183849865
-0.0536062077127398,0.0894615299265069,-0.0401909713557383,-0.0146420410283282
-0.0588817882008993,0.094829119295489,0.00234782708737941,-0.0197729739213683
0.0165490296541197,0.0791309635085027,0.00258112193506412,-0.0237606936425817
0.0966868632864969,0.0459889396344464,-0.0104488392088956,-0.0222857306589053
0.1246199883791,0.0224587096656293,-0.00449674331164807,-0.014039660911585
0.0989969069640364,0.0140017842947905,0.0103411955912958,-0.00144067716944701
0.0299892916833974,0.00860983489059702,0.0226350611150652,0.0102158415394747
-0.027531074696706,-0.0132988897465417,0.0292324906738149,0.0166626988872044
-0.0329981628351852,-0.04768946841104,0.0168370066295252,0.0175763985156
-0.0335717694513905,-0.0535138285408465,-0.00661728332095337,0.0159840645208049
-0.0395178766716797,-0.0336997041057822,-0.0208007782241854,0.0148651052682392
-0.0319022938977391,-0.0173655392005931,-0.0236371761167473,0.0148360474095811
-0.0297314111121921,0.00302214967057497,-0.0136077393866248,0.0151030213460795
-0.0214666188402468,0.0225871104295241,0.00215632971798616,0.0141742769898055
-0.0110222193075304,0.0204250708041527,0.0144567487076477,0.0107812580564002
-0.0329956391959472,0.00349479460365596,0.0404563479793061,0.0056420558238423
-0.0506136045382157,-0.0194497755081691,0.0722887782706294,0.000494803853038194
-0.0238164577516458,-0.0424304453441207,0.0636204839026302,-0.00468419339524638
0.0313114140798129,-0.0488925730745611,0.0137140573494544,-0.0112021783287898
0.0902663407734804,-0.038245027991618,-0.0194648261939582,-0.0170557206240792
0.132399268758241,-0.0228665899346812,-0.0019498127263725,-0.0171032090257243
0.157286633709091,-0.00484672462064419,0.029959751129267,-0.00982786023833356
0.153932389554435,0.0204059146163154,0.0332134040639616,-0.000477428373642407
0.0746196593623922,0.0451107615237073,0.0185945624934203,0.00393921563512136
-0.0966073575693689,0.0611836627542093,0.00790043874597439,0.00240943586248505
-0.274210425196501,0.0603390546024532,-0.00273462526769502,-0.000266505912270495
-0.34652880659724,0.0336126701295476,-0.015504474909135,-0.00048857943114265
-0.303583044722488,0.00280959364497879,-0.0240875189933784,0.0014851029276663
-0.243573772791988,-0.00852735666316493,-0.0304963701599514,0.00395228993413512
-0.232326324058678,-0.00855294807904149,-0.0325297563472834,0.00540382051396405
-0.209512330048872,-0.0281634020679537,-0.0188537830782646,0.00558603521932409
-0.0821800612580733,-0.0509199162619042,0.00266954863289506,0.00611907852760971
0.163981836235393,-0.0394014470276352,0.00880048113401335,0.00819180649711084
0.382459429418477,-0.0552525863741091,-0.00491360043510737,0.010439743768885
0.408554437280702,-0.0917381147857112,-0.0163776003246138,0.0100396952136251
0.307772254091663,-0.0598957150143719,-0.00419799223353665,0.00562431623961803
0.192917095603216,-0.0196155263270085,0.0253727632995508,-0.00103007455459823
0.0486615916421788,-0.0218118806703401,0.0542678551405059,-0.00632306772206478
-0.0826676800272191,-0.0104270004293814,0.0687802922534084,-0.00801707917795167
-0.134245579969341,0.0209823095360644,0.0646513140122334,-0.00684607055726804
-0.166483782851662,0.0563712321853277,0.0573936931986919,-0.00494801476568991
-0.218727193241438,0.0858690315402816,0.0465632255085506,-0.00424076256857097
-0.197813602568362,0.0768748117655376,0.0167208662119539,-0.00524124817604479
-0.0761647550082832,0.0376558947543982,-0.0102815936659692,-0.00622311982130673
-0.00690216861025029,0.0201226592860267,-0.00878706099034136,-0.00511229681948096
-0.0551745473216743,0.0372887080711171,-1.97646611869197e-05,-0.00194482089924015
-0.0892817735322905,0.061240943367208,-0.0169673725271274,0.00125542884933354
-0.0652206302114222,0.0783223484562761,-0.0437059160019983,0.0026182727818525
-0.0425054272203699,0.0795175166879429,-0.0414961298281638,0.00192064434036986
-0.00756859066301781,0.0600818932113132,-0.00358990383366153,8.28264578328114e-05
0.045557907391576,0.0478327482912888,0.0503166938116138,-0.00177981141966634
0.053708762752166,0.0503153684626193,0.0874016746381206,-0.00284786804827329
0.00353762604142932,0.0435580684993728,0.0792737483329152,-0.0027500828244369
-0.0360036584209737,0.0208619937004964,0.0281644295746842,-0.00157406597378761
-0.0281231433732197,-0.0210829131083847,-0.0260444203168677,0.000329334144327939
-0.0105122348712814,-0.0718296507122955,-0.0595445018225743,0.00208055505254724
-0.021127953898223,-0.0956554887906377,-0.0853477229606916,0.00275202385461053
-0.0375023000009792,-0.0948959445930011,-0.0971474539220812,0.00249637136617567
-0.0174546326242207,-0.0927810393061031,-0.0734611170549989,0.00197034466466533
0.0278576320271218,-0.0807999451846553,-0.0162968426790538,0.00189161339782943
0.0569476722324481,-0.0518257068843614,0.050793821405709,0.00235627388978552
0.080756242281071,-0.0178625470167095,0.0991806320489162,0.00251109279899474
0.123774266622707,-0.00227797522391919,0.105688967180027,0.00254872726871924
0.141471053414173,0.00685635077010985,0.0721965677852111,0.0032807651010446
0.101930439490341,0.0395455015381108,0.0270192995842402,0.0038339737213857
0.0625976757096424,0.0768466322298518,-0.00412225803758225,0.00230169349323976
0.0617198914641267,0.0766908248522045,-0.0193125195923595,-0.00165752151616894
0.0425571034457806,0.018323354510964,-0.032457466349162,-0.00616323347567804
-0.0205013203136798,-0.0553048929661091,-0.042651417014017,-0.00913473294272861
-0.0914889169671333,-0.0654675903764524,-0.0354850860352084,-0.00881455993721422
-0.163904543871131,-0.0041570343687678,-0.00629504958797164,-0.00433173513780501
-0.243988149907209,0.0526284834320271,0.0247413512638843,0.00240665564051339
-0.283866013641301,0.0575789211161687,0.0296618100029392,0.00827972382695717
-0.216904841475846,0.0456763923023472,0.0151243736501003,0.0118943375206355
-0.100626957463888,0.0403561510945536,0.00483154481435717,0.0132785954830073
-0.0434653511346242,0.0139873303247364,-0.00247100307117052,0.0120249768304425
-0.0152290338424287,-0.0206876793509588,-0.0161271319922847,0.00752170085261389
0.069710361448637,-0.022484471296333,-0.0314143753497897,0.00113953087373329
0.201576637574152,-0.0117691301291315,-0.0432504728869415,-0.00348076167505994
0.279395332920288,-0.0169464461888674,-0.0528678940927337,-0.00397184756971169
0.221770720904408,-0.0126898811597816,-0.0574356886515225,-0.00167786645102149
0.0977458968402896,-0.00414388813254721,-0.0410623107801184,0.000660234943974463
0.0553072401658464,-0.0196144531861766,-0.00690601393801847,0.00140630234196927
0.0786743483355143,-0.0587908110522199,0.0104361560400409,0.00070920484886848
0.0590984378902407,-0.129715705265972,0.0137915293353046,-0.000346485495520272
0.0139344827539084,-0.182084984971223,0.0343955083527925,-0.00103149844356868
-0.00638724057798173,-0.147382563239278,0.0636779198102658,-0.00106742076074494
-0.0274718582579236,-0.0680505920597477,0.081818165795367,-0.000849726445633354
-0.0686957654026339,-0.00795441404558495,0.083071136543271,-0.00171811533834197
-0.0811140997810177,0.0272299334714168,0.0643272947463553,-0.00484560637942373
-0.0451108295664367,0.0574413846066821,0.0306000482316569,-0.00874237853798956
0.00792509190365726,0.0795993580003796,-0.0105734916029739,-0.0101937207045095
0.0370284749001943,0.0645653987061779,-0.0504826402054664,-0.00785269924729491
0.000790193368676556,0.0352668123191771,-0.0822901859219147,-0.0035643583939547
-0.0695097311623442,0.0339028067537997,-0.100503622953833,-2.94404126283468e-05
-0.111317820117448,0.0383610896076006,-0.10697258348193,0.0032356152646292
-0.103686098838551,0.00652652496879462,-0.110240623310555,0.00791786997090864
-0.0615101098124386,-0.0467430315286875,-0.0946197983280311,0.0128427563803769
-0.0102304062184448,-0.0612757439044579,-0.0469313102571873,0.0160106430575121
0.0608702953709673,-0.0281393311507753,0.00393569376141355,0.0165454880142281
0.175788623912754,-0.0081340824359095,0.030294326918224,0.0133348806139412
0.257871781497183,-0.0212234419343875,0.0310017247428261,0.00433904467874357
0.217388032641834,-0.0301620468273292,0.0221305016556842,-0.0108550619217142
0.17691447591052,-0.0325084212764191,0.0258083313419782,-0.0273452995103577
0.22922011409952,-0.0237015423729658,0.0428583230711878,-0.0365582909884188
0.227445474614316,0.0177323597872594,0.0518386039080526,-0.0336179288418122
0.1316396515809,0.0440161678358127,0.0355617593628595,-0.022003444872404
0.0292875502134055,0.0156045135269048,0.017070592184307,-0.00818403300198418
-0.0778666476358336,-0.0224834710268463,0.0199019201722454,0.0052321947284202
-0.172570935770764,-0.0174209685418853,0.035676604988886,0.0170557066318666
-0.180036452866928,0.0207923403005131,0.0466355446089093,0.0233321673926961
-0.0585538582903087,0.0375841280325081,0.0260619130299079,0.0215521535669773
0.090813411241525,0.0339443373209025,-0.0108787587911199,0.0149283696956907
0.123337328170856,0.0631211931327657,-0.0322208884717408,0.00733472079005575
0.0357284964115019,0.0951762130532726,-0.0452080130399631,0.0001816101033447
-0.075730554510429,0.0636289463657675,-0.0443180374191327,-0.00484753712577805
-0.0959127302867104,0.0138856236640971,-0.0145483014292085,-0.00647833073729423
-0.0074021514967454,0.000103203720341866,0.0257292135628609,-0.00556854313785531
0.0851989520571512,-0.0386921525174958,0.0344351785173694,-0.00316069353520135
0.122885426937171,-0.136314596234186,0.00383911918955961,0.000113183723724169
0.126537404635205,-0.199388126593474,-0.0141389577361608,0.00205988263609616
0.0972217205690052,-0.155751512476048,0.00410056694179706,0.00106056544857094
0.0228223303445516,-0.0464390151046684,0.021763819672371,-0.00107392984662604
-0.0418891161257369,0.0508940403096296,0.0124240142836463,-0.00196693397189214
-0.053562712599166,0.0855526233793839,-0.0179575257851492,-0.00149589270812618
-0.0674891232445102,0.0714591917172376,-0.0470953880987946,-0.00086190088156421
-0.11701625658188,0.0606110077933046,-0.0533100736252445,-0.00107920373379222
-0.164852348317974,0.0723153219535543,-0.0424058390818608,-0.00293440186282792
-0.174987286952367,0.104330317945525,-0.0413019385273863,-0.00749137714275508
-0.130507593805058,0.118720870122632,-0.0449159748379245,-0.0140935548310194
-0.0398732804301983,0.0754493038545724,-0.024044736507072,-0.017542554860086
0.0554572820676534,0.0106872570227268,0.0164635100970851,-0.0114881022687125
0.0958494903482992,-0.0362655157713155,0.0548185141900977,0.00322735811875022
0.062341155924767,-0.0620207953709344,0.0793805562562355,0.0188415656083581
0.0122555766003743,-0.0733113937917454,0.0882444697924737,0.028660849457969
-0.0325880044689292,-0.0703041588883056,0.0891806527220378,0.0300123242683524
-0.107694196965455,-0.0247119912263776,0.0910388293188967,0.0227277319487695
-0.13354510753664,0.0444542396925385,0.0864411294896665,0.00890487046687415
-0.0252320065598081,0.0830911445272292,0.0633418496153423,-0.00514317880693057
0.0995538080498884,0.0870151691825439,0.0226445582686316,-0.0123552038487462
0.0951009373835263,0.0619574046228951,-0.0332277466031417,-0.012430972857902
0.00360726801507952,0.035124105967969,-0.0714118999569237,-0.00965612827780158
-0.0447143515479549,0.0103148259202144,-0.0680276623147288,-0.00650849413998942
-0.0110862527522297,-0.0836700399702649,-0.0473568374557673,-0.00452806208528039
0.0548819998630781,-0.220580720844897,-0.0217171035093688,-0.00518193355405287
0.0825222509859751,-0.252978537346979,0.00478933542491214,-0.00698898356934912
0.0529072060139982,-0.134874606570278,0.0185764966930124,-0.00662922064675135
0.00192181493962296,-0.00240646637824665,0.017091383988036,-0.00368449010941123
-0.0526517331186765,0.0378268540530107,0.00895942627281197,-0.000705735694957531
-0.108391224994769,0.0490403153936936,0.00638083247036696,0.000998538665687193
-0.143746692272417,0.092978967947357,0.0155541547377908,0.00199356013383252
-0.184148032304944,0.135342761645844,0.0195492257157483,0.0024578207649432
-0.232524787938867,0.12639200406487,-0.0018674651269709,0.00218278594453645
-0.213252992791764,0.0338712515150243,-0.0324134959715583,0.00187036753847119
-0.127062414137928,-0.107722908662675,-0.0453425950019622,0.00233416712988874
-0.0239912567868789,-0.194709999241737,-0.0322152428814158,0.00352952968099483
0.0773329621670467,-0.171533044118237,-0.00306431924609808,0.00472530442976684
0.141384020814136,-0.0961176428645578,0.0150612933670823,0.00429070929881309
0.107563594076007,-0.0460995530414403,0.0122032077930034,0.00147958290760292
-0.00451809054836537,-0.00603558119992695,0.0133743259405269,-0.00161381962920471
-0.0998821721849794,0.0636869763947036,0.0401425870458195,-0.00220670332094769
-0.131870709678924,0.11929363927372,0.0627799457990611,-0.000176945584675227
-0.0967262900878417,0.0985386543960617,0.0457890279164856,0.00152085211394658
-0.0193749251717503,0.0472808061898219,0.0141627078704496,5.92580483236311e-05
0.0234538277497907,0.0379716088859692,0.000788191070532483,-0.00368856217291256
0.0158147655621222,0.0389438638539032,-0.00665167277293284,-0.00598251196115521
0.0555941403873238,-0.0194176401228847,-0.0391801179748115,-0.00467649797267031
0.156695766392983,-0.10470215072232,-0.089766772649759,-0.00211564643327676
0.201532595969284,-0.0983409316081046,-0.113908845925013,-0.00115973620910839
0.132590225959725,-0.0070558458463609,-0.0972444279762864,-0.000202184915337211
0.043656417570358,0.0458509204218266,-0.0612828127979832,0.00291409113524863
0.0446866090994185,0.0386813437063372,-0.0299335212518534,0.00734185205963297
0.0845334363854489,0.0281552809950057,-0.00248104634736281,0.0117514530340093
0.0316428515583391,0.0265317187450988,0.032911002733953,0.015092368052669
-0.0781541065549881,0.0198836376441509,0.0580378051679754,0.0156284602699216
-0.104865751777538,0.00117845072157339,0.0546991250714465,0.0121625157614545
-0.0659068912718669,-0.0260269184978547,0.034299739977925,0.00475262236340474
-0.0348014262304912,-0.047985400629117,0.0108638001101797,-0.00520806704384576
0.00942548733421465,-0.0546219283341711,-0.00259804353051815,-0.0131533829502096
0.0572464021730054,-0.046950470251927,-0.00109147897142363,-0.0149657794702048
0.0377888872021435,-0.0362268707333505,-0.00454279579029967,-0.0120943612325224
-0.040054314279164,-0.0314711134728112,-0.0236355335395214,-0.00844862930953248
-0.0873240863067659,-0.0136354609364934,-0.0488536134119864,-0.00596483446660234
-0.0776510126842556,0.0411883244435423,-0.0650747423959371,-0.00349009655701287
-0.056227253738769,0.102966179048925,-0.0691027037953213,0.00128196071129077
-0.040784837756044,0.128867903078791,-0.0815826049095098,0.00702899891688093
-0.0168737600382788,0.117874814995441,-0.0949178309516187,0.00907611832002029
0.0126506018959372,0.0859918607525767,-0.0741562823111023,0.00590856576453907
0.0182089266097411,0.0595492473760556,-0.0293723895073524,0.00132280736026999
0.0147259972072489,0.0581556294667438,0.00408049914385954,-0.000441230934094336
0.0637268749106247,0.0628909706324303,0.0159308799586705,0.0014756848545561
0.15304406770122,0.0430534066114142,0.00935410233640417,0.00489359252846154
0.196328092982118,-0.00275451339604095,0.000215820323090615,0.00673259939069139
0.142668231475594,-0.0431142293902287,0.00479275186474862,0.00574949712019947
0.0492126982483218,-0.0506939537268869,0.0121073210861661,0.00310158196946793
0.00486299663593593,-0.0400171110774495,0.010523539942899,-0.000223418154163305
0.0171928944285226,-0.028188011474147,0.00711932849745364,-0.00361904799658973
0.0340151824556139,-0.0154841519497021,0.00775594614144061,-0.00536498967450792
0.0305216244865272,-0.0117534684900462,0.0070732979802486,-0.00547883856138993
0.0264989915163145,-0.00862867429962774,-0.00340523733459358,-0.00640982496907175
0.0113433874252884,0.0108465208910587,-0.0277620980874844,-0.00774641640039958
-0.0306430411949445,0.0340746506030485,-0.049963941036526,-0.00619174677216445
-0.0783365080054926,0.0394719407221155,-0.0404845299181964,-0.00171733826059797
-0.139926365749383,0.0173220450846834,-0.00147000371252839,0.00191417774081285
-0.16589456275178,-0.0197325818848049,0.0311734800863458,0.00220351375027394
-0.0492190021595045,-0.0428060672528819,0.0327264856232105,0.00100750878068471
0.137584710897962,-0.039382253533864,0.015014167978118,0.00157723699746552
0.203125763344521,-0.0148754341372937,0.00806087289623893,0.00332607544562448
0.116982867916757,0.0188937619254482,0.0282234979329772,0.00325840677703463
0.0422053483032429,0.0493490422147209,0.0678606762844376,0.000590624144160078
0.089680664166637,0.067456994676025,0.107337138923161,-0.00244108073146098
0.149284694613567,0.0753108407743977,0.115063482412142,-0.00410742749228131
0.10449843628876,0.0648568328504412,0.0870749778697726,-0.00666999193692827
0.00188362661508848,0.0219792155425055,0.0727421554948421,-0.0114297725392602
-0.13341301664654,-0.0213546565332682,0.0759977426597817,-0.0125356885352801
-0.295709128914772,-0.0422985399600697,0.0451512982296063,-0.00530321335783456
-0.335447725049226,-0.0430668363130416,-0.0124365875446033,0.00477813924012478
-0.188403168198468,-0.030898874778087,-0.0599266163623915,0.012352602323153
-0.0476260956510466,-0.0294990470540816,-0.0966121785328222,0.0186113230151193
-0.00674588060613218,-0.0283887804480043,-0.108317651418376,0.02160149617901
0.0621698471286613,-0.0101356927768872,-0.0883666062301762,0.0167048156813131
0.183857522698941,0.0110040007900826,-0.0610417437829384,0.00534925999267552
0.219505288984175,0.0288062279356574,-0.0263097714467812,-0.00633574005617562
0.114597670577488,0.0568515414035333,0.0263872213147104,-0.0133514036301498
-0.0215208763849876,0.0847432358261597,0.0695664468331879,-0.0145504981245508
-0.0721067914779857,0.0552531785113125,0.072800801168959,-0.0138343889978595
-0.0270043449273824,-0.0333327230949362,0.0505295070431165,-0.01642350396123
0.0298327914287868,-0.0655125764922697,0.0346928576051842,-0.0204381892641086
0.0312802161790435,-0.00557152765592757,0.036554279321702,-0.0184043197071328
-0.0144818367301303,0.0428751937925482,0.0373455327099841,-0.00795145431578307
-0.0567514708132441,0.044513676356734,0.0298072443702937,0.00565621891823279
-0.0529559615593215,0.0397059401280792,0.0302180643815501,0.0158472019621902
-0.0129310048958524,0.0298311811561092,0.026896529394461,0.0199876509361263
-0.00319684074004439,-0.00485815216514487,0.0117895922317453,0.0191762223419717
-0.0625566744304246,-0.0558978950459017,0.0128735742936697,0.0146996314833968
-0.0953291135737847,-0.0902742116748211,0.0363954104391801,0.0072475231021682
-0.0391067389339889,-0.0998033158013594,0.0586677941525798,-4.78685914649443e-05
0.0169056642015361,-0.0794847856926429,0.0678379085390032,-0.00362556547275722
0.0614115303687928,-0.0115876747807753,0.0681626409492746,-0.00434307363291026
0.152699081363448,0.0671242501421765,0.0637079016638057,-0.00490724144867309
0.216235222027266,0.100384413834401,0.0511191727633057,-0.00644340005745037
0.156293144503679,0.0765396369013317,0.0241318288568795,-0.00947610665683371
0.0582922636681882,0.0285546874409813,-0.0151514750919822,-0.0133343292043267
0.0939651277129731,-0.00808843412995992,-0.0633457269163054,-0.0144257800119272
0.224692714764216,-0.0438793742243223,-0.120938363490335,-0.00913860987892297
0.241831113459742,-0.0996380734595257,-0.154564883525349,0.000336962453168452
0.154648882395671,-0.135739015107688,-0.123198528501204,0.0062531426926875
0.0919511813415495,-0.0835224355437716,-0.0565756045442017,0.00429258586123176
-0.0679013301683118,0.0414964231805914,-0.00797382169411995,-0.00179052748875434
-0.354881697373553,0.138822732372479,0.00565738563704025,-0.0065970666459879
-0.50301359250484,0.115199595274179,-0.0312966797046564,-0.00771290562952381
-0.420646860163736,-0.0196052646725754,-0.0977434726561121,-0.00500585665280433
-0.242218704105905,-0.110531604187201,-0.119673156619167,-0.000560678449006072
-0.0662718673302023,-0.055885077834898,-0.0752682971979718,0.00281271816847928
0.0750286104046273,0.0278627424516033,-0.0071223227564266,0.00471570435178024
0.161138565476851,0.0325097977618877,0.0448903239038596,0.00714598785060673
0.166907411616444,0.00420389406662037,0.0645353509625603,0.0101373901728159
0.118191930063199,-0.00849346853187235,0.0529633294936298,0.0102956194332665
0.107663640241085,-0.0294664748784205,0.0164459588301658,0.00614470042955001
0.182582207994673,-0.0769127242974184,-0.0264006543704512,0.000569932494902645
0.2408539528485,-0.111618839328925,-0.0437792167775836,-0.00327857229818631
0.159843536111944,-0.104522428419331,-0.0283792468271467,-0.00390826959022291
-0.0011610517953646,-0.0703133738216204,-0.00536187042999625,-0.000878746615523308
-0.100506513649289,-0.0405483398404549,0.0144431414951166,0.00455421866623729
-0.11817379047259,-0.0289422863819157,0.0357773143405151,0.00975739647868622
-0.10405794493823,-0.00754393353268203,0.0379753088060444,0.0116748121269272
-0.0590425132126599,0.0272634798307337,0.0129029895803551,0.00853656738650592
0.0101845490547653,0.0332904443762541,-0.00179701439564645,0.00279549152794719
0.0327682139651736,0.0117796478819623,0.0175223915158828,-0.000605506518139348
-0.0154068736784689,0.00881683419037964,0.0501723049531184,4.47515807158443e-05
-0.0552050342464368,0.0410958548053855,0.0498568911992228,0.00278783983350119
-0.0771097035926821,0.0809262124916082,-0.00336028958163431,0.00573693542369307
-0.160263263353137,0.093888374023144,-0.0565284497592986,0.00716126917129889
-0.237024368434476,0.0720304716315807,-0.0506049061400048,0.00517536361841404
-0.203449674797431,0.0257371388668427,-0.0174305969788132,0.000781211061095569
-0.119244645060637,-0.0340949954429479,-0.0184856587779299,-0.00256865492281271
-0.0424648709711933,-0.0847129507836907,-0.0437832811835549,-0.00375724869982211
0.0177667442047838,-0.0829056909252623,-0.0566195797962672,-0.00493804661913304
0.0371103689997065,-0.030871030975358,-0.0580125064455348,-0.00728606586163947
0.00579302880636404,0.0295178858736985,-0.0669535153319263,-0.00887922170746255
-0.0416618078508083,0.087964960730949,-0.086855934332107,-0.00732225945625135
-0.0409184028389658,0.12087086080598,-0.0934665571584393,-0.0029199222090737
0.0142758111941835,0.0865871911962591,-0.0578190248963339,0.00214034851501045
0.0512329092263337,0.0166570432683919,0.00228841111285419,0.00677405089314371
0.0235720585164099,-0.0230702147149209,0.0500178436593932,0.0103516866722589
-0.0247277797760628,-0.0328811852311453,0.0809798752126202,0.0117572856188465
-0.054824923050171,-0.0329492914622864,0.0982440180883406,0.0109402359309836
-0.0581441831604729,-0.021904349519272,0.0954858140660499,0.00896258615932061
-0.0243074253224835,-0.0150703008485154,0.0793115122379261,0.00706088716079213
0.0162658016987178,-0.0171908754648688,0.073898243515345,0.00566855955430583
0.0550024967351115,0.00712708266333769,0.0828006491815325,0.00336158350684815
0.122756948767859,0.0565633706776147,0.0695349076032946,-0.00111536352390884
0.12509715142421,0.0756357274670155,0.0240582896941928,-0.00638055440063031
-0.0451101855951968,0.0462977517605294,-0.0102596953936436,-0.0107107946314595
-0.218514424764954,0.00191694073532183,-0.00462086060710491,-0.0135979400909569
-0.208224966178249,-0.0123421040790034,0.0266987759064127,-0.01375424858333
-0.102777871298595,0.0260160086978772,0.0377920483107582,-0.0103742904406038
-0.0352407497294876,0.0595891187015005,0.00144250165284394,-0.00589586653732867
-0.00291716960265398,0.0401816439367107,-0.0507506485539898,-0.00402651227884884
0.0434809814115916,0.0394735702149898,-0.0781638163121791,-0.00526519535457938
0.0904580428299757,0.080977049486831,-0.0696753882446413,-0.00677877384898435
0.0868391238077207,0.0788801165053753,-0.0473218319040853,-0.00689130690651051
0.0455759240436702,0.0166629791403012,-0.0330459945107297,-0.00656842822231327
0.0130488517685263,-0.0391011452406227,-0.0196047272773479,-0.00641862295217561
0.00551067631993283,-0.0681678093732872,-0.00832635811749848,-0.0055607269962394
0.0310635666708143,-0.0898571841298668,-0.00136316378098258,-0.00386634210198397
0.0637774776049991,-0.0841737661349106,0.00425821977370682,-0.00261161140504469
0.0699539441295173,-0.0532840081662401,-0.00809633066540419,-0.00184999073445555
0.0619559980161859,-0.0236135338838188,-0.035044549262894,0.000175123690943798
0.0625947577922055,0.0104172233755465,-0.0452260078457751,0.00385944146695041
0.0514518083076055,0.0454148406325857,-0.025888958182451,0.00734527289016936
-0.0221173880512659,0.0677120649329651,0.0108830974838735,0.00845718902810987
-0.119835350694887,0.0762881783754624,0.042588810317389,0.00658782529251312
-0.163895626675791,0.0675209180355457,0.0628337357815916,0.00355906375361413
-0.147259517962315,0.0366814755740808,0.0808655519407335,0.00182951391624815
-0.0806179480097809,-0.00624860995376879,0.0886430355077546,0.00172852031241019
-0.0161508185663306,-0.0428878645048013,0.0847720141724463,0.000815447043621399
0.0592906708087206,-0.0751943646244343,0.0743082261606039,-0.00315259791752678
0.210366457848664,-0.111701008553252,0.054265932620461,-0.00822920422791071
0.333836359567258,-0.119425073618257,0.0308146228880373,-0.0100644911978512
0.323037885118511,-0.0853951056606473,0.0039514480330603,-0.00734455810440816
0.219857399565748,-0.0510969423535151,-0.0272666137709111,-0.00224538992315254
0.0693356778728846,-0.0404979552888313,-0.0562372260923725,0.00266298649559423
-0.104370505882516,-0.0417901723099006,-0.0771166652342893,0.00580752506842206
-0.203718494093629,-0.0161722060512793,-0.0787488678533686,0.00643219064702055
-0.194645379340453,0.0512994939483375,-0.0546427191932959,0.00489024758583422
-0.170847890166037,0.111417077850754,-0.0198039826275546,0.00376807943481823
-0.146888313986547,0.12172861549248,0.00947871799400372,0.0055479059904411
-0.0598624002221059,0.104710228088658,0.0318166477186482,0.00870768924011555
0.0610077591633932,0.101498605047398,0.042309781885914,0.00979193723066656
0.118658795160795,0.107340453722861,0.0462036161924842,0.00727975139520194
0.122081513761935,0.0858011560037444,0.0476984578568157,0.00159623170717769
0.153899560861848,0.0290656324762412,0.0316117915354092,-0.00541750433705482
0.187051612337522,-0.0727450175789185,0.00705271579158157,-0.00982431010975458
0.119379197004142,-0.194883410725878,-0.0070775211208255,-0.00828908752108508
-0.0650653076461222,-0.214651219859782,-0.0179124053341825,-0.00198762000237667
-0.21633212484712,-0.116952771303669,-0.0315278082669041,0.00562435677278943
-0.189100902372966,-0.0246605464375096,-0.0434621852138636,0.0128477682085835
-0.0682990140001597,0.015631002453589,-0.0415764416164468,0.0184709956345994
0.0120187078919856,0.0214370982238359,-0.019630806795886,0.0190170544269456
0.0570197559569024,0.00566610331201802,-0.00305383854538675,0.0105135837757397
0.0867095284288465,0.000635103814445516,-0.0056997429247572,-0.00565153734505318
0.0688324044163386,0.0134712404024255,-0.00181409883718,-0.0200313919976114
0.000412456528607184,0.0187927084530301,0.0172473884064996,-0.0232974128655163
-0.0567988280514845,0.0170488988701158,0.0352889141536303,-0.0162762004055158
-0.0773640748927713,0.0199310119000586,0.0386121639425657,-0.00715695348899533
-0.0705203777088194,0.0195721862631344,0.0190711210494591,-0.000804009961243649
-0.0395416962873986,0.0108493012025143,0.00176992404121696,0.00405420679992576
-0.0312208380357955,0.0117908789348643,-0.00234032428545685,0.00883051234202204
-0.0419042662712124,0.0363667455036171,-0.0212053946631859,0.0123443002287671
-0.0065206630236694,0.0622361744674901,-0.0463016543220905,0.0135770978103699
0.0512987399899014,0.0399203246724061,-0.0563408785222969,0.0126798118967307
0.0439229727011276,-0.0311919079723872,-0.0492729395862812,0.00889625627924482
-0.0320413085075334,-0.0663884015530771,-0.0273646998387106,0.000935791943111188
-0.103463185610458,-0.0131870633042186,-0.00302989229123488,-0.00910217714040807
-0.134494094567056,0.0681228795881316,0.0154089265688128,-0.0160972095160738
-0.108067178636742,0.1049462643719,0.0229754658519873,-0.0172600828305761
-0.0408183532170756,0.0896821751068733,0.0175466945582603,-0.0125996832984135
0.00848460350545312,0.0432954050012233,0.00518413100009067,-0.00385875733903637
0.0319116536981605,-0.0104158653617804,-0.00857563249455845,0.00389208544806744
0.0314960085098395,-0.0639178658320697,-0.0159026761190016,0.00583854057798581
0.0190117433559469,-0.108434070327829,-0.0100799268637374,0.00263054675286856
0.041641224705106,-0.10156278624741,0.00134371672751016,-0.00105205132746405
0.0723239932881948,-0.0405452540218611,0.00315505877738821,-0.00169302244522027
0.0614902737828638,0.00890530471054596,-0.00893151147405329,-2.94994585480961e-05
0.0739806688893967,0.0108432167515124,-0.0217133653476272,0.00141342089977038
0.133173437798564,0.00230271603351629,-0.0173701127178663,0.00164856730272001
0.116360851008572,0.0134487244901703,0.00930961197616714,-0.000145552605833596
-0.0218844797501974,0.0328294136619843,0.0351592309476676,-0.00492703261630829
-0.158780814366299,0.0387607628388275,0.0259791402752319,-0.0112862591266322
-0.186520462398415,0.0220443711138222,-0.00393452923075739,-0.0154722284438299
-0.150840309932437,0.00116868973195945,-0.0180271579705205,-0.0139358396824721
-0.156423784671993,-0.010286253303459,-0.0144416931354527,-0.00548980192751801
-0.197893471971297,-0.00469995690062451,-0.000361327956527748,0.00733493470285961
-0.143733376315125,0.028574558421455,0.00825780754892354,0.0189770660492758
0.0411771726076502,0.053225814838446,0.00223728417921063,0.024374609032198
0.211107070542331,0.0303403709948192,0.00747067720174521,0.0215019785579711
0.259176033420609,-0.0319834507459965,0.0305212538147315,0.0117301567716948
0.138041887778095,-0.124347960785885,0.0606306151861148,-0.000474113481887504
-0.0802118007157124,-0.200754278994389,0.0949866804578893,-0.00905979243066934
-0.184888920909558,-0.209858073110686,0.100519167923243,-0.00991793227183508
-0.123941091148891,-0.170191788332835,0.0650178655079935,-0.00399840063052625
0.010085742209539,-0.104288670674583,0.0484926751376211,0.00443335552484554
0.146396681620707,-0.0326790500321144,0.0812867847397101,0.010847264376725
0.21823674318462,0.0348351680926736,0.109615984633647,0.0107673565950322
0.232129678817584,0.10634323521191,0.0767445422519086,0.00269997792144866
0.283940878708331,0.153576306897742,-0.000288048118152751,-0.008566996901595
0.359161619516678,0.163698280878112,-0.0435339427834899,-0.0159930934487157
0.288809593317757,0.149510868816892,-0.022563427437218,-0.0169869990215083
0.0075201158832609,0.112963028586876,0.0220854322481481,-0.014618458247702
-0.294635307880615,0.0878229496147461,0.0385769734825067,-0.0122178264319343
-0.391779987185134,0.09177557146068,-0.00759201037641384,-0.00789663949895051
-0.314909631969283,0.0724208438310493,-0.0797302033688382,0.00162063962425
-0.221810392315127,0.0102549021466211,-0.114004372556442,0.013530874020248
-0.11983990909259,-0.0601841686941376,-0.119559809108355,0.0208926646242856
0.00972416031396373,-0.128830190639425,-0.122202042317233,0.0198132394277352
0.0999986784304312,-0.180849934371483,-0.0941430376170186,0.0123056816925597
0.110367432408344,-0.16191941805865,-0.0245725075058525,0.00359960105981
0.0764430066479878,-0.076356224841312,0.0399501110934233,-0.00243995082530934
0.0652394573862805,-0.0100492739122123,0.0647481270687228,-0.00477941043017016
0.0759934627285406,0.00469400359309399,0.0618134836193464,-0.00430240919043737
0.0551073369798807,-0.000229867124231918,0.0508678051855017,-0.00270178287160066
0.0021198935849135,-0.0120933724389351,0.0342039930637089,-0.00118067584809369
-0.0150920932059101,-0.019816576736483,0.0109872218933149,-4.7031098563109e-06
0.00436220164464672,-0.00726050296613023,-0.00908857170779445,0.00122864290456724
-0.00101532115061636,0.0162433040425416,-0.0159398987152409,0.00265108897947572
-0.00643008005538291,0.0411050971259742,-0.0139744122468013,0.00361368089495341
0.0244800827855602,0.0668555819690051,-0.0109397340414288,0.003203920594262
0.0645451957172233,0.0801010453167559,-0.0106201468864279,0.000301421394424484
0.0844265403177755,0.0720478397484254,-0.016620333683497,-0.00604813868680151
0.06846058490259,0.0544426531475646,-0.0238029901201081,-0.0150305693290999
0.0157066186999012,0.0487980019429602,-0.0227468158279804,-0.0221301870972701
-0.0382725352860065,0.0627487357195011,-0.0201497835739117,-0.0210993459748467
-0.0519361134032669,0.0676180245203443,-0.0382642715276423,-0.0112686741815248
-0.050626330741844,0.0344810432498983,-0.0795882961091091,0.000758116228574621
-0.0768975796105375,-0.00522292587685205,-0.115221655387247,0.00887321113963035
-0.111555335181701,-0.0118925171229722,-0.119528914159081,0.0118720466363877
-0.119934382154113,-0.0105739069178888,-0.0942420806050723,0.010862018183512
-0.0855009442625249,-0.0305231538386769,-0.0642277203066368,0.00744076839001579
-0.00726330680128065,-0.0573582947639593,-0.056532051399424,0.00398453384443456
0.0712812798082601,-0.0771139948421381,-0.0775933963385368,0.00211124721536358
0.0864787040068394,-0.0798681226476513,-0.0882835753254874,0.00142301134496917
0.0201746515086066,-0.0475917603492721,-0.0521802945236805,0.00172087658499246
-0.070237826601014,0.00370101859462302,0.00120901087291493,0.00329456098467834
-0.0891957238226922,0.0390312942182703,0.0282991398359026,0.00537508754402615
-0.0367672603318036,0.0480624871407346,0.0257769891303574,0.00724290470013835
0.000102224811691531,0.0407301464891141,0.0178152086027988,0.00839253837731911
0.000472614933801491,0.0300769118166262,0.0293205717741254,0.00792790693330204
0.0204667558722423,0.018425719331373,0.0640877313771282,0.00590721536720462
0.0795712040514346,0.0031890924284828,0.097352075077531,0.00327782366838007
0.116685856214848,-0.0139147774734838,0.114636204216533,-0.000218510948707272
0.0405360443363635,-0.0151710405874628,0.13425580378209,-0.0060307578174715
-0.152795571739405,0.0187798210777944,0.153382714319896,-0.0139757291377757
-0.300916697714461,0.062542414926612,0.143512967510546,-0.0214988366366889
-0.235744074886298,0.0786708755732781,0.106551472684523,-0.025589938396028
-0.00187308391036289,0.0621661288832625,0.0598524681547656,-0.0227878625489061
0.198674558200381,0.0229540400591604,0.0213007947206371,-0.0111168694169558
0.23180025682796,-0.000774751895907422,0.0181412746227058,0.00565955117829887
0.112537156887925,0.00538089436683641,0.0233393145770478,0.020078203172177
0.0271591331397697,-0.0236636490024896,-0.0269725839748021,0.0273087754101727
0.0776629791996722,-0.106362139890519,-0.102472695688948,0.0270002046889356
0.0895216294138623,-0.158101682343405,-0.125517697172083,0.0198226075663613
0.0341196899594099,-0.122786935223997,-0.100034991434578,0.00778112030599025
0.0299860600685681,-0.0298054687776703,-0.0675096609111889,-0.00245509998355765
0.0222638295686074,0.0363619867623232,-0.0510525753538186,-0.00535397607929509
-0.0460368974463312,0.0245587652407975,-0.0544460557068122,-0.00416604017462071
-0.115385112078772,-0.0105037620350704,-0.051782003620167,-0.00548057999349572
-0.12884589741062,-0.0109130270341064,-0.0186667323427274,-0.0096866283442362
-0.114001045777807,0.0131455604351395,0.0249535944962817,-0.0117767509403497
-0.138055014960177,0.0409040426482538,0.0494204783034621,-0.0092799100482603
-0.1794535069915,0.0571092428099148,0.0669822602626317,-0.00540475030121314
-0.14360280537498,0.0469217998568002,0.0870558409471718,-0.00327382612067803
-0.0433011136305162,0.0274910066646025,0.0889835287302559,-0.00203680367866161
0.0228741583215088,0.0181455149625678,0.0711059700122273,-0.000813417134903088
0.0364482827086629,0.0085487867563771,0.0545347473862352,-0.000517738029198741
0.028814966783902,0.000345034559795725,0.038700755783634,-0.0008679709598373
0.00784188371386378,0.00590300413800105,0.0129687932213768,-0.000357114636604428
-0.0188812641356872,0.0242526184306789,-0.00777243583641402,0.000865602748981546
-0.0270916632872302,0.0453260087016133,-0.0133435175047346,0.00106580431324526
-0.0254364019033208,0.0599189448707974,-0.00980986716589244,-0.000630863484063285
-0.0402848015694374,0.070209316434031,0.00137911100622385,-0.00328171623527089
-0.0380726914849304,0.0749384253948682,0.0127166014572697,-0.00456156620071262
0.0151381341004036,0.0677996819246721,0.00772944082734983,-0.00323511534972513
0.0933295962156764,0.0402990802249189,-0.0109897790865116,-0.0014951360041397
0.112524073926136,-0.013701370725961,-0.0128274664715311,-0.00228250064256296
0.0245382825213099,-0.0573104526581685,-0.0113608956227814,-0.00569201127785272
-0.0689387178825728,-0.0569910435730133,-0.0488779937217655,-0.00915292585303149
-0.0672897713864076,-0.0497475903260249,-0.0951696321538324,-0.00912949051412682
-0.0134076698730003,-0.0660947920471294,-0.101907995562517,-0.00395881564607538
-0.00827496915776425,-0.104259518472319,-0.066941693071172,0.00397516514549833
-0.054359681789232,-0.165678012552409,-0.0215450391728705,0.00979602439403036
-0.0635422413167662,-0.203628787439816,-0.0134969064316945,0.0106776478748857
-0.0189503209511332,-0.175291738878206,-0.043305219944987,0.00822549112925431
0.0352127767516936,-0.1298215096102,-0.0540030732856949,0.00530195969415977
0.0705715436668504,-0.0911967714076926,-0.0147763298480453,0.0031229217624828
0.0324961023856116,-0.00618158505836799,0.0457321061936651,0.00193926002472614
-0.0765827157109084,0.105458797850282,0.0655292139821124,0.0016562296762365
-0.128278908775421,0.160319594391578,0.0198227975861298,0.00116623976694583
-0.0534212780877423,0.132819465031446,-0.035721000129229,-0.000411355797260078
0.0498339167711831,0.0673539231411793,-0.0551174070543725,-0.0019203730825433
0.0648132703504672,0.0353940534131003,-0.0503840680400335,-0.00192010178149047
0.0156388978578617,0.0449804364457261,-0.0316858806742593,-0.00068986903379512
-0.0283076018324521,0.0417770033365659,0.00855479753001068,0.000301558562369236
-0.0429689777097256,0.0187518999824912,0.0586105026277973,-8.23825105850946e-05
-0.0271332355071942,-0.00459396716307853,0.0967286103254378,-0.000608862433117856
0.0337380686393245,-0.0397775733408529,0.11387756518974,0.000801811298695226
0.15570076892843,-0.0715184332964493,0.124211236936104,0.0033785488759108
0.260664548347782,-0.0517053357141102,0.152477598304751,0.00482471798642052
0.266469630972783,0.00765734706597134,0.176438497798436,0.00538359632588331
0.175580630080269,0.0313075426250701,0.146724876560146,0.00768239019331279
-0.0371484713111716,-0.01018366857424,0.0726330404836315,0.0124842349490297
-0.280656551361609,-0.068848708090084,0.0010413122242639,0.0169857953761493
-0.282296016430138,-0.0824069484671398,-0.0531249111184346,0.017960820130988
-0.107806650693027,-0.0216920715159281,-0.0757306784292143,0.0152935670673379
-0.0423127650149041,0.0636349430907499,-0.0687521562843565,0.0104454059477901
-0.0305181957760801,0.0558107709679198,-0.0761495183567512,0.00337304963705364
0.0544971562625611,-0.0442129916238059,-0.108888652363921,-0.00632245641954888
0.161209699803499,-0.106524212268307,-0.129145162712346,-0.0169784194365819
0.210878422455516,-0.105092208462757,-0.117880419521313,-0.0247208313485815
0.190735237621829,-0.0839943178512322,-0.0894773164439258,-0.0259632306776078
0.16762632483918,-0.0313595200289427,-0.0432096705122336,-0.0203904153858993
0.186863015186309,0.0525967071960633,0.0167396058067585,-0.0110163519194633
0.232566527659803,0.100945404636686,0.0591487182902601,-0.00111852194165221
0.231096016187447,0.0796021003560291,0.0723375292393112,0.00732622944917369
0.123109965961724,0.0483354531910578,0.0699529824389405,0.0130903949599554
-0.046052968607978,0.0360950402598268,0.0555395867100323,0.0160509314257491
-0.184539970531235,0.0128517326460447,0.0378246083774728,0.0167296335245574
-0.211187535212913,-0.0230794379498752,0.0303886076583374,0.0154370527266843
-0.145626229090696,-0.0529771883158742,0.0255220541422723,0.0121787465857244
-0.0683733057922639,-0.0613190193219595,0.0229021043065795,0.00600289775105603
0.0148154814425505,-0.0308478401583144,0.032394099912557,-0.00294470128318606
0.0735387377257892,0.0145039027999396,0.0495245299152074,-0.0107069635825333
0.0504858613852013,0.0325954060091058,0.0572662093409874,-0.0131901040645787
0.0164938666949009,0.0245817160388342,0.030501084332515,-0.0114426194792137
0.0419420092154992,-0.0146276509410116,-0.0348426533737868,-0.0100263505714812
0.0703296945436714,-0.0354370688528251,-0.0935516402218903,-0.0106801963268835
0.0518665815159638,0.0369957534546003,-0.104607836371331,-0.0111083438714461
-0.0116034684769921,0.112920559474065,-0.0845349776611379,-0.00991525935001276
-0.0750189540818923,0.0914802357894003,-0.0746083310740767,-0.00854949962869186
-0.0793168617750748,0.032349572553107,-0.0780030210571842,-0.00886817131573249
-0.0455970732248159,0.0250543866527918,-0.0624903548135615,-0.00942814272315788
-0.023224353102161,0.0651728204408125,-0.0373760094382025,-0.0057971749412827
-0.0370185278031472,0.0858503383458418,-0.0248359547534367,0.00225822773570692
-0.0388524478277356,0.0424237179745114,-0.00168699644966877,0.00881166796184462
0.0727014245470917,-0.0457464872010558,0.0256725204638511,0.00936990085930143
0.228509668271897,-0.091610512553835,0.0165510902560306,0.00535953624575074
0.253057568554652,-0.0603785748074877,-0.0250377468605044,0.0010240270488696
0.155046799722398,-0.0216236406967109,-0.0455312211570636,-0.000576999139609827
0.0901760449724884,-0.0179088067937523,-0.0288673736795766,0.00109517540663855
0.0851104608074301,-0.0389306531748318,-0.0175678945674947,0.00434465165384494
0.0470112922444289,-0.0516500972538975,-0.0202410146918581,0.0053087141537483
-0.0582638440500509,-0.0353173248835774,-0.0178726184276827,0.000233315623679994
-0.214831451941396,-0.0302315631175155,-0.00458328687096089,-0.00900078976633214
-0.319347656557703,-0.0646664706156975,0.016298767347501,-0.0148419392198883
-0.270791072922156,-0.101964464529585,0.0299901094035527,-0.012533517706935
-0.113020350486215,-0.104047934305258,0.0346673962008843,-0.00514851084063449
0.0431513762460763,-0.0722778156776368,0.0426760196052548,0.0020498812880965
0.107038161965792,-0.0201787793606301,0.0577355603352312,0.00687308727749051
0.0997141182133115,0.021808409050539,0.069957424909192,0.0087203600239043
0.120017459254873,0.0219149528071915,0.0614474168414514,0.00813091982430566
0.13314435727194,-0.000463028052329964,0.0252866039073362,0.0074107737825838
0.0421364267261471,-0.0114941934720821,-0.0164968381518509,0.00749216356037452
-0.0654845968338048,-0.00069489635454914,-0.0289569180266642,0.00727697285202221
-0.0956558827887295,0.00897116877444282,-0.0227080107536013,0.00773964813110775
-0.110266256841747,-0.0161989262702044,-0.0295893436506031,0.00984988446385109
-0.142599576543787,-0.043899668272065,-0.0220281245710401,0.0104029664385204
-0.165896233429646,-0.0222171643786706,0.0170417217815742,0.00629128922651989
-0.17090857253226,0.0421452955205575,0.0562363932203979,-0.00110797110046331
-0.152208948119491,0.116939376760244,0.0879125162947424,-0.00656256740528168
-0.0931114755508605,0.173653707930991,0.0955198320152616,-0.00534393095381165
0.027667431729697,0.166257797811096,0.0559567311045706,0.000603106760879659
0.128547617822673,0.0768544016453446,0.00258452287243596,0.00417137152163775
0.125032781465359,-0.0293585525804776,-0.0217057302630769,0.00217114007742874
0.132860264695812,-0.102111595555701,-0.0221425107808896,-0.00152805377714374
0.215722377219893,-0.121161012149574,-0.0232231292031681,-0.00243997021016887
0.266079346482318,-0.0921324870832055,-0.0298400685480762,-0.00155376986731716
0.229725037624363,-0.075166973398977,-0.0354501368313168,-0.0033587196983827
0.12142353301698,-0.045381000950436,-0.0417968444833648,-0.00783669441946927
-0.0335018534061995,0.0419093597954953,-0.0602925564522618,-0.0093431522639726
-0.153441353949814,0.0964586215430958,-0.081364825476469,-0.00480424379729834
-0.16334734120192,0.0617446734640802,-0.0637821280970643,0.00311134439751567
-0.0899893088056326,0.0362354224327808,0.00165939021202302,0.0103360350783342
0.055144016516601,0.0832431353269406,0.0683621699849587,0.014482463328406
0.208781512577661,0.140265766097051,0.116962933151592,0.0151381691584926
0.153304233625506,0.14626527831578,0.15664775100911,0.0121435690816696
-0.0796681931653437,0.0856352843837704,0.157017905074314,0.00388175716430608
-0.197132713564561,-0.0166428596019056,0.0901644192785298,-0.00840382247328823
-0.139090798588433,-0.112685219823602,-0.0192187994938229,-0.0172915366878035
-0.066651389988211,-0.151158097524425,-0.104178335474366,-0.0161698281575496
-0.0880250068168833,-0.0995800830035632,-0.111224301135872,-0.0071348798030133
-0.111204463042795,0.0117462211622935,-0.0750278102296412,0.0013320237732092
-0.0298400709338877,0.120200746449368,-0.0594096668393635,0.00437315423525614
0.0517765516603556,0.154489938559629,-0.0487706298342967,0.00403714490705584
0.0832731713901837,0.0959184285987694,-0.0107577589877532,0.00241382071590542
0.0879437951893984,0.0460526594692942,0.0306185162493191,-0.000364051818282594
0.0419257204050389,0.0759245432683609,0.0430256522445827,-0.00343264235901026
0.0214375953924336,0.123055103258667,0.0175747316617389,-0.00564010102107257
0.0745903786797161,0.121370121207765,-0.0415816358517704,-0.00657793992733412
0.132962609837952,0.0730900722526583,-0.102603178954996,-0.00673051138068571
0.176028573082544,0.0457000426372508,-0.105387073475389,-0.00617129629443474
0.193654679340946,0.0715462637529746,-0.0483204541363688,-0.00425216332204613
0.122518177526884,0.0766737468869778,-0.000629161962270822,-0.00163884623762778
-0.0244920872490724,0.0167700894405578,-0.00111667510982557,-0.000153565627250355
-0.115506648249516,-0.0687600541327564,-0.0237402784141541,-0.000610993937884783
-0.119166604606072,-0.115438028097313,-0.0269710091536481,-0.00166313994431885
-0.158213958778692,-0.104694515753274,-0.0184060632566779,-0.000746366513165544
-0.19988619171197,-0.0767036554198586,-0.0274089555706472,0.00187919062555081
-0.143066488504868,-0.0578911619998158,-0.0395969620845766,0.00386388211704929
-0.0949183044604817,-0.0339873738069958,-0.019445783814206,0.00489366850570011
-0.11892172327843,0.0143206842334351,0.0344135970764157,0.00524373172386657
-0.0638145617079771,0.0595739136085306,0.0789274052462772,0.00576864230954209
0.119809626882012,0.0487438532515239,0.0851846782345436,0.00774785978509406
0.225412666292136,0.0184663906028379,0.0685271488874075,0.00976545559730828
0.118831661178507,0.0520416876888503,0.0453957959222332,0.00931609910067732
-0.0552847594219073,0.104569157640969,0.0145219422260102,0.00596960700854268
-0.150905584519347,0.0864419133835823,-0.018084579712241,0.00156165020500035
-0.193161659332203,0.0163397987987619,-0.0454751723705547,-0.00119468983074555
-0.187043984896555,-0.0433808545064732,-0.0670069038674356,-0.00075723239171347
-0.133753345201069,-0.0817212820312896,-0.0676406744912191,0.00205510224193335
-0.096634856672084,-0.116313275037903,-0.0512212402437468,0.00314796987175494
-0.0771995603689097,-0.149174264836887,-0.0262350936564251,-0.00176281553396897
-0.00464795973751911,-0.175140572869212,0.0213245213934195,-0.0104988531414519
0.11622455439774,-0.163160570731285,0.075664205507459,-0.0164288007064865
0.150615500483492,-0.108563914862927,0.114796881945164,-0.0169973644793944
0.0842310045969432,-0.0565997659230554,0.122419923093116,-0.015186840636602
0.0775277881567292,-0.00208179397566283,0.0806499471367756,-0.0128235094450611
0.14010921513657,0.0361494679768233,0.00941515931435433,-0.00776380991700758
0.087877979221667,0.0317262421364729,-0.0505956542501505,0.000778519011030827
-0.0852996159342463,0.0544858780247267,-0.0822577129641912,0.0103943229507952
-0.168324440423778,0.0912013596731935,-0.105822117671662,0.019035471352307
-0.0832250137314712,0.0647604970729376,-0.128116233313556,0.0238424644742262
0.0368371427772722,0.0140478746523845,-0.114442933262404,0.0211705167844445
0.0743212952903191,-0.010816894509866,-0.0603660635512612,0.0123935765832407
0.0433139821600288,-0.0373193206766703,-0.0121364180776676,0.00306902278396648
-0.019264848230482,-0.079267977300828,0.0175009352877724,-0.00351101772149045
-0.0750275647691619,-0.0978174614897293,0.044266308475516,-0.00735481812780521
-0.0525702893677663,-0.0738388279534774,0.0648587667752372,-0.00900958000471438
0.0325301159537295,-0.0384265287592295,0.0754845500500219,-0.00922368201639799
0.10402333046741,-0.0192830983516402,0.0703091686744678,-0.00920236264585153
0.14387742359872,-0.0152220213527378,0.0425556197697087,-0.00950102682929732
0.15612670305435,-0.00665751489313213,0.00848778793206494,-0.0099147692962779
0.0954153746465857,0.0136424749313869,-0.0125255059948276,-0.00969785844734381
-0.039373347808786,0.0191315538901053,-0.0255536116712995,-0.00810036185957296
-0.120588447086556,-0.000721829628785288,-0.026987855314967,-0.00541701385176726
-0.0867682656969108,-0.017349944095621,-0.012144354708795,-0.00306144637593815
-0.00888357782191662,-0.00795097345989104,9.19431702996226e-05,-0.00237642608046766
0.0482911027874667,0.0153523851878207,0.00318225263586659,-0.00246961002356107
0.0806516776123155,0.0135739204343833,-0.00341724080037692,-0.00116849631139399
0.089064210171652,-0.027653926914557,-0.0325621639686457,0.00127527816732574
0.0607153345567254,-0.0735422116872914,-0.0696247206606838,0.00260616937389144
0.0252791156104775,-0.0866223565803112,-0.0793053200425625,0.00212225497948883
-0.00444047019811814,-0.0652936618212722,-0.0622357570750929,0.00148025154164588
-0.0246294048664521,-0.0355351384342815,-0.0332018208364395,0.00169746945662934
0.00284535057640545,0.000723526384712833,0.00984026426216967,0.00200596037142653
0.0242033094869642,0.0551591786548008,0.0505018526161768,0.00198890678116065
-0.0415419783621082,0.101384507777195,0.0473311130955614,0.0014099246856786
-0.0982158520798416,0.112666575887967,-0.00733181221278478,-0.000952837384573368
-0.00629221620404026,0.0906426106219291,-0.064970632123887,-0.00524033550291635
0.142876718420142,0.0527795448492032,-0.0792557511486989,-0.00877966526751352
0.0906704518585132,0.0361878287224913,-0.0334573207652945,-0.00893244293967965
-0.205191939918877,0.0518303963191199,0.0402947531336591,-0.00645221817673018
-0.384067867073455,0.0533022179607314,0.0652684998855847,-0.00376923737144519
-0.209781889197024,-0.0030169646964576,0.0310236984768311,5.61265309475959e-05
0.0365490000578414,-0.0886040914644702,0.019812493769349,0.00784700334818738
0.118005727786256,-0.115588115511578,0.0641233040204304,0.0178569117701078
0.152338038027452,-0.0620671028066402,0.0989309930645061,0.0246960378066996
0.205254598564472,-0.023052666504106,0.0900064741446945,0.0243596615444064
0.211821426912661,-0.0486809276348395,0.0717680275567024,0.0165093720058219
0.202281429605811,-0.0535120016999871,0.0488081530407084,0.00505603069782362
0.141745430126594,0.0154262167530525,0.00108895437546096,-0.00447825093440909
-0.0784502506752822,0.0820496766771136,-0.0481451521832012,-0.00996383081022073
-0.300334491402153,0.0861646990168112,-0.0682579495783467,-0.0125975874323412
-0.298337521757472,0.0778728292926291,-0.0777069219757703,-0.0120890015199993
-0.155379849470852,0.0831777701417152,-0.103149954470195,-0.006726519657329
-0.018867382664409,0.0578559643688457,-0.116319143718088,0.00230922699023055
0.116562798976393,0.00775884841930309,-0.0787271960420653,0.0109198455608269
0.181619149270205,-0.0251269760707664,-0.015085982308612,0.0161593026709451
0.0886727279216791,-0.0322442595543112,0.025197094751301,0.0178600568516713
-0.0653616049385704,-0.0390305849186618,0.0367730064125815,0.0161600833777923
-0.128196376123998,-0.0488128137800487,0.0361913940280973,0.00965327138323923
-0.110050298924829,-0.0301290004943318,0.041787832210461,-0.00238459107349287
-0.160238742708622,0.0151715859570871,0.0756177981238064,-0.0171946459172717
-0.226911324572418,0.0452726684726537,0.120959526483223,-0.0279949321837481
-0.160786214760378,0.0322775972458751,0.131344097038239,-0.027212185603839
-0.0907099625795225,-0.00183167513667188,0.10534862182519,-0.0142630740577559
-0.107874752099206,-0.00148705655700352,0.0756069720639468,0.00287426760880646
-0.123281709838549,0.042024843243315,0.0476079177704913,0.0155996055424302
-0.14198770593,0.0706021074893409,0.00576610342945227,0.0202974230424602
-0.108442276176646,0.0478625059357894,-0.0466301222391715,0.0183674482211356
0.0643067662020539,-0.0112081971770215,-0.0802033769999974,0.014104364357521
0.275367242731431,-0.0733818177323063,-0.0759326474487543,0.0106009527248458
0.399688119867294,-0.116228192852604,-0.0420877063974066,0.00727753038261214
0.35653880293782,-0.121785200591411,-8.66035268913806e-05,0.00208485955436243
0.123467333601692,-0.0697096706925815,0.0333853865555654,-0.00460071703902726
-0.124017446331258,-0.00614830768089454,0.0478827042035208,-0.00942799150758484
-0.192131516027044,0.00616567139288116,0.0443488613873022,-0.0103936329210757
-0.121469604658305,0.0195283763387617,0.0446882031225086,-0.00833987092809184
-0.0445426776929966,0.0831201828469638,0.035687832516623,-0.00393175937212266
-0.0231489809715696,0.107817563501795,-0.0277396168897393,0.00139154148124224
-0.0584663073343189,0.0583150888481248,-0.116135630109514,0.00290547860771227
-0.11005965398434,0.0132235542661408,-0.146613494620708,-0.00259114591886765
-0.098621198099674,-0.00556410091605299,-0.104111664902873,-0.0112512665049392
0.0414390136967288,-0.0266691367948626,-0.0457338240434305,-0.0158181199765865
0.186451927100313,-0.0747346202834099,-0.00535366626496683,-0.0135114271276589
0.158644433232016,-0.110511905142513,0.0378543059472191,-0.00797808740658714
0.0274164376626286,-0.0731650433617665,0.0853514923368706,-0.00318387054152501
-0.0508933100293077,-0.0199146483171103,0.0964740106204494,0.000235262596332178
-0.0702254899023022,-0.0241655639705762,0.0515758275562237,0.00290933687849283
-0.0753252265563701,-0.0563718798883311,-0.0156669360297273,0.00582583630408853
-0.0602366948572705,-0.0749267215161343,-0.0581172218618097,0.00864152043607718
-0.0578179121534999,-0.0718582655867796,-0.0605014444873651,0.00838124843571895
-0.104327731310056,-0.0385591440409305,-0.0264564789271483,0.00359501596982142
-0.124394762771242,0.0118067016537623,0.0171660639915885,-0.0024434481592103
-0.0335753171592938,0.0452118666430365,0.0357534111519082,-0.00538483925659524
0.119999938945681,0.0416032787385775,0.0336128869142543,-0.00435685077982244
0.178067543771667,-0.00316591902121099,0.0356897020621356,-0.00114190886276544
0.119023481216521,-0.0523209087216656,0.0457956021680716,0.00233517724491282
0.0753668949550369,-0.0465523127640507,0.0547203635413395,0.00416406426659267
0.0654456568095528,0.0183873014394128,0.0528165489973252,0.00291725462893893
0.0869544324725855,0.11105689568366,0.0347688396036069,-0.000813955499397596
0.126350593462388,0.198666088902955,0.0285378357781864,-0.00435050935858763
0.0603752521245852,0.24348760304682,0.0507044389884003,-0.00528024517470845
-0.043474914526529,0.225910846190892,0.0583235848850428,-0.00353746442439811
0.0230401427396804,0.157589909538732,0.0226038077031239,-0.000338104520293788
0.166090146676863,0.0629840489098713,-0.0296764697968769,0.00338971548789828
0.196471242363602,-0.0598741778848647,-0.0671566265267963,0.00644087818245332
0.140135931022994,-0.176183872740485,-0.0806249848509414,0.00788963070730349
0.0193272086367744,-0.202270221655403,-0.0856480524012905,0.00885458524329211
-0.12697863372229,-0.13653813300136,-0.098217651006849,0.00969168453985345
-0.154123657120773,-0.061779055557946,-0.11484469195286,0.00693652906378339
-0.0498795267208969,-0.042896937789332,-0.110871277750249,-0.000969423500917726
0.0404048993307388,-0.0660081406416217,-0.0631947113293434,-0.0091936099582209
0.0799009400774363,-0.0677062474535444,0.0013200501707948,-0.0142806014386469
0.115720078062085,-0.00876930417714185,0.0533615174094533,-0.0175450005620368
0.164135059484728,0.0720164740168877,0.0801301422433874,-0.0163233290139593
0.213803259828334,0.0959954261196926,0.0592647744637966,-0.00482276435071645
0.19622346169564,0.0626342033815454,0.0214665231936982,0.0138449597073041
0.106590079606747,0.0446043099749953,0.0114003455722659,0.0273148055145052
0.0284685688800465,0.0621909367217333,0.0042052675336017,0.0280020093386261
-0.0364509961248844,0.0738690599951773,-0.0158236739181156,0.0196800215871953
-0.171472378183178,0.0672898672250744,-0.0159091861423623,0.00785265967868014
-0.296657119265968,0.0586543565247198,-0.00182147947795749,-0.00568940926503812
-0.269354130599838,0.0512333385382179,-0.0015893658956962,-0.017265780059077
-0.144028144001251,0.0454450253310533,-0.0124674372323345,-0.0214895913984294
-0.0259658005167486,0.0183986777691412,-0.030601874073783,-0.0172453452809341
0.0256995196198028,-0.0591875223070173,-0.0447923111585754,-0.00928300586081181
-0.000229229007817772,-0.117795463659281,-0.0363152488797616,-0.00345306077736857
-0.0245197174524227,-0.0913709354080433,-0.00399174039894595,-0.000611302437938523
0.0156676101504291,-0.035415248587558,0.0353242680924672,0.00207611893448616
0.0790467362825522,-0.0162911359837682,0.0598000174238271,0.0053222422327539
0.118530439557888,-0.0596138007612472,0.0525320767362098,0.00740996701507083
0.111109878756617,-0.107996806055684,0.0147351470488497,0.00769852241048411
0.0482501324511315,-0.0674163373353434,-0.0204540115676851,0.00671977309720772
-0.0089472783460897,0.0125259028135306,-0.0227559485317062,0.00454388591075869
-0.0185476426868327,0.0333568254916993,0.00285246990769752,0.00153979248127167
-0.0335399958861504,0.0114903175344082,0.0414211507611053,-0.0011057523143715
-0.08714329414892,-0.00381231702627131,0.0792646153465318,-0.00312193801233433
-0.113219025141848,0.000712204397603346,0.0954959577585613,-0.00485604736036327
-0.0151722976310322,0.0232831058147256,0.0913666550761008,-0.00501079040157726
0.207161996915544,0.0543002817188946,0.0887189458211134,-0.00233393627093547
0.372159217234488,0.0785578531646579,0.087567657519665,0.000661366062039068
0.312687392835954,0.082372510092454,0.0741401338815072,-0.000608831131464201
0.153304352019603,0.0659636154113861,0.0390972838004188,-0.00672847186919238
0.0380601048382238,0.0389677904162901,-0.0147275840198333,-0.0133299216348339
-0.106361596277352,-0.0102605317542481,-0.0566456281314072,-0.0171740700243284
-0.255028865400465,-0.0708200255833989,-0.0825352357481884,-0.0187914489408122
-0.281701679222588,-0.0927468256080087,-0.133330788609545,-0.0176743867676013
-0.221025954646146,-0.0899833842919563,-0.192812089473933,-0.0104795859563842
-0.177007586956528,-0.104614351864098,-0.1927339029693,0.00295956312035053
-0.171578998124865,-0.105618671854709,-0.116084796322269,0.0160692345916281
-0.193639532126825,-0.0479699363326568,-0.00504863193118335,0.0217249324684194
-0.176474160080838,0.0356329331476691,0.0757000395887057,0.0194508923402807
-0.0695614164625024,0.0821579833168465,0.0843844507953981,0.0136012790406621
0.0306291301177897,0.0676963700155365,0.0505899856613264,0.00729692039946968
0.0574373643569867,0.0267955717783094,0.0395176116615292,0.00149808323626519
0.029754708424704,0.0166648283713355,0.0652774555961426,-0.00202734253628215
-0.0501198664025168,0.0299803082285562,0.0878113628237125,-0.00220600949546189
-0.137613928682799,0.0452013848735651,0.0886620847758608,-0.00144830531882877
-0.119812805582042,0.065441630164753,0.0825348773659702,-0.00195812596892293
0.0176177883026738,0.0823896429431633,0.0718659393819501,-0.00230967676586632
0.074489644028511,0.0690172554587482,0.0571068933258981,-0.000958639262636849
-0.0192452397935786,0.0226877646549894,0.0481230037671626,-0.000789985596418756
-0.0145559806498532,0.00730947812519159,0.0284708367209415,-0.00484875775461138
0.137127761861254,0.0404138237709915,-0.0246164313218802,-0.00881397617056038
0.192057544427031,0.0636363892903723,-0.090721508107672,-0.00685001736695817
0.0568369604479345,0.0475635913645757,-0.133051207853635,-0.00101929459920738
-0.129578798912548,0.00699068073127304,-0.132583595703022,0.00345363338026444
-0.143020109838317,-0.0475395761116816,-0.0975690500624402,0.00627844055246376
0.0264353719644539,-0.0819962440870594,-0.0543345556862744,0.00922552504050199
0.124913396523412,-0.0383975790280134,-0.0226643453591922,0.0100575108535298
0.0363830167537281,0.0211584595728437,0.00135054338107499,0.00534727371381558
-0.121186653255123,-0.00102727692535798,0.0334369804079821,-0.00318306733098157
-0.220199969558828,-0.0572507165223788,0.0648017927547079,-0.00883297060437725
-0.218079776102383,-0.0713788384324641,0.071733807237914,-0.00698270840714786
-0.128577538937955,-0.0454078910440894,0.0500395686207132,-0.000279323927989515
-0.0271738033831444,-0.00870626391311811,0.0148241251449154,0.00521011714609793
-0.00096180270103878,0.0281181375589208,-0.0293555406563136,0.00579840772383884
-0.00968348477675664,0.0557665894814849,-0.081283468397876,0.00237371626422977
0.0256335793262957,0.0531196487317641,-0.114984849681226,-0.000279009254588771
0.0633344412296548,0.0276353666670476,-0.117593804080695,0.00140099355604318
0.036073136782961,0.0063612307595546,-0.103200041108635,0.00575113444438928
-0.0306902333575062,-0.0054877383438348,-0.0772514551662262,0.00858997804360477
-0.0700513531266479,-0.0199096549905477,-0.0532540342391696,0.00813686005745418
-0.0739739205975121,-0.0392573389431672,-0.0410406036801449,0.00577722243633104
-0.0726385496483154,-0.0403831589042494,-0.0220915598558971,0.00344719851475045
-0.0208318819169831,-0.00561792063868245,0.00963336734638069,0.00218555674677205
0.128190597189386,0.0281942996419172,0.0346065640447057,0.00181555998158902
0.243680127049992,0.0220139317357837,0.0470550352504683,0.000886730463792348
0.173676567246703,-0.00836685915884072,0.0517667555397202,-0.00213018886640306
0.0270381815995881,-0.0431569229699633,0.0467028535124546,-0.00747371199967703
-0.0252388813586175,-0.0843007224765833,0.0465449489898357,-0.0130029747585014
-0.0335474674874012,-0.120190141035293,0.0537919888716284,-0.0145860505202578
-0.0617667583592989,-0.125776903155377,0.0420741499096121,-0.00993658444607882
-0.0840631299464944,-0.0914681854980727,0.0129704484895073,-0.00158163555621755
-0.11931903700281,-0.0550467661780144,-0.00650818412041244,0.00545714331393681
-0.173060013167804,-0.0435378207282791,0.00361414293712318,0.00826455538630055
-0.183496485288894,0.00446906198027644,0.0273026195269354,0.00764298947231128
-0.0450942826065657,0.0981503509375071,0.0132923776222554,0.00570582527501707
0.171716244678746,0.155328046615762,-0.0312065933824519,0.00326142305599773
0.219607483296043,0.149771465694589,-0.0472899646139563,0.000161657736181815
0.119303048820148,0.109643179908822,-0.0337631194372088,-0.00282290694057151
0.0611984792263341,0.0718072130151862,-0.0292371817348265,-0.00459178024848919
0.0715062313624786,0.0487166871205647,-0.0499577031604393,-0.00496708321995657
0.122578316674495,-0.00783220238098895,-0.0794905582286366,-0.00405392419530607
0.152038985504178,-0.0958124039577392,-0.0802610677530917,-0.00321304604558934
0.0990088597075472,-0.126714529670991,-0.0581191618645609,-0.00476697807569257
0.0547041243367935,-0.0822017280595517,-0.0548837697000212,-0.00813770838657229
0.0789604538431808,-0.0292642125437238,-0.0494385704400137,-0.00919728038298238
0.0864548244017919,-0.00988714931584606,0.0073920764713928,-0.0046122698753606
0.0356159639236843,-0.000675186570686,0.101013362832289,0.00481604779671767
0.0115963317800899,0.0382674409206638,0.186279340079435,0.0143466119310515
0.154349980738536,0.0971011769990776,0.237738758707735,0.0180408935873308
0.416644240709255,0.140309990442297,0.247708615486056,0.0139742639936319
0.514511245190046,0.161431802703789,0.223304841476288,0.0062376226752363
0.274444066074479,0.155047552403657,0.186238859196799,2.4171262408567e-05
-0.222108522989056,0.0764106198434139,0.129982928817929,-0.00387034396697614
-0.566151769239028,-0.0648736164262622,0.0190940312459914,-0.00798443825928518
-0.415218426159796,-0.156902932696746,-0.129815049160449,-0.0116414944033123
-0.0921538997337279,-0.156738451275224,-0.252985925146413,-0.0116185272888008
0.0111366541941558,-0.134210750580871,-0.318517909125204,-0.00892258735251135
-0.0421703774234697,-0.109740023705298,-0.321674604740036,-0.00658222955565931
-0.0906898453947343,-0.0474227990719518,-0.241466187197225,-0.00386568295719541
-0.0774798211027932,0.0348135153216133,-0.0981641742591388,0.00145072115749461
-0.0197094250677887,0.0859210460141447,0.0266049165531501,0.00788753281065179
0.0566902778514154,0.0876628992996637,0.086727618503181,0.0117381904508521
0.122974052297137,0.0575597182821496,0.107129172872013,0.0109982632687353
0.140249303849435,0.0421456948404586,0.121143130987362,0.00632694551364559
0.144964896392906,0.0611416508565769,0.111352964539911,0.00121254963024572
0.148992511567241,0.058115645517654,0.0613669583626579,-0.00167676520081231
0.100277073923063,-0.0046527477848758,0.0170234989718604,-0.00366879924413615
0.0580576182004421,-0.062903510248536,0.0102241812751295,-0.00601065284399554
0.0723986838506313,-0.0606366382198565,0.0139114557201121,-0.00693270164879668
0.0734313424022102,-0.0315294541118558,0.00563961565290851,-0.00527328863141628
0.0356915266598617,-0.0109307671754203,-0.00549672977674508,-0.00284783821559704
-0.000346674329231592,-0.00567527035421469,-0.0088878542714276,-0.00152652142555644
-0.0255452831760879,-0.0184336702550589,-0.00718404724940658,-0.000827400998123499
-0.0538243112151367,-0.0287105961721308,0.00335231197276952,0.000212773870514665
-0.0896118146056796,-0.0206685650475379,0.0299453373838816,0.00123430701382824
-0.130536319119217,-0.0126580145168717,0.0520450168066017,0.00168304886917686
-0.174085900412357,-0.0143800098062799,0.0434959831296491,0.00179418057686711
-0.198125901903185,-0.00227406265283612,0.0211224377928782,0.0015664341057726
-0.146008943627949,0.0257122675536569,0.0297763899395008,0.000144387226073965
-0.028327337332988,0.0428363996203846,0.069021644268071,-0.00200287313553536
0.0391232957034799,0.0574864126653117,0.0657541492143769,-0.00261794737766857
0.00253140573179319,0.0529113976439347,-0.0164828818473963,-0.00100967713271734
-0.0668095052710868,-0.023208425878527,-0.120640897894559,0.000696356719107524
-0.0918622693847554,-0.122333921396308,-0.176739594266619,0.000604148224396932
-0.0897072565589029,-0.142308094951653,-0.16137757116078,-0.000350393087872728
-0.11226843300669,-0.0765907369705393,-0.0990007072031428,-5.07755500269919e-05
-0.133738654796742,-0.0114658194866347,-0.0346787383340751,0.00234409937101304
-0.110944698334558,0.00294718051804428,-0.00899470292434826,0.00550233140294537
-0.033084125679324,-0.025554019635328,-0.0190046537540557,0.00683533588668069
0.0753910125081189,-0.0720070129020049,-0.0258223499259677,0.00486819733862949
0.0931567628541512,-0.0784911303652748,0.000284018627809982,0.000679724208524465
-0.076829110790115,-0.0319065394409316,0.0620688566382584,-0.00322809298042737
-0.258443736105369,0.0270742170415599,0.116372882627635,-0.00550432420172551
-0.210407757969372,0.0663735948250185,0.124671525657628,-0.0049043836517841
-0.062239105166355,0.0715604258814939,0.102040911482706,0.000130688225378061
-0.0580330355359543,0.0739415239604429,0.0563230350771599,0.00743079782881615
-0.127604860380945,0.0934828471859873,-0.0153237829609885,0.0115773194496394
-0.0871212461811492,0.0902074400274325,-0.0647103176140739,0.00981157290244154
0.0489563220703423,0.0327803520230644,-0.0640795466715586,0.00465124425599596
0.0976538644980069,-0.0310955313323518,-0.0466344754883371,0.00126134247853263
0.0159119315893332,-0.0271535716711956,-0.0171497318349117,0.00147400306827756
-0.0275156785875391,0.0298247700010581,0.019576782267668,0.000946880826017797
0.0308810016553189,0.0771879311633913,0.0384854164795756,-0.00336474010059978
0.0882007774130464,0.0727586514120612,0.0386287311953674,-0.00816346281320507
0.0618171801963222,0.0152812088276412,0.0188657507797257,-0.0123662150107464
0.0137555140731739,-0.035086125029356,-0.0120691084512532,-0.0183830552418883
0.00973349557274982,-0.0477720730812272,-0.0238738250730362,-0.0213977525063471
-0.0367290842978562,-0.0547052448839697,-0.0108646024494057,-0.014218662808926
-0.128845278217974,-0.0480910627927369,-0.00649699858781663,-0.000309407217975413
-0.123748154739772,-0.0260162568489989,-0.0250784754930976,0.0107592432997709
-0.0013527251588423,-0.0238166820541472,-0.0490154045791689,0.0149634147863073
0.0875247213281388,-0.0117884584124495,-0.0639289702022947,0.0143268674806056
0.0513916686359569,0.0328647573893463,-0.0607346883702261,0.0114584688835077
-0.0279510542685259,0.0745393164889991,-0.036536812921709,0.00845341124801113
-0.0362638107115814,0.0991530015593614,-0.0068858280287122,0.00756238634989085
0.00672951734039716,0.107689802060626,0.00502965525411085,0.0086230186751586
0.0217135763041858,0.0943365911840021,0.0035409934041828,0.00821126443290228
-0.00822151209602336,0.0510008890915002,0.0121408574280249,0.00373737177928097
-0.0388708891924036,-0.005296897239069,0.0228030308251071,-0.00369149548691669
0.00916267118368083,-0.0436656206853807,0.00233145616494304,-0.0105035347812797
0.129805290230034,-0.0568579038895884,-0.0404766422677221,-0.0133199470420442
0.199468046234537,-0.0521272807033549,-0.0591685558349461,-0.0111181384552074
0.122194636264834,-0.0645247323766313,-0.0455469086545422,-0.0064168819101435
-0.0187353491704855,-0.0882637641993926,-0.0315769923174791,-0.0031499305556045
-0.0740116450294184,-0.0760955460575357,-0.0289769426140517,-0.00253933466155026
-0.0594414010217055,-0.0419466641152867,-0.0297875051593885,-0.00290184618934358
-0.0793810058762529,-0.00961766348113674,-0.0330340710875815,-0.00268764070240386
-0.134078134073371,0.0209547676228801,-0.0378323890284657,-0.00188581709563719
-0.171595125275583,0.0392066364426904,-0.0328142988062155,-0.00116862760192953
-0.174175347678096,0.0437417661612193,-0.0121376737289752,-0.00120444854007571
-0.123927374391038,0.040619656848016,0.00502421581634353,-0.00251464581271589
-0.0516438883279862,0.0155298803311919,0.0105482025321234,-0.00551540602785924
-0.0047070343246543,-0.0203871692113815,0.0178261580577927,-0.00957940783268794
0.00469009275395235,-0.0282138921236921,0.0276229027191853,-0.0119811788071836
0.0176647541479363,-0.0169020375628117,0.0318968517628553,-0.0103807415953429
0.12174174986591,-0.011119877906316,0.0216508032041425,-0.00501851181917708
0.295878306643749,-0.00991897975471658,-0.000675636559607146,0.00249861003705114
0.420476265177891,-0.0227342046635075,-0.0227580678086941,0.00925192921184039
0.419481786970031,-0.0418530687727913,-0.0350254405561882,0.0115157767730779
0.252114982399314,-0.0265626731683758,-0.0337321153696978,0.00836810102606803
0.00402292534120041,0.00026671669395481,-0.0205533260574623,0.00288996066516159
-0.0957383378099558,-0.0284856388031271,0.0104365435001023,-0.000587451649677109
-0.0734266050389701,-0.0774642459252075,0.0527178005747126,0.000221436205462807
-0.142348858715127,-0.0691177443398536,0.0849936902927658,0.00403619354602625
-0.238528271345242,-0.0298082545342235,0.102660828231347,0.0079586807728306
-0.171418434829365,-0.0104423130248019,0.121054198774883,0.0101214204614524
0.0350312930542529,0.00446226664917618,0.146471223916856,0.010110479908546
0.183033650624654,0.0269497865356917,0.16660654672141,0.00823289026934932
0.162317803580944,0.0320169704440602,0.167542519498031,0.00487852680711357
0.0648767890557789,0.0373767543178192,0.131965526793976,0.000746055715906017
0.0121672894101265,0.078363115946018,0.0647510232468647,-0.00255327218416112
0.0164166950134583,0.0971784702211002,-0.00415707598526907,-0.00302129380934674
0.0424013463334984,0.00613848403192244,-0.0424238610819715,-0.0011552910794802
0.0973039216046003,-0.151074639627562,-0.0307725528150752,-0.00134964880667096
0.173047883202299,-0.227876091107292,-0.00302226470186923,-0.00674054451515592
0.141429316251088,-0.166156017699237,-0.00382913948119891,-0.0126246022583198
-0.0341453054238451,-0.0262161203834538,-0.0482849170730304,-0.0109179891358928
-0.133737333213145,0.075060851590621,-0.107125257894527,-0.00172593214678591
-0.0739390433778841,0.0602452316438719,-0.101031685708482,0.00733836100514884
-0.0325275679149415,0.00676045601844533,-0.0200998800950686,0.0104600505340036
-0.0451131568288323,-0.00474278763179503,0.0488658485347909,0.00681771033616177
-0.011799329575628,-0.00332930642782633,0.0690075018149624,0.000663128203899285
0.0557691777973543,-0.0102463721006011,0.0806248188291232,-0.00185944477044177
0.0971581597381969,-0.0222014738224815,0.085762806285744,0.000651610399044572
0.0948707149272377,-0.0468027079156465,0.0550229744767258,0.00489297040962847
0.041861054444499,-0.0778622522594018,-0.00163668238882932,0.00751966166967878
-0.0319389475336861,-0.0622412111243004,-0.0516811725507878,0.00742381195332781
-0.0422992428608503,0.02644340680728,-0.0628089320269034,0.00617610867419852
-0.00633745550684803,0.111727716570776,-0.028088640190408,0.00521897430670013
-0.0184807021292861,0.154992344969197,0.0206721912388316,0.00344569370462001
-0.0540471788176371,0.184038016395539,0.0521680238530495,0.000483490574044047
-0.0548078827418099,0.169746512739272,0.0588891898995138,-0.00153656706690083
-0.0425280411864883,0.107067453414071,0.0410051277955969,-0.00184049163019061
-0.0350580414956898,0.0291769208911608,0.00257299116772974,-0.00307952948453223
-0.0231545631883154,-0.0734646426125403,-0.03605344339218,-0.00705311904208706
-0.00510414931341314,-0.165188375508473,-0.0510895526906727,-0.0105208716003691
0.0273368315726722,-0.187131106062367,-0.0414706503735691,-0.00913837037949649
0.0807509908606635,-0.143924752379281,-0.028163748872212,-0.0031402928590842
0.131608429716754,-0.0745616938278264,-0.0331087140265376,0.00354887637495024
0.122199809902254,-0.0191310707381546,-0.0526584189230401,0.00685303949884365
0.0360078145768263,0.0110777991039255,-0.0707229633637511,0.00501727337902598
-0.0543956652534588,0.0235763660454876,-0.0943508634761834,-0.000395634191484914
-0.0843994636987954,0.00708475215553721,-0.119955409675262,-0.00614450091261981
-0.0653483209996849,-0.027228974374255,-0.113360247889333,-0.00964493688344424
-0.0400043031256655,-0.032825187972215,-0.0619866805325422,-0.00974918499675351
-0.0441360980830161,-0.0199638765981754,0.00546438501642622,-0.00664641665527354
-0.0559837004173871,-0.0199601405885161,0.0658755320723171,-0.00164367992992717
-0.00270954186047538,-0.0066522529457653,0.110551534537103,0.00346556622721222
0.0823046023867312,0.0306374389666094,0.117229870820893,0.00690334734598936
0.0588340127668251,0.0603371984292122,0.090218140794366,0.00683353888500704
-0.0466183599935476,0.0700178223721481,0.0558540579787739,0.00318297514351386
-0.0858407133040793,0.0767214014026773,0.0170459095097731,-0.00141799501877353
-0.0797536042015856,0.0815575729935758,-0.0312811297374342,-0.00511287904741742
-0.0318623693983859,0.0722790527523379,-0.0868556040993156,-0.00797802894816771
0.0776413672467843,0.0632402953531247,-0.118049210954194,-0.0096278029082831
0.0762144400996139,0.0524287591134895,-0.106171725548067,-0.00947829835137658
-0.0227221697257997,0.0338983766862977,-0.0812932060922846,-0.00655791552970883
-0.044484495984805,0.0242015174986353,-0.0457260251246018,0.00104122243674604
-0.0333856889886291,0.0191773858914341,0.00481178401324625,0.0113072029700041
-0.0426189250024415,0.00140227744965818,0.0335242152870331,0.0177195132617991
-0.0657883828914968,-0.0323791273433596,0.0375930998525557,0.0172923547767511
-0.134940356863594,-0.0405288093074458,0.0475935121941986,0.0120862800007902
-0.167657022290075,-0.0157870949719899,0.0587104427225188,0.00406994157054867
-0.0597649295597479,-0.035399671193091,0.0537397340178062,-0.00434487203651655
0.0697463542475356,-0.0947678480505321,0.0309072648247434,-0.0100663501553583
0.075618658526935,-0.0874197958359402,0.00203066220028203,-0.0130590155947433
0.0374478409765995,0.00685662535817742,-0.0137168993120288,-0.0140851866113756
0.051506400369863,0.104942565284769,-0.0122618139444871,-0.0117283945328599
0.0847392764954173,0.145663202392911,-0.0078362624917425,-0.00648721098978633
0.127285230198512,0.115968198670652,-0.0187150881791786,-0.00158884907045335
0.148334577327421,0.0377234131873461,-0.0242946551384613,0.000822235458823296
0.0170552757660832,-0.0118270111298522,0.0107917503603549,0.000607968838239234
-0.205813230097796,-0.00742704493730462,0.0500789603801059,3.75586992533844e-05
-0.265520828327031,-0.0109592238739908,0.0478203486427837,0.00270013101510199
-0.0999625115110774,-0.0139010467803133,0.0267555109722194,0.00921985268772533
0.0780757579164063,0.0164607896453901,0.0174431043246298,0.0160653037281118
0.0717313169380593,0.0455383593954392,0.0163298894196637,0.0188317314124795
0.0326413308557487,0.0482694377903498,0.00466373032301688,0.0153044389482883
0.152750686499359,0.0192353929159943,-0.0188950070344706,0.00776009572270555
0.254221771204563,-0.00517186326205279,-0.0329534513437118,0.00153944405641891
0.19694082738201,0.0222556391178848,-0.0329292643817585,-0.00118449396615523
0.114667881703822,0.0675868523573773,-0.0385364784791358,-0.00200330164141797
0.0243923826575835,0.0778288359053212,-0.0444095979191614,-0.00228602862893915
-0.145290868224066,0.0408896802892209,-0.026992150874379,-0.00276944058134858
-0.212303186534124,-0.0257054662609953,-0.00369673245544051,-0.00406993498162789
-0.0823911986665383,-0.0807395572374728,0.00308401919456453,-0.00685966105479557
-0.0342052572516581,-0.0833382307969229,0.00435188806218598,-0.0114602762944187
-0.217611703215957,-0.0409955114240025,0.00247158579375588,-0.0168939025465981
-0.348952856975208,0.00739058068936435,-0.0133786230450471,-0.0201059166630219
-0.172363691243882,0.0275153284244468,-0.0422247974780267,-0.0165673830785255
0.0613310946050433,-0.0038285766270969,-0.0555400677567264,-0.00519452455912547
0.0945592425387089,-0.0533338986793957,-0.0382288383434858,0.00810271108259554
0.112857038466041,-0.0724874477737638,-0.0261620710160926,0.0156876595378259
0.214638548252377,-0.0622608346978729,-0.040423569416291,0.0153581373552252
0.230444230760883,-0.0268896998956075,-0.0473946638639447,0.0102966209140113
0.129610804740369,0.018891596134413,-0.0280123690727617,0.00517370563483491
0.056004295856657,0.0426296942193291,-0.0096955548962151,0.00327175963259581
0.0469370832773249,0.0500651162864923,-0.00268836885419121,0.00467502582613856
0.0449201810959423,0.0527108726502213,0.00810990714992645,0.00651310879526535
0.0439249178057539,0.0384027097078818,0.025323598965708,0.00561253198051574
0.033758115950434,0.0180953643287287,0.0433737967906,0.00147154074540858
0.0117584739112424,0.00964804266973825,0.07201393854772,-0.00340875052823695
0.00290647088538315,-0.00359794276340648,0.109484684314304,-0.00641898023480571
0.0216748393730343,-0.0357967545694055,0.125389363977827,-0.00754158425207171
0.0738721859395097,-0.0671012349402148,0.117672675488994,-0.0081004129804154
0.127662200276558,-0.0581469336449261,0.104603513219115,-0.00761357905961718
0.141850290137403,-0.00993702412882283,0.0880186634480007,-0.00480187597703757
0.0745136502175456,0.000245668438799161,0.0634340263356079,-0.00116878718559527
-0.0535053648241346,-0.0347267389740351,0.00792277750624221,0.000327305477781866
-0.0973026394258346,-0.0511238362293307,-0.0959210296780448,0.000128876142481792
-0.0211749623588216,-0.0522027440118095,-0.200840281761726,0.00087462312904992
0.00724672695400209,-0.0173735059631908,-0.224925463723749,0.00287784159165308
-0.104720706967414,0.0566608701343786,-0.147909912776843,0.00576778169624106
-0.220534956599784,0.0847634022449781,-0.0326783880800483,0.00907291936437388
-0.162237323748322,0.0443805124459435,0.0565015950171808,0.00932037026848576
0.0197642865020538,-0.00614677186977458,0.11896093300274,0.0043076815101501
0.126136945266765,-0.0487415189176148,0.160683817171692,-0.00177542084688519
0.0751221934764351,-0.0806208479238327,0.158199114454575,-0.00318296768395734
-0.026301867909601,-0.0818443092803062,0.123880822915312,-0.000847002013457423
-0.0507290975818273,-0.0711236602945787,0.0780841849941836,-0.000701821413647979
-0.0657713478171616,-0.0430734335271681,0.0237745406704658,-0.0044245465822007
-0.134655048235858,0.0291832481027108,-0.0157066282020121,-0.00761060542552243
-0.133993592735865,0.114299122788242,-0.0367009255619043,-0.00584138574612272
-0.0169584875686906,0.157072108680144,-0.0537815047358818,-0.000125425749060595
0.0876733422308051,0.12326957837325,-0.0575175405629144,0.00405728195619522
0.0920698288964575,0.0427773819419078,-0.0468691137332141,0.00418225225796226
0.0451166062378607,-0.00257832397786609,-0.0366087918963484,0.0028106978815176
0.00320506296710488,0.00371322651382555,-0.0264042818572863,0.00182251033270747
-0.024419626336604,-0.0122836165569046,-0.0130863822140186,0.00116895367098281
-0.024448536193083,-0.106794870417379,-0.0108797116234651,0.00167238935944471
-0.00137229159260298,-0.19299829242719,-0.0215860760510548,0.0038850587419245
0.0229144297344201,-0.145766370709549,-0.0212971551421484,0.00574312875576415
0.0390000611963459,-0.00275115179938862,-0.00956279567409756,0.00456944467425105
0.0698533713650568,0.115814465832496,0.00251422377227668,0.000620488596464795
0.0984404638577534,0.155825732857876,0.028240049683385,-0.0034284661822529
0.0767391448352791,0.137840218483006,0.0551712195823443,-0.00520662630303019
0.027708131085178,0.09094231023717,0.0413537490573745,-0.00382817182212311
0.00178369116105148,0.0202981544309734,-0.00430994677690529,0.00067227097280693
-0.00344566275416533,-0.0431315026156393,-0.0295912761933716,0.00697440929489395
-0.02587671159248,-0.0450437966132287,-0.0196020891837904,0.0124785793158738
-0.0157782734334736,0.0046912076138431,0.00174036154527285,0.0149282112407049
0.0656744582062458,0.0294197968265901,0.0111465557455422,0.0124733931682576
0.155759401835004,0.00295669409094844,0.00412459989293011,0.00310912884441152
0.206630829717379,-0.0321691624237726,0.00408968210456511,-0.013121556528261
0.157534594543864,-0.0671997747180621,0.010056118791725,-0.0296506551834684
-0.0426255732859306,-0.109160384242433,-0.0120126383643608,-0.0353579322847761
-0.258661136175495,-0.120763261436054,-0.0555347912851888,-0.0255107800557342
-0.28014447941231,-0.0950638649841141,-0.0756912012887279,-0.00643832668470365
-0.137242758837512,-0.0672920010991745,-0.0383575254077213,0.0121938504277971
-0.0202071999534873,-0.0470063598709831,0.0382150374032498,0.0238872922756323
0.0358715120411073,-0.0360908878135163,0.0858234875807674,0.026587225876906
0.0901888901306456,-0.0366727370455645,0.0716452950253716,0.0224776520492447
0.0909730627348693,-0.0570167903747791,0.0325122969967721,0.0146480207326184
0.0246079333476538,-0.0789094754398148,0.0142019417317043,0.00542617935559464
-0.00335637358092976,-0.0470657371227081,0.0205395742484284,-0.00225022784562498
0.0179995211578793,0.0441813391918214,0.0205461270312751,-0.00673969282399961
0.00674563919204881,0.150384033811241,-0.00718456568504414,-0.00966728758038545
-0.0205605504827861,0.207234206571672,-0.0619751620911684,-0.0134283056931723
-0.0122114341002884,0.202290796488254,-0.110403013195424,-0.0177262926018706
-0.0152834835526987,0.167166450246023,-0.10176720932044,-0.0188751353878937
-0.0625549121016477,0.100171580443507,-0.0519746045482071,-0.0143748430366514
-0.124840380641146,0.0199421519572451,-0.00403440272308572,-0.00642950888920161
-0.16670747005288,-0.0436252991212266,0.0444464096387998,0.00134072438874167
-0.120197650062677,-0.115691223126045,0.0859214651270853,0.00700289809277372
-0.00710440481448482,-0.190412387471986,0.1032488619213,0.0103486213020513
0.0444973523773672,-0.177971591880144,0.103501585814011,0.0118694386751816
0.0124534079821125,-0.0829377338281038,0.0817394880771702,0.0115135540873785
-0.0365155999880985,-0.000727585696214492,0.0316536245740923,0.00889347410444639
-0.0698920199880359,0.0508862792358396,-0.0189308140130284,0.00426339620888873
-0.101597266705092,0.0884419874891334,-0.0503056860607657,-0.000961558730493148
-0.138070906569248,0.0830624285983071,-0.0745078331782674,-0.00497561422807571
-0.153253827438703,0.0305314985614847,-0.0965530631400933,-0.0070727474694468
-0.129130367267272,-0.00675908985170715,-0.0870114199386583,-0.00712017967112741
-0.0631329127236173,-0.0227352956483663,-0.0298278181292413,-0.0050502689710525
0.0266941660707036,-0.0724263101126081,0.0178458049027886,-0.00254083681996635
0.0595286928661802,-0.120467379724938,0.00301988297864153,-0.00246037763318344
-0.0148217577918469,-0.0895761637700816,-0.0425219998770897,-0.00575161977628869
-0.0673100534725184,-0.00965083877637571,-0.0723980834040631,-0.00958469056423306
-0.019778652394681,0.0421177258854721,-0.0862458059124346,-0.00906541272471552
-0.00053518293710484,0.050582377878385,-0.0772708899178988,-0.00328379841144449
-0.065607443393752,0.0443892825912899,-0.0270720873455716,0.00307821259415932
-0.125281308272205,0.046643908639773,0.0413684547381255,0.00568483365444676
-0.121096640075868,0.0471826810888525,0.0842665748329705,0.00384079637747153
-0.105529773896829,0.0376472346548208,0.0964889580004136,0.000255655964686685
-0.12115783184594,0.0451927489663908,0.115174723362659,-0.00125559780275403
-0.115490118984503,0.0802772920047408,0.142456242335118,3.43971214514067e-05
-0.0756105916274434,0.119260520363728,0.141936416648827,0.00224439662509687
-0.0206691439878523,0.129131832108893,0.0938383691253631,0.00397825495677765
0.0490936954980063,0.101751145634226,0.00772489142479327,0.00433849276623561
0.0719255659615934,0.0633819311971767,-0.0743944437214169,0.0032088697479935
0.0374176635020177,-0.009366940182973,-0.13151110789506,0.00168011581432294
0.0298299770513873,-0.14941943984915,-0.171102423373067,-0.000103455318557827
0.0423223184962461,-0.242343112861469,-0.173265970383847,-0.00296872137636184
0.0349036140273146,-0.168561158916295,-0.13994123745213,-0.00592488599591219
0.0409585399779963,-0.0234391033146177,-0.132321050301725,-0.00619041594643369
0.0573196199712614,0.0411843609189704,-0.1477914075305,-0.00322129481405751
0.0499697026015375,0.0133212445395713,-0.104716135856074,-0.000104212636580096
0.0348238350732895,-0.0408916618119412,-0.00836126896129474,0.00122035186852663
0.0250660502108882,-0.0647286666416078,0.0544086600241918,0.00179945771239363
0.0154643385716753,-0.0445580107227373,0.0631799417752923,0.00257054593472949
0.017049328108451,-0.0152861935647654,0.0645970508628899,0.00329020280303958
0.0363719817220363,-0.0062573049796668,0.077813711461394,0.00383041259507836
0.0595335582075312,-0.0102473994054672,0.0884251825579373,0.00483754850704523
0.0710215600113198,-0.0129130203882638,0.0858548894421799,0.00634895046501084
0.0639368570652189,-0.0145745396640148,0.0690388217402268,0.00720397886755095
0.0353386981741792,0.00120017817266915,0.0464857038125314,0.00709848781354524
0.00629446237373867,0.034981510363023,0.0312554013223935,0.00672458063896357
-0.000143472652839819,0.0446475557980545,0.0200352563154824,0.00515282282599718
0.0291020634976759,0.0315717903477663,0.00462295056183332,0.000705506386337901
0.114616593475019,0.0230467325092632,-0.000517984017950404,-0.00555125726082119
0.183282436375379,0.0129451015452748,-0.000494412367883196,-0.010373493865268
0.123710097654285,-0.0226466707409529,-0.0164020471282693,-0.0119913618946721
0.0307232338651257,-0.0806783913190918,-0.027934755771654,-0.0108306668942278
0.0712438173476771,-0.0981243308772645,-0.0117980672866829,-0.00792093881914176
0.172349781383793,-0.0481106567824177,0.0163392934378515,-0.00347022050603442
0.195656970499876,0.0239333687938921,0.0216334862500287,0.00247126236740729
0.20237418993282,0.068449028028393,-0.00736698476323171,0.00779917780142612
0.199821724724835,0.0517114864535713,-0.0376770776566869,0.0105967704825332
0.0688430444604313,-0.0028776616141917,-0.0304253281347655,0.0116947441497642
-0.118142941375312,-0.0417891218031729,0.0190776768055652,0.0123275941566385
-0.178952177500694,-0.0636614792889445,0.0642012910328003,0.0117289302060901
-0.0948079493416035,-0.0930437162749128,0.0579913058832729,0.00917440745619237
-0.00262738937340493,-0.112972017428349,0.0201690739929258,0.00625550220535878
0.00912987733161816,-0.0960792224457454,-0.0102120899223112,0.00389947580644389
-0.0276185351434354,-0.0645012445082441,-0.0320480971744172,0.000934763953567178
-0.0577782350821627,-0.0375836643252452,-0.0494009762485842,-0.00274041557960633
-0.0719447606253392,0.0113492616252813,-0.0625915905388395,-0.00549795814211714
-0.08271388598568,0.0879626796514878,-0.0815396277315353,-0.00672011180875666
-0.0536313401357089,0.134831899239585,-0.0987201460286053,-0.00800488467832715
0.021590931228218,0.102830916834928,-0.0974014562618151,-0.0102425116532828
0.0730987922328894,0.028555849037275,-0.0712989071117028,-0.0115264316067389
0.0790595300297562,-0.0233015246006279,-0.0297482458957835,-0.0109241188643256
0.0862647528651717,-0.0297432272606501,0.0125046856459761,-0.00926623712915314
0.096332402989781,-0.00215366253113205,0.0454217862174591,-0.00549406250709135
0.0798560771959874,0.019987227382245,0.0516301829061811,0.000983846206008668
0.0477812737550242,0.0071816026849618,0.034087179229732,0.0070951379399958
0.00711412063960599,-0.0175896767937071,0.0177778638228299,0.00953030153002873
-0.0403621534674837,-0.020722002922238,0.0116742848083953,0.00854554676947527
-0.043204404484485,-0.009038719424574,0.00759057775139213,0.00663648102884181
0.0018226776162945,0.00325299819634335,0.00187070485267134,0.00545966063120872
0.00777759710356885,0.022321714742929,0.00660756774142837,0.00477616932094506
-0.0235395606978431,0.048894111049458,0.0194508088085146,0.00314426907123935
-0.0300787469979466,0.0716760112694579,0.0159223781135926,-0.000119163542906696
-0.0454738626345383,0.0860885833943547,0.00283970742613475,-0.00398349967739811
-0.0740414737791088,0.0976394117193664,0.0112321743519907,-0.00678726392204234
-0.0716724959645144,0.100223027658913,0.0291527212405036,-0.00710630739773259
-0.114029637037794,0.0806912445301418,0.0208539455330572,-0.00546293817221786
-0.177732855326795,0.0556378002108501,-0.00248959752621131,-0.00427668647100413
-0.0968593001793215,0.0407040634110489,-0.00691816636570189,-0.00347102091046344
0.033198380012019,0.0216993916355215,0.0106533210288082,-0.000753789831909206
0.016756336105588,0.00469974216110686,0.0304360269417845,0.00321776960062656
-0.0590024133326495,0.0039022934433892,0.0271684419990088,0.00571603622282151
-0.0760650414545342,0.00425636532319848,0.000162358392733319,0.00647512072930372
-0.0929775859967413,-0.0116504917744319,-0.0314059584251435,0.00623226820093366
-0.120182354433769,-0.0667409950747007,-0.0531705915569246,0.00305085703839883
-0.109893750281059,-0.140600421079141,-0.0417686785438053,-0.00394703137863177
-0.0706718828791827,-0.152926000542711,-0.00110606497311979,-0.0105554260230623
-0.0232483123690184,-0.0717615753716452,0.0409896742164761,-0.0126744358353018
-0.0123675586704848,0.0659325548851769,0.0809369362561852,-0.0107087340017787
-0.0772326240625628,0.174390973611764,0.106969671501258,-0.00585489900511763
-0.133015303079058,0.176668585554028,0.0996574652597664,0.00121235245880741
-0.0867993527877011,0.136556973907728,0.0752489604629148,0.00762861381619407
0.0118609750411075,0.154445102659713,0.0401464415667259,0.0106434616340095
0.11230698114419,0.181796068829321,-0.0282992166717675,0.00994233584968262
0.175686172312498,0.164908109276401,-0.0851533476715834,0.00649440812283868
0.137018315752605,0.122922440323492,-0.0749535968176856,0.00135190767946511
0.0504408070262674,0.0430388984815587,-0.0358847692385659,-0.00416670328928062
-0.0126381505879774,-0.0788505828770348,-0.00715770781201021,-0.00696835828185868
-0.0479122455471627,-0.159401180240454,0.0156279985597218,-0.00546997414555288
-0.027657583906551,-0.118450564485639,0.0363322318693215,-0.00297261241128267
0.0225143670074568,-0.0461294045311832,0.0495998051008418,-0.00280255188063585
0.0421286204808534,-0.0679554329801276,0.050684050996583,-0.00382223434910721
0.0364250375270631,-0.120171518790871,0.0537981014610839,-0.0037493958225237
0.0610596331581657,-0.102161204211505,0.0717742372845016,-0.00233330380106469
0.112006358279516,-0.0456622244635179,0.0922817937201509,7.98066098696478e-05
0.121124806579578,-0.0020949851301528,0.101193104846433,0.00299740387108607
0.0671048862526638,0.0328525404701807,0.0962799762111017,0.00562080364786493
-0.00896013694348491,0.0607168475673317,0.104635197441072,0.00733065901063585
-0.0215276864704045,0.0740761430402588,0.141938035949821,0.00777144831145852
0.132063854298092,0.0668684628332411,0.166405726105861,0.00664882640808167
0.380101158793072,0.0218054500518181,0.168210161373028,0.00410504134515798
0.335229654111706,-0.036489295189752,0.182499795283981,0.000585488110606961
-0.0517060994055732,-0.0660988811783518,0.160706973415334,-0.00443223564620689
-0.270731421983293,-0.105166345048289,0.0113207756917232,-0.00956821627594238
-0.161513343230838,-0.184938838764408,-0.202347014210555,-0.0103398805892682
-0.0169127125899793,-0.22115521857849,-0.31780867767114,-0.00596417814173867
0.0136952182026065,-0.141560276130425,-0.297473808408795,-0.00137463546892883
0.0209348959267943,0.0067005711533098,-0.228200335975531,0.000149307725100611
0.0920679630087274,0.126872744721003,-0.178859733818645,-0.000861964136692957
0.134893377587553,0.166790514197062,-0.147831873548631,-0.00418005030478847
0.0438534900537472,0.144016422414909,-0.103286451746789,-0.00959746074177438
-0.0292900785680493,0.0836558906646366,-0.0410467591058375,-0.0142049770886732
0.0206198198892126,0.00618870140091099,0.0176278952488693,-0.0132155024100027
0.0520521682720245,-0.0458484005162106,0.062828954701037,-0.00533471184825648
0.0442509007510214,-0.0642288772881246,0.0852135974946081,0.00486015069779461
0.04366789007518,-0.0803812535578868,0.0852273084169544,0.0123081097290152
0.0340483107358084,-0.100429208765523,0.0827021112509916,0.0154313130753599
0.0537866585700774,-0.112998374943207,0.0817054029401981,0.0152134109211889
0.0996692061415659,-0.0978435981830267,0.0691918285990486,0.0135241426168256
0.0890418365019168,-0.0337187082313432,0.0436140488432458,0.0105571762846404
0.0283503592090378,0.0484116979790162,0.0089000445634178,0.00481789813883089
-0.018766306672374,0.0964156150232824,-0.0247871753090741,-0.00291277264914521
-0.0629570364546022,0.0894907303645504,-0.042089546999247,-0.00917794311364836
-0.115551329926158,0.0415091960340694,-0.0519989098597167,-0.0126188618191211
-0.133433181074529,-0.00957638781716065,-0.0679063520050563,-0.0145828394535125
-0.0776987923272191,-0.0287554680312165,-0.0851183332450922,-0.0139088525992747
0.0120776696584634,-0.0239775378347114,-0.0930561875251618,-0.00840018621463929
0.079631334873107,-0.0324380426133222,-0.0953004928753091,-6.60032034713303e-05
0.101267066557617,-0.0252450036097257,-0.0901606215154095,0.00774001328528988
0.0464000672215513,0.00963001566191896,-0.0641533674968982,0.0133131742095995
-0.058061149855188,0.00194432640908464,-0.0328461067365823,0.015058450758537
-0.132934691985526,-0.0445775541153939,-0.0203703486020254,0.0116500852064523
-0.158090046641791,-0.0653611374433642,-0.0185748460477222,0.0041606813937503
-0.167499054247169,-0.0457151406860471,-0.00212618837710781,-0.00282671537278804
-0.155015803402573,-0.00325887879125443,0.0160137292710288,-0.00506087592468909
-0.0847469145140504,0.0329871230123583,0.0125238385305784,-0.00350820205588117
0.0367929771044849,0.0449743700259493,-0.00239949687307829,-0.00218491717404175
0.133430510796853,0.0512768729309226,-0.0219607767515455,-0.00260945817400667
0.131301987986152,0.0660792724197233,-0.0362903748287909,-0.00336564080231426
0.0571297696625746,0.0683341310029524,-0.032035948064417,-0.00251937117774165
-0.0465437632728983,0.0511228499063671,-0.0197009795481977,0.00190204119544535
-0.1639077183858,0.0408525195163144,-0.0272700348793389,0.00879409377277707
-0.217693815758101,0.0256740130456454,-0.0542267532724451,0.0134136474905405
-0.156327365646911,-0.0315818922131473,-0.0539091510054685,0.0134444964728454
-0.066845786299851,-0.0906760235672671,-0.0132744319611173,0.0111578664329472
-0.0662024897773881,-0.0885030401477621,0.0300802219621639,0.00932740336861611
-0.0842749439992493,-0.0292886263303275,0.0658441768458444,0.00725046619885756
0.0147459504584409,0.052255204644666,0.0988731382167548,0.00360931772221418
0.093144636678627,0.116816138679477,0.108860941380119,0.000599534227406011
0.000176571713608971,0.146586974757781,0.0899055522254044,-0.00090100433689407
-0.0682314206776552,0.146366699494615,0.0618528491522965,-0.00410157665155824
0.0678277031929942,0.0971898354507494,0.0353497945779599,-0.00964326916091645
0.208972720969628,0.00524133945791672,0.00544072453208162,-0.0136267284151216
0.171913771180231,-0.0767233298513103,-0.0230763711281641,-0.0141496371432283
0.0679079656125489,-0.156481921865242,-0.0361672101199251,-0.0135185959785081
-0.0198117271461693,-0.224570213844411,-0.0321486757252244,-0.0130255972779087
-0.0705635216209133,-0.184509374426106,-0.0207804811789702,-0.0106209022047059
-0.0392152917163331,-0.0642322078652906,-0.0168007425687807,-0.00404102376422766
0.0552597974405453,-0.00285847509138729,-0.027292492165775,0.0053732726821298
0.10195531488978,0.00500156093086268,-0.0420778804074972,0.0128260310851529
-0.0203389817407304,0.0335487476704725,-0.0423150245777865,0.0154811669324187
-0.21795683604901,0.0493827963485461,-0.0357121982263825,0.0140209825357297
-0.244755754175319,0.0251337580068327,-0.0289121926967343,0.00991013884981675
-0.0537637146599337,0.012734943970543,0.010380296025056,0.00590956158791555
0.111251253403623,0.0294845661983687,0.0744577269369728,0.00465755932990401
0.0917927184003197,0.0312417645537295,0.11143244510105,0.00488180283330868
0.0226774243301594,0.00609959940694592,0.112635337756427,0.00364836377898843
0.0107240647573843,-0.00863594671559498,0.10870249027762,0.000492129391544879
0.0257646200247456,0.011918024910542,0.102664543315063,-0.00334926559325416
0.0296514274991522,0.0585877719719504,0.0742034091423912,-0.00686816887715608
-0.0142547575522337,0.108104820452552,0.0325232649470768,-0.00927488711008589
-0.104453453443337,0.125830556933848,-0.0109352713337453,-0.0103362608313079
-0.13687899659049,0.0762225213897124,-0.0622502650937147,-0.0114248177746894
-0.0363285700247075,-0.0185168766926305,-0.0955267506666622,-0.0144461162204334
0.0838885671740157,-0.0687519086852856,-0.0817862008510114,-0.0181081997840133
0.0981289728039757,-0.051629438968066,-0.0392586219939945,-0.0170334519751548
0.0285344497500168,-0.0341781458645793,0.00466908253226864,-0.00814478630010965
-0.0626882894227237,-0.0311626524059212,0.0422589915214834,0.00366057932392309
-0.109764681442232,-0.0129259698369929,0.06910923523731,0.0107851612663703
-0.0367640216714263,0.0112536427127448,0.0634439068902285,0.0123075674570063
0.117207001295571,0.0156448532186804,0.00243741448915485,0.0123635423444755
0.24002549068534,0.0163194872853114,-0.0759517335971209,0.0114494821084096
0.250110487776018,0.0580130718482879,-0.104698479512324,0.0080828946716038
0.145833000659721,0.102021700970493,-0.0899685297090046,0.0053878195805304
0.0559736474182408,0.0704114608583509,-0.0649138349889883,0.00555043372708836
0.0510655454438304,-0.000717374689652495,-0.0279247226690088,0.00520735327325585
0.0597414119277116,-0.0222595689471018,0.018257925080723,0.00276341697151229
0.00877456318171671,-0.000520130244490553,0.0595673924420723,-0.000179074781430096
-0.0828491518342352,-0.0437831743297292,0.0890885488800884,-0.00463217417222554
-0.124572069185603,-0.121568982112196,0.112620542362776,-0.011875462895913
-0.102846727081554,-0.0545420667885668,0.131074678463461,-0.0171815990107106
-0.058675114641931,0.133428499699962,0.132630679626965,-0.0144259405398435
-0.0260855308764953,0.262637385123964,0.114273365803047,-0.00476473836054854
-0.122910142391988,0.25619385848489,0.0820075227238477,0.00537289717811439
-0.318113015070872,0.123481141106227,0.0361953525202773,0.0111433627917033
-0.335531237721956,-0.0626990937430533,-0.026645000141255,0.0121024882246792
-0.0949424785557479,-0.191844068823174,-0.0854365003755142,0.00938268853031555
0.222156911201952,-0.216160668771623,-0.10751581260163,0.00333235250407518
0.374988560332788,-0.18444342655105,-0.109036679400742,-0.0037166700910518
0.264894353896397,-0.144098872608748,-0.106019874403247,-0.00726928989444816
0.0759757312952549,-0.061828687233415,-0.0680839216450169,-0.00599685893690102
-0.00528711963229275,0.0550246890342024,-0.00495976237993909,-0.00301886313963433
0.0487057662322795,0.114344684168857,0.0267407428251479,-0.000119000253049848
0.119254554624727,0.0787792221183252,0.0104308339037669,0.00317586819806204
0.0612806446340075,0.0211952892959421,-0.0187061677345532,0.00516500732652887
-0.0535991319751965,0.00644740891151718,-0.0387737340097065,0.0039439710958173
-0.0893577383498798,-0.00252316574004195,-0.060582086350083,0.00198555270408968
-0.0479587450196543,-0.0255883456096253,-0.0701091045327245,0.00201526817433275
0.0149434344327089,-0.0165727509273412,-0.032349637267206,0.0025749807071917
0.0395374935959088,0.0235819664600758,0.0378442310019703,0.00241421586424378
-0.00732080130892841,0.0492374441849431,0.0826105158991497,0.00293360472970712
-0.120530591717701,0.0179643278112205,0.0721961334734049,0.00456979259120578
-0.23980775845621,-0.0588740711578013,0.0326187305743633,0.00554659742892774
-0.273618771610135,-0.104469944421364,0.0136039639994281,0.00524796199253267
-0.2112952962562,-0.0770242727663771,0.0233795948916564,0.00516922993429301
-0.110593669058416,-0.00982482642797229,0.0231813519564575,0.00509716757920538
-0.00851626667440561,0.055156039463517,-0.000382498583774982,0.00196476588684667
0.0685615974334922,0.0995473670013861,-0.0127177196534198,-0.00596683404194523
0.0626995601400114,0.101241492923584,0.0195957970936156,-0.0161385723195193
0.0357836339095731,0.0497878983057233,0.0765862676527145,-0.0245308953412398
0.158484225339467,-0.0263868882467248,0.0898976806747356,-0.0283507078444918
0.395146201811399,-0.0886532234197484,0.0342528764728786,-0.0255471208307795
0.478428564908728,-0.135530690556752,-0.0281440166333222,-0.0163069321969658
0.277008367913697,-0.177199047251302,-0.0420105354984488,-0.00377529225226046
-0.028515518101465,-0.164303843621996,-0.0393699217506544,0.00829713356120632
-0.249684879647762,-0.0706849950465208,-0.0733106647576004,0.0175036957593878
-0.29796652227486,-0.00309791649730511,-0.128528724927254,0.0226593749742705
-0.152384697684567,-0.0306922582023789,-0.142944459602645,0.0235238996305145
-0.0258103162407053,-0.0619557634639555,-0.0777254321488869,0.0215169289138208
-0.070963850148746,-0.0271328991136127,0.0266476815700403,0.0172244395431048
-0.0867199513809667,0.0263298441745004,0.0877719112362294,0.00881211511958731
0.020824337184,0.0398399210208708,0.0782849296581697,-0.00343707673343789
0.036458175409033,0.0250804848995173,0.0442676367853264,-0.0146526293806923
-0.0852194762772972,0.0303632228398404,0.0261631844541018,-0.0193222788641848
-0.183673580604718,0.0658157897898483,0.00637555451030178,-0.0168079650749687
-0.174273656372254,0.0843574889676654,-0.0261618189478328,-0.0114562072680255
-0.0760938787909786,0.048114777756955,-0.0472654612692096,-0.00606565328396526
0.0411307188873326,-0.0176712938166816,-0.0510727556821893,-7.92615554627181e-05
0.139791128006055,-0.0537520895332968,-0.0509636963273376,0.0057766303407892
0.190142098182068,-0.0244564661901352,-0.0590362145085965,0.00861810967800738
0.153107365135389,0.0294688687989054,-0.0756778528557676,0.00692255135377754
0.0592512963727883,0.0456878380543502,-0.0663526557679172,0.00253333343903666
-0.0124960101220965,0.0289130925718774,-0.0114429418758737,-0.00110927898130276
-0.0489660225378422,0.00420896265974241,0.0522680748640083,-0.00200643857325094
-0.0770220267693948,-0.0265615759407922,0.0859988242846411,-0.00129140521974523
-0.0660478318381608,-0.0472421020258984,0.0843986164085239,-0.00116535472699088
-0.0230719938412333,-0.0458583833995723,0.0681612311850822,-0.000775321190454125
-0.0307111381713345,-0.0336360973834999,0.0580880878658067,0.00195252096511965
-0.0772779354987969,-0.018337621023912,0.0437999680280295,0.00582836361934964
-0.047301124170791,-0.0245101300560644,0.0137090835509342,0.0086478188033679
0.0683228847405854,-0.0778601847053835,-0.0147701783242231,0.0098220406877829
0.206525711638054,-0.127437786874717,-0.01539664687834,0.00826035499177782
0.361229011525927,-0.0977002212408585,0.0187775711806604,0.00292866883770633
0.424757077371539,-0.0102441266542137,0.0572585999616232,-0.00430971528192384
0.261214005886376,0.0522032852502081,0.0692973051796117,-0.0108257642694837
0.006787248674054,0.0619029417490345,0.0390557890038868,-0.0149993074681319
-0.0721687689624108,0.0671909561195904,-0.0263027521166057,-0.0138865576316607
-0.0412226263104665,0.0867571087962517,-0.0751807544271785,-0.00544696906771758
-0.125413917102803,0.0918170891368452,-0.102675957094803,0.00592142584979988
-0.211519009250608,0.107478131613519,-0.139851496940917,0.0128667880060369
-0.183489249499359,0.15570998541676,-0.140729176420509,0.0140286525650136
-0.21338207626521,0.180706055661139,-0.0833309205559239,0.0128779754876862
-0.278985729315885,0.115732520163534,-0.0420260763933973,0.0109425487797534
-0.203467413863896,-0.0298768615419706,-0.0492681418867954,0.00724002564608394
-0.085160121055544,-0.130232529064996,-0.0463947858342809,0.00134785714639926
-0.0159296650238918,-0.0966302572920191,-0.00641319622207472,-0.00482377092234924
0.0834775446115854,-0.0443807302833721,0.0273091050551745,-0.0084561779755591
0.193817747991762,-0.0694468741915672,0.0391985098587423,-0.00916730682197153
0.211514589242091,-0.102521350457685,0.0465048219831186,-0.00834529175174513
0.142536536981477,-0.105601726759782,0.0440755921786893,-0.00649454835466366
0.0579054276634953,-0.0682025973184928,0.024903217744212,-0.00456565460139753
-0.0288293061870377,0.0113405862250449,-0.00401599743537,-0.00329569919845035
-0.0976813341890395,0.0583365002565146,-0.0238320839717453,-0.000905306964636112
-0.0967600670971116,0.0349231929758425,-0.0158214478736663,0.00294142948782404
-0.0304180580603604,-0.0220181905554726,0.000802958481267477,0.00550088073013128
0.0352552749217213,-0.0648193192618997,0.00342597953225854,0.00535089283009949
0.0427742047104352,-0.0542055585234542,0.00986840318302493,0.00355917582830994
0.00582623769721577,0.0020257659372678,0.0265109352841228,0.00226881533007367
-0.00428767283174933,0.0592260396241658,0.0267705246999652,0.00255245012501528
0.0471285120061773,0.0910996784664731,0.00801781622797858,0.00262612788239067
0.0997952263393174,0.0948787319262796,0.0104595251725149,0.000546949876046395
0.0507067156611246,0.0760382935387833,0.0419675498627992,-0.00296324824838368
-0.056736137933503,0.0416641231196518,0.0524586799598183,-0.00583668936600208
-0.0982455903638463,0.00998401408845762,0.0401652858005032,-0.00684405006381057
-0.082331040382321,0.00195474065163524,0.0466564178981891,-0.00596296413115646
-0.0702628863069708,-0.00305284117843502,0.0549697486293709,-0.0036740989630279
-0.109460286208908,-0.0438839936797024,0.0461568556332429,-0.00143975946894981
-0.190232245326537,-0.077424627643022,0.0431647639140277,-0.00129280114791793
-0.212101093489866,-0.0180079070146481,0.0381979718576635,-0.00260875724985113
-0.140412679606232,0.0939827783493251,0.0199972640521322,-0.00259101948121425
-0.0478932153260323,0.120045454620231,0.00674700596683805,-0.00160019509016357
0.0606337734350738,0.0327738831998581,-0.0101843614342933,-0.00270606550338934
0.21137505691763,-0.0443601969527788,-0.050637685794344,-0.00538289756502159
0.267053321195121,-0.0106629465932743,-0.0952349073924868,-0.00535608353640751
0.130570916833296,0.0606095466919961,-0.121048224636583,-0.00131516301178087
-0.0603199404469966,0.00113245269911332,-0.129899901614661,0.00364739072470502
-0.15559389130402,-0.148772465955766,-0.108729430102881,0.00685437818425982
-0.147117581050698,-0.181034834310216,-0.0664149658794358,0.00738075139239458
-0.110958497039092,-0.0782754699774579,-0.0296484912058783,0.00489835994508451
-0.0814827685730359,0.0326690798502716,0.0261991167820629,0.000640602341146396
-0.0473107589683139,0.0792826019356817,0.109694828763527,-0.00255495807993892
-0.0926697813633513,0.0650400208317329,0.186014980941495,-0.00250851345735436
-0.238785760615604,0.0452942961711098,0.22186560462809,0.000552514898399643
-0.278602024919667,0.0661122049653945,0.198276190323323,0.00441265544699541
-0.112185128866871,0.0935481020720985,0.134708592589083,0.00708463573640999
0.0884232455763539,0.0636397506869624,0.0569840599801822,0.0076775868233739
0.180913031323441,0.00697290764714635,-0.0231944472272209,0.00572861285397186
0.201841245195518,-0.0135311981856772,-0.085241761424473,0.000889258655691678
0.302877321614883,-0.00550988414309138,-0.118803807669123,-0.00603524878390728
0.529886838530996,0.00243528197326065,-0.117154392191514,-0.0102133570529314
0.569365153259766,0.00062228798053025,-0.0716837056329935,-0.00733444743634929
0.264853094073626,-0.0276026863592442,-0.0107995894955785,-0.00240933185247512
-0.0216387165334024,-0.0824211280216715,0.0173275675491573,-0.00246179195993507
-0.138362864675878,-0.110592783818431,0.0112663620181044,-0.00522683822937672
-0.288384546481731,-0.075677406033327,0.0105239055276778,-0.00454827549680455
-0.393061731289141,-0.0177159962429025,0.0184709864499922,0.000773849777339818
-0.265508116698623,0.00331702397543732,0.0122805849287398,0.00690981161915015
-0.103847365878415,-0.0290438324701327,0.0166244064750356,0.00913804343394515
-0.10337847954143,-0.0625552165745066,0.0441165739036192,0.00510727375666068
-0.0831014105714459,-0.0394015762835261,0.0363049292059679,-0.00194538982401005
0.0999339568237889,0.00025211058019417,-0.0285033460311271,-0.00442483314921414
0.273704355008153,-0.0175418166098791,-0.0746619400784645,0.00047599952900565
0.26604025096124,-0.0542416503068416,-0.0457157737043992,0.00768640972895623
0.177900580256769,-0.0302432331432592,0.00234599580644714,0.0116164454196392
0.173936513912858,0.0318553374576257,-0.00792310121912603,0.0107788939964401
0.202499500864146,0.0664942264905562,-0.0559087234109689,0.00615471001593058
0.147601511232277,0.0461468672723362,-0.0717939682271269,-5.92926572951478e-06
0.0262302385389665,0.00270491953530161,-0.0416274838308909,-0.00449229590333969
-0.0956702447952404,-0.000981964439726375,0.000210136731754726,-0.00595633558983858
-0.149788051896877,0.0180406030821885,0.0268965283824904,-0.00614740198359548
-0.116818194682144,-0.00460264790345512,0.0486445990849525,-0.00680419260739792
-0.0945432272254499,-0.0595638027469019,0.0854230946946284,-0.00799026206812145
-0.116383436340321,-0.0973736953614179,0.105783294070337,-0.00897701672723606
-0.0909441166925642,-0.115449623207447,0.0772954169355612,-0.00816845009366952
0.0234909340472808,-0.116202931534093,0.0366687290322031,-0.00396004459775011
0.138307850717701,-0.0622193130660613,0.0134433809880334,0.00301535067021233
0.139487451485967,0.0219212840791799,-0.0137251431274345,0.00932498182294123
0.0799357212882927,0.0541486970319578,-0.0676919752103944,0.0115640922680001
0.0506472412244937,0.038141205436294,-0.14248998149027,0.0101232510960045
0.024781204028439,0.0386976243804538,-0.181646982826402,0.00790110857138484
-0.0290030644287392,0.0841769140625155,-0.123830728665678,0.00594896725681923
-0.110639341816681,0.106624065768407,-0.00734724336586676,0.00297745565145567
-0.168117658768117,0.0112327608077439,0.0708637004404019,-0.00202702526403939
-0.132209160289955,-0.136392174637872,0.0872066179905852,-0.007501256819236
-0.0386712145702378,-0.203352292155772,0.0842628992225704,-0.00954649007331736
0.030133449831471,-0.181847772582089,0.0902042953759081,-0.00673916258266615
0.057718932064431,-0.135627261676672,0.109037627967479,-0.00302705048835271
0.110387071973155,-0.0516932894302448,0.124688731745377,-0.00237760983238528
0.216121785540564,0.0877305797211528,0.0973972927765142,-0.0030316312290882
0.199967681909259,0.174293699061033,0.0320605678670546,-0.00151300065908582
-0.0555466925263722,0.162912599276204,-0.0152727409045271,0.000440242885037816
-0.284745833940096,0.142819395381388,-0.0319151262520948,-0.000111015095246259
-0.244364008903798,0.146325361017777,-0.043958708526785,0.000265568951901395
-0.0925814899998566,0.139645645911303,-0.0529827009201098,0.00657826800504391
-0.0121865990015054,0.104687655037414,-0.0599394683031568,0.0156864219427625
0.0152663111539165,0.0465076655646133,-0.0646494028980243,0.0195325366560226
0.0252746975938508,-0.0110233393001236,-0.0637914992711173,0.0151355153972654
-0.0454127047476154,-0.0335139198244527,-0.0783169504287002,0.00514479632922147
-0.157155866671745,-0.0254708799621856,-0.109040678340035,-0.00641066692022021
-0.141523643471223,-0.00758780410960857,-0.115860953316122,-0.0149444092064678
-0.0371989111081083,0.0415289350113938,-0.0704431573263485,-0.0172301168406024
0.0133319257331372,0.11625794661651,-0.00379820562171573,-0.0147645666026864
-0.0227460938172411,0.167936002025441,0.0486078602342986,-0.0125749168409945
-0.036508421189014,0.156284585940354,0.079258480629507,-0.0128326612607048
0.0537448544320695,0.0696655656665271,0.0697040739389558,-0.0108757223989757
0.169174326344331,-0.0564163465288064,0.0192747330162224,-0.00208915839649632
0.288863374888774,-0.161822587914193,-0.0253012069583025,0.0100464208698408
0.410369408831919,-0.182780655589298,-0.016544605890449,0.0178556496974296
0.397506054315905,-0.102493183451324,0.0371525566143577,0.0175472290273783
0.142972398143211,-0.00209737614432279,0.0782438105111311,0.0105911366269444
-0.175107827027821,0.0254608152120879,0.0589174544694199,0.00139661825510667
-0.289026135943635,0.000514163414390784,0.0022015104750364,-0.00387692410294745
-0.252506674479612,-0.000581829415443602,-0.0385861368951579,-0.00139845140402531
-0.211093677616987,-0.00546325817108634,-0.0580033830932036,0.00526420872847963
-0.146870355325824,-0.0407586100626215,-0.0657593876795872,0.00875836849311374
-0.0983226289843668,-0.0259878813989153,-0.0676932613571849,0.00608794528695938
-0.087873499040222,0.0524141153860078,-0.0811916211675086,-0.000218066761015708
-0.0257283258123766,0.0937458804274815,-0.107372593623081,-0.00637265564993504
0.0475150581767159,0.0510948156817377,-0.1214048557099,-0.0109141189088028
0.0481113175484705,0.0044665799414595,-0.101689584846137,-0.01391932429105
0.0255914916249498,0.00210047494155602,-0.0552944524169669,-0.01362843129211
0.0328471775412714,-0.00112616170494558,-0.00139313535141163,-0.00869807223818691
0.0565574145324255,-0.0151675411174884,0.0490820549549894,-0.00218222401943475
0.0974697751721576,-0.0204426927015199,0.0837362144042416,0.00192378567570498
0.182089639339722,-0.0200900781554355,0.0907544712836926,0.00339991047593872
0.263213278900412,-0.0223005700352988,0.0719320290645741,0.0040539319147403
0.220493103981998,-0.0227362295033202,0.035602377239776,0.00380936422993862
0.0542810285760829,-0.00882730783486924,-0.00787081205696791,0.00144933753452958
-0.0821014746197606,0.00877448451917952,-0.0387325413853351,-0.00196298601919547
-0.11072145531683,0.0164329465359326,-0.0443617527392337,-0.00428068327305621
-0.0838466542287077,0.0196859148756656,-0.0372027459599857,-0.00530848136452547
-0.0919868601911087,0.00257115052030514,-0.0424110483987585,-0.00511036047766625
-0.162309043147354,-0.0518956672255417,-0.0567386241566524,-0.00273561376617772
-0.206685091363769,-0.0988526427198424,-0.0392975670227786,0.000923781626926167
-0.15724452719016,-0.0876328122424274,0.0176219868807375,0.00356215574612985
-0.0620577455194476,-0.0429659422567627,0.0667828269983977,0.00486766356736415
0.00793109453635035,-0.011001093787321,0.0673700473140413,0.00584426556134471
0.0145993941212378,0.00251291129246719,0.0344079515902941,0.00673448125005593
-0.0202929523582677,-0.00340201041337863,0.00489157171214546,0.00736568637184745
-0.0111635853556715,-0.0396921349701069,-0.0144884798499599,0.00769952433242915
0.0656331802222209,-0.0901357066833054,-0.0232574972513099,0.00678622930897299
0.156219787729888,-0.104522763687799,-0.0110657704153342,0.00307700990751979
0.162111377188193,-0.0443043579434042,0.0200552577568411,-0.00309165384573236
0.0579958845350671,0.0434927619700581,0.0475164148689675,-0.00943610245747393
-0.0271242183513647,0.0804508309717584,0.0505185783002479,-0.0135327158582555
-0.0498602686060009,0.0725487572413296,0.0414664269214046,-0.0138944467536053
-0.0753493947620971,0.0580835073614245,0.0398012872506853,-0.0103777188814184
-0.112673350118724,0.0619811601173229,0.0359048183641934,-0.00401390931916315
-0.183043301297257,0.0873938106841959,0.0241925967046861,0.0029694690725404
-0.237346992680224,0.0915335146178248,-0.00722738084682848,0.00794509298048702
-0.167908997102998,0.0490880559908746,-0.0616108141928043,0.00939199366350006
-0.040221289165007,-0.020914831568728,-0.0809318049496975,0.00783927435281082
0.0704506679673636,-0.0661546072561709,-0.0382536404188613,0.00535272077165195
0.170330315376569,-0.0565299951763106,0.0264420750230724,0.00392700564590789
0.21473958578161,-0.041024609025397,0.0781675768586455,0.00428855806184114
0.202972431283384,-0.0609904509960204,0.104106777574612,0.00543376190399056
0.184808821500202,-0.0782084774338579,0.114313103119183,0.00512617723470661
0.12881328615084,-0.0463768029284961,0.106997921552884,0.00169553023000081
0.0136036537385338,0.00725135224410811,0.0480225576737021,-0.0034698463305789
-0.0823763729001158,0.0338949212957527,-0.0502348038396302,-0.00712066263266158
-0.135133533115787,0.0375079954783951,-0.101311110062335,-0.00794034865755693
-0.149084330522092,0.0478233867819491,-0.0669297069343842,-0.00676368121292782
-0.104538312982689,0.0581461204351689,-0.0121253009867059,-0.00348450237565908
-0.0198785464411352,0.0548880891507522,-0.00371959175222605,0.00338200472558719
0.130535173946409,0.0551955862983849,-0.0211296355291022,0.0119943269505615
0.290732572901451,0.0631978806219878,-0.00892847605650265,0.0164160011814557
0.334041385649946,0.075719681043851,0.0284361254041024,0.0134822801798709
0.274614895658676,0.0746350674225029,0.0513740531746657,0.00658058029802287
0.116334301680979,0.0416951467073196,0.0334385526480489,-0.000123021963745893
-0.0835757225528593,0.0161997378939467,-0.0218129055457546,-0.00723441827115238
-0.209578456840808,0.00596118237292845,-0.0554440676871263,-0.0149411912210508
-0.291390280858888,-0.0553735602381013,-0.030061796775976,-0.0188771008344541
-0.228318164283103,-0.151383293854182,0.00202368654245116,-0.016059866259288
-0.0112048611679305,-0.161055075387026,0.0167173664860114,-0.00758943482211523
0.0716590893320913,-0.0614734635928162,0.0474402563443576,0.00375694075893286
-0.0034142878283122,0.0352964387879832,0.0741547062772902,0.0133452976329323
-0.00918036957506887,0.056129224888411,0.0635417201702694,0.0166825200195858
0.0539834020995564,0.0534144119483151,0.0441904095831853,0.0132479398330358
0.0556378854858042,0.0976247112232757,0.0439194088099146,0.00610691658756505
0.0545745775463458,0.132150679832578,0.0415597406930761,-0.0012536273630089
0.0975884302931297,0.095217648209972,0.0131576315996298,-0.00711320073057021
0.135898675745873,0.0362288106423231,-0.0229503515169872,-0.0102222748579312
0.182654816019602,-0.0320697748269288,-0.0443196285549278,-0.00952618377501525
0.193525898500216,-0.112970660290743,-0.06123286586453,-0.00667558526881322
0.119062252646197,-0.144224074545493,-0.0667444507195478,-0.00404227118836132
0.0268372382969694,-0.103671736013724,-0.0380612369405346,-0.00119999994220989
-0.0597949828387653,-0.0311574945888877,-0.00103756300275255,0.00320707224655063
-0.14571138327702,0.0264166751297196,-0.0127704486174752,0.00810644737944567
-0.138680444236097,0.0226713485204308,-0.0696581806267991,0.0112181100322198
-0.0499238224057439,-0.0105896408594251,-0.0882056392696608,0.0109548936563984
-0.0413691367567258,0.0473117726515163,-0.0224725394891634,0.00632863004117131
-0.118959372026262,0.204261965253708,0.0646484443480556,-0.00123701018167231
-0.140361814390295,0.315962112134347,0.0931853315707638,-0.00832476684787117
-0.0783418306664918,0.297440024028686,0.0637932527265896,-0.0132302211569955
-0.0096878102981578,0.185409603371414,0.0285273912680244,-0.0155177758422712
0.0302355964797705,0.0570269065675897,0.015301155606819,-0.0138348764381231
0.00484922603369925,0.0014702233099449,0.0043928060314061,-0.00854180554344092
-0.0818141578023162,-0.00653027456997121,-0.0323436954889271,-0.00273667040679784
-0.106734153063629,-0.163598401329097,-0.0829678533845402,0.0015083426858709
-0.0404073032950564,-0.446470656074074,-0.110698405880582,0.00468734488822899
0.0195923379952669,-0.513583013375813,-0.0950224882366084,0.00763940097205424
0.0185430640477397,-0.311804428493343,-0.047265060262754,0.00963726908861514
-0.0263372005787217,-0.111050893697205,0.00958648671686013,0.00886988683698611
-0.044724099667257,-0.00155604863719366,0.0666663779675942,0.00482153956416838
-0.00680033141370383,0.0674225487852688,0.112956929189958,0.000306340347945999
-0.0168187034980645,0.118198458795928,0.128068283006119,-0.00184985004838751
-0.146720949659681,0.170518055250812,0.0952667679671528,-0.00305846895391112
-0.246154181813558,0.195666238217754,0.0199561967837827,-0.00483987558036416
-0.190530917312488,0.139639083275634,-0.0561927326999093,-0.005531232370103
-0.0831280691185093,0.0518457284304652,-0.0888058477262875,-0.00533495460579312
0.0155042519391638,0.025162180487653,-0.0791691062351804,-0.00525748189950918
0.171706265954269,0.0357457153786244,-0.0579568605296751,-0.00250773665256512
0.34386370531086,0.0310309743982918,-0.037902751782328,0.00317262524620078
0.336416144210653,0.0416781470273884,-0.0109370918549368,0.00539701113658312
0.142091673050235,0.0480040204732434,0.0131820622982935,0.000190284325040853
0.00228006564684952,-0.0246351101511105,0.00335906960944297,-0.00658395781447201
-0.0520326778424253,-0.0993604163192339,-0.0258758225535128,-0.00559591192575539
-0.147321473783771,-0.0840064491925072,-0.0304682104127978,0.00393538214194037
-0.194541668189318,-0.0594630620886881,-0.000818085498074363,0.0121346876117696
-0.127582149896492,-0.0777875343363058,0.0477705446379248,0.0107490957162524
-0.121453626790003,-0.0829042825041928,0.0880438486909808,0.00218697972036407
-0.177311741709021,-0.0582581924724715,0.0887701636915466,-0.00718112075623016
-0.109704735645573,-0.0582284771584776,0.0446567890866935,-0.0132378489615382
-0.00124422271668831,-0.103146932044629,0.001527651898291,-0.0140649395789089
-0.000743055030026946,-0.146366676727549,-0.0090393863042484,-0.0109210838638257
-0.0276464978919887,-0.122101179460402,-0.0105407540388032,-0.00649970100055655
0.0226262605524575,-0.0291289550245253,-0.0219766274736409,-0.00116386209876379
0.0769294512281401,0.0423781900369202,-0.0246509890831265,0.00606241144315067
0.0608917920387153,0.044969765981801,-0.00935478779597787,0.0124942035430294
0.143575907211807,0.0131419386447293,-0.0116714678095679,0.013158412884831
0.344590691164032,-0.00412179819155914,-0.0226426585453209,0.0078964759234455
0.375989678047818,0.0218752317471293,0.00485527052913591,0.00140743641009876
0.145531151012188,0.0681401946999232,0.058159733656635,-0.00143630566121527
-0.101606182105363,0.0581011112495829,0.0708378454769859,0.000615789496172876
-0.144400660331529,-0.0255004799408462,0.0161072677585642,0.00367061696306299
-0.0646059038491077,-0.0681148990909421,-0.0261248325625052,0.00339877447283178
-0.0192106601036622,-0.00648185863104527,-0.00037857869929328,0.000727806890939471
-0.0167828652890987,0.0566470379802179,0.0293186644244799,0.000144506787626374
-0.0219327156471332,0.0358367534105451,0.0206880485341225,0.00264056276480521
-0.0534379527026095,-0.023999281710075,0.00556400752803541,0.00405461091330572
-0.093668705318023,-0.0372557544223334,-0.00382749445245504,0.000648514645286194
-0.0919813284062632,0.00694344958344106,-0.0272605066202719,-0.00705106480441183
-0.080486456992886,0.0415651537165515,-0.0692988105662796,-0.015122193923907
0.00207366675863466,0.040164353435017,-0.0926811034285847,-0.0197913421684857
0.201322793501909,0.0429974692760579,-0.0759358688486621,-0.0191113223699886
0.316144540405713,0.0744470361345086,-0.0398582420847036,-0.0123071565083574
0.292284473845159,0.108987647877991,0.0129628874023592,-0.00197900185010534
0.2985904927482,0.118236154350197,0.0644073633861439,0.00682962623408569
0.394763360360205,0.110132637017761,0.0740644327225154,0.0116495352606207
0.402049162987811,0.104841814758212,0.0611136331642203,0.0133328396637671
0.0317610829687933,0.0969980664717139,0.0696709380208927,0.0129012878499072
-0.54298003373165,0.0860322239079268,0.0889953552120557,0.0102383751304033
-0.736691191542996,0.0818984071149189,0.0784405315156261,0.0075809081935689
-0.424936732597372,0.0702295424700298,0.0412345004336297,0.00876361538315909
-0.0706874931909234,0.0287799903883508,0.0152651601511398,0.0127247794342963
0.0360612332538557,-0.0164890182623261,0.0162512488914303,0.0134821832199703
0.0395932549141642,-0.00485796366377721,0.0260497732068131,0.00866583474537798
0.141270547130876,-0.00286711788500977,0.0176443622897575,0.00250458536245652
0.301785733958007,-0.0648979414080324,0.000700878988472903,-0.00185180058363768
0.278140822361126,-0.0777917823657288,-0.0166960002721295,-0.0049954364720953
0.0630848555694374,-0.0494224452928007,-0.0543164671778105,-0.0071363030031743
-0.0625240593240189,-0.0892363679031053,-0.102288408027567,-0.00857670797901374
-0.0485080917452334,-0.143157070159769,-0.126661330236184,-0.0115220603875349
-0.0755302422126714,-0.11658965202813,-0.102021266994598,-0.0168211815831606
-0.195358076484881,-0.0539787397454046,-0.031164951127308,-0.0201882715794893
-0.290898421442122,-0.0114813796069075,0.0528125577118357,-0.0165137110426223
-0.196431706388909,0.0403977842791731,0.108782461423076,-0.00642370225527707
0.0462620848054028,0.127987677437665,0.120538166721583,0.00634624611652904
0.142533757903458,0.219122141383576,0.110372606996427,0.0188891328175948
-0.0327216717252902,0.232673482123552,0.0761762673244371,0.0270003952211696
-0.176185825895531,0.155561891836375,-0.0141625858189155,0.0256340503091019
-0.0123511475536751,0.0466149732177192,-0.118770290664197,0.0160984874396501
0.224108351407334,-0.0586028515972706,-0.138618807151944,0.00542871997388721
0.240060552442607,-0.100645356004282,-0.0744482776857867,-0.00334870531067496
0.099524556709222,-0.0504150536692805,-0.0165618188410321,-0.0109749174851655
-0.0384998865969504,-0.00544042497328984,-0.00375038550559953,-0.0156520862123761
-0.100227779390211,-0.0531342582409023,-0.0127038757517149,-0.0139627432233926
-0.113994185770324,-0.123857454176917,-0.0143271362897787,-0.00620311721477398
-0.132334703245173,-0.134637926322757,0.00471779203962784,0.00310647491852604
-0.162814460169533,-0.0997640392372215,0.0330484911604064,0.0106671277716569
-0.184035663980265,-0.0468296836691753,0.0521343703343883,0.0150647949021251
-0.190943277951476,-0.000385629102177272,0.0547576790124054,0.0136800569465494
-0.212027792327951,0.0168608620096822,0.0308288383909963,0.00617500664320865
-0.234223865215682,-0.00945869918944699,-0.00350347790097547,-0.00239226543115404
-0.196769284516218,-0.0622599623627484,-0.0156316033770085,-0.0075575478107033
-0.0744772721792241,-0.0862342908385385,-0.0220821132336867,-0.0101480432008324
0.0960471544607291,-0.0763971087336803,-0.0524759179196664,-0.0118265383439203
0.210078614468926,-0.0768278499950367,-0.0849833446957249,-0.0119905185143457
0.203221278213014,-0.0782624737453551,-0.0821240314045262,-0.0108850196604944
0.179492504644207,-0.0482116689717226,-0.0481146897399362,-0.00881551068604269
0.172359271843215,-0.0158135338164444,-0.0050148936770181,-0.00393968871220698
0.112306149436376,-0.0131496091441395,0.0289113169818139,0.00358285184119349
0.0768389495711065,-0.0312095358289779,0.0300024767921998,0.00991407916075996
0.0114130395071974,-0.0523409974582279,0.0105177668479465,0.0117591345275807
-0.204855173881977,-0.0722559800106573,-0.00443676833442807,0.00842747439572617
-0.24113462984569,-0.0873136810010371,-0.0345982824076338,0.00265809869621365
0.0856933370015841,-0.0672836471883639,-0.062171814201402,-0.000171169842114783
0.338399450728901,-0.00744092853690065,-0.0321610404534988,0.00122139438586375
0.109468932905677,0.0504310449582759,0.0292365568878731,0.00153807632531374
-0.409325188755561,0.0693163496196396,0.0516837688930913,-0.00408243983996332
-0.608321564926672,0.0426389846651036,0.0333257860221057,-0.0118844131012784
-0.321818780942045,-0.000182966882554019,0.0126959861951462,-0.0119489541789987
0.0237887478502513,-0.0147856020942366,-0.0105822163468776,-0.00244754872150812
0.11405812059582,-0.00406579907903232,-0.0309802066656948,0.00778371499785024
0.030518851940355,-0.00752445290916123,-0.0161948840304009,0.011670048323358
-0.0486890099839965,0.000617371622077846,0.0190331076214013,0.00856008023625683
-0.0860754187708769,0.0495669433048197,0.0287562341005943,0.000508882201968713
-0.107009992022004,0.0617636456162702,0.00315803360244388,-0.00928701383356104
-0.153708235767748,0.00581457651620298,-0.0242142291368045,-0.0166569149418534
-0.22287546463188,-0.0413615950594301,-0.0215963826804274,-0.0181630940568787
-0.234015971536997,-0.0314267994633331,-0.00497971904841571,-0.0129520954500645
-0.150454770047646,0.0263947722733707,-0.0100460856833344,-0.00335911815384836
-0.000131511012320784,0.0760693887254945,-0.0354860582754096,0.00622843635624237
0.159254521409453,0.06984974891439,-0.0425806739395296,0.0118787487967751
0.248063088713178,0.041538857922486,-0.0221757622330769,0.0119973086477667
0.275199178886168,0.028621108092589,-0.00615396306110015,0.00820373525791805
0.308926521163944,0.0176488622260022,0.00953863418762471,0.00420174959642663
0.314756615025179,0.00941983670392724,0.0490053029333228,0.00282116932810903
0.203972709026104,0.0300610921199138,0.0839147809436187,0.00436873573503743
-0.022054146776383,0.0740678957111939,0.0678742446624172,0.00634709427910799
-0.193241591836057,0.0778646963412032,0.0132831223090359,0.00530036392984463
-0.207339409449377,0.00668136404770103,-0.0147916605731053,0.00177127941800908
-0.185662049520362,-0.0781655691360457,0.00802599122383317,-0.000191601741547542
-0.201361314444263,-0.106420105618787,0.0328885362946105,-0.000758760472695449
-0.203764662997464,-0.0842010896009632,0.0234127918001101,-0.00480040216181986
-0.166444260495155,-0.0361318832313027,0.00339039246215316,-0.0129935363862542
-0.108737619422514,0.0217851533146878,-0.013788934342391,-0.0188749830443758
-0.0412519193258789,0.047732390336494,-0.0471845600101181,-0.0166736951402292
0.0157158601432884,0.0263034060078465,-0.071408906286973,-0.00788909848361294
0.0288627026688916,-0.00866077324905041,-0.0615945782889133,0.00205515864586489
-0.00555714854333116,-0.0278751596242993,-0.0498545109888805,0.00940688658322655
-0.0509353067742072,-0.0282564394905756,-0.0550525842684226,0.0124427404162572
-0.0743180481232769,-0.00970198857874877,-0.0658912264535149,0.0111879372710005
-0.0767123274578227,0.0302789589099666,-0.0669993805981933,0.00807330520560228
-0.0184173023398606,0.0627563053390152,-0.0500403150672439,0.00578931859480503
0.0934589427098729,0.0569990187080275,-0.0229397776668369,0.00485342111974925
0.149269544898433,0.046956858093209,0.00251258324116489,0.00410021377434024
0.149879033632724,0.0521852297813473,0.0127285950157845,0.00219073605333828
0.15008736634015,0.0269966110059787,0.00261834948655158,-0.000986054827978688
0.111061805523937,-0.0188840927635604,-0.0114939645716978,-0.00374574138802266
0.0518263619157797,-0.0286098034666979,-0.0147381597132246,-0.00453903897812274
0.0485069621736024,-0.00380471900416145,-0.00727793657924544,-0.00378499327535206
0.0876439417810899,0.0256480269180394,0.00190033676455038,-0.00252345786240561
0.128010422489987,0.0347238712168167,0.00310865481373471,-0.00133198775997676
0.142175144040067,0.0218739535342485,-0.00700315294083176,-0.00106476329270502
0.110255394449167,0.0100870498073827,-0.0271565434074623,-0.0026448615309749
0.0495179061365147,-0.0027902383547407,-0.058679470589188,-0.00497270562031181
-0.0327026749984019,-0.0264387806164206,-0.094511652248279,-0.0052932517527914
-0.101402974728663,-0.0490121913207203,-0.09772281063354,-0.00294638606150565
-0.110691228217782,-0.0537775515507915,-0.0495357397070092,0.000577669122503255
-0.0767998920215207,-0.0381548565027313,0.00857351016297478,0.00399226872470805
-0.0283679709313979,-0.00942681303059588,0.0426425683532067,0.00658506118373233
0.0143241365379951,0.0195960319976553,0.0587376668762653,0.00794758712365223
0.0544563967650249,0.0163848554915831,0.0591151689207886,0.00801881302419024
0.0835894252673042,-0.0172361148730692,0.0448732781782064,0.00721776931177139
0.0571539510719118,-0.0325794530919561,0.0307351367708422,0.00544072646302302
0.0217544908270633,-0.0211762039006919,0.0292571340337154,0.00251975329824222
0.0685720246487364,-0.0136445575544666,0.0217556014984282,0.00142004705439957
0.111670145818194,-0.0307794820188113,-0.00746569717454451,0.00519308990251058
0.0322694502784757,-0.0632095546323117,-0.0267187704729482,0.0108418761713637
-0.0806517453240884,-0.0657538004674093,-0.021206897545525,0.0136362700464466
-0.0956823767435342,-0.0282525249182224,-0.0121245380476877,0.0130519420972567
-0.026437986945124,-0.0146079815074302,-0.0190756001560634,0.00961957586579347
0.00908778266564456,-0.0434439619888352,-0.0249701006673541,0.00163953957470221
-0.0406607807464529,-0.0529580287024348,0.0082076800042624,-0.0108430168279308
-0.105768142932418,-0.0101645359737968,0.065752548922787,-0.0216283256467782
-0.108747309370275,0.0593989105631421,0.101198471223066,-0.0240338705446287
-0.0352276547406875,0.10751443665138,0.101107024740925,-0.0193274726571846
0.0176313131766304,0.0905435043103685,0.0882544885960844,-0.0127915999569235
-0.0304616269021794,0.0357720227321117,0.0805011131906282,-0.0059402087982138
-0.0875436173586395,0.0327093393025112,0.062160307111208,0.00185577149652104
-0.0392514092073133,0.0764003858795344,0.0231702606679094,0.00885246541436074
0.104669979031918,0.10442783204152,0.0112228293245521,0.0124880285535322
0.252280635479722,0.147255091886481,0.0482540372047715,0.0131844268743898
0.261227309191769,0.214959195234796,0.0855360949359198,0.0124991542539076
0.0700247034218082,0.187856193628754,0.0846704162820152,0.0106569610020015
-0.116582710803631,0.0728169425567796,0.0431710442448734,0.00855020054451712
-0.0701200172850411,0.0242932984918165,-0.00242495922641302,0.00883124101627704
0.0600563063856271,0.0255667838845142,-0.00282575027162748,0.012359380860013
-0.0130328938068374,0.00656655940330853,0.0477990382822142,0.0136203089126489
-0.116470889316256,-0.0619967626805608,0.0804135232806256,0.00538178630566656
0.0559269138885597,-0.19814120773036,0.0471417629209221,-0.00961020842958454
0.251050180789719,-0.26065843341672,0.00512045907440602,-0.0200205678333609
0.181370986188034,-0.181041418518072,-0.00806693229773518,-0.0210563869736453
0.0472675545271969,-0.0989317535687363,-0.0234685368106506,-0.0178624325051543
0.0166001204687781,-0.0655953842644045,-0.0396013219549535,-0.0148634561781726
-0.0575485831981991,-0.0192045432913072,-0.0290833682577874,-0.0118115253562904
-0.199487847023396,0.050345387407671,-0.00725419260947621,-0.00805991774398005
-0.166628312549273,0.0944862070733016,1.45647719177605e-05,-0.00373195598552119
0.0331459258059771,0.0940145862869764,-0.00648491794707957,0.00158444225320816
0.0985600623202637,0.0805716922086091,-0.0272780335157668,0.00705483083458671
-0.0239492317228481,0.0725418063682559,-0.0565792484822263,0.0097861727149556
-0.095287457155546,0.0675406805289626,-0.0573742233811022,0.00816537522167361
-0.0148276138378137,0.0542954617593068,-0.00143586493124515,0.00419422108757163
0.072549476239075,0.0411805080171682,0.0813109816118783,0.00129751128118859
0.0899194373877618,0.0606738539505387,0.141986081394426,-0.000134130856597143
0.122553299988132,0.0919212172328605,0.161973963318868,-0.0026298359639489
0.211093804396699,0.0702545443111011,0.137288078557076,-0.00641260957099774
0.268174341449018,0.00653776495111666,0.0782242345104249,-0.00905924740022339
0.254609611237766,-0.0237389729307445,0.00782643420404541,-0.0095427040899466
0.173792451150344,-0.0324554853778843,-0.0551057107626265,-0.00804266943239353
0.00992482593807581,-0.0656879280954752,-0.0982848654580926,-0.00536796339236604
-0.112648177516115,-0.0706310664282713,-0.118084767455573,-0.0032471943106527
-0.0917037319085787,-0.027164388827914,-0.127403193115097,-0.00161081754553022
-0.00825649005441659,-0.0292791159221224,-0.131883019842068,0.00109964921993098
0.0225240832766808,-0.0936559386776267,-0.113869240855944,0.00421140820602053
-0.0235022010299939,-0.123226723212842,-0.0729443892193824,0.00519322488906697
-0.0736534913623387,-0.0858636658068932,-0.0329290485764001,0.00334820146579442
-0.0920954120020703,-0.0257192935261207,-0.00197101996605427,0.000817722384023335
-0.128271891159139,-0.00253319121768124,0.0307850000613444,0.000128542108671544
-0.153062846130173,-0.0246098653687438,0.0567934798445544,0.00102849264525174
-0.112351005144515,-0.0319611999215536,0.0665313833581928,0.00104116727150259
-0.0567511970345326,0.00760253452993035,0.0697104030550146,-2.22131778411976e-05
-0.0274694325707086,0.0766197958343674,0.0654978844946136,-0.000702313933077695
-0.0104285454845648,0.106971719145712,0.043317130740893,-0.00158287521133064
0.0646327448006054,0.0408058576312072,-0.00872279697096162,-0.0026951649299513
0.195606800809732,-0.0521130022938296,-0.0692405219318927,-0.00244944560597893
0.220802154745228,-0.0583791077858658,-0.0909282226634364,-0.00148819993003258
0.0561005754942448,0.00166751493441533,-0.0741812420584258,-0.00177509135424485
-0.0814430696080244,0.0375987633922582,-0.0554768889702985,-0.00354406268891999
0.0258358154397328,0.0368229106507348,-0.0382218465420423,-0.00428518190683233
0.189634150452402,0.0156517495506976,0.00155022224284183,-0.000754007573766111
0.170246561808294,-0.0159715450087705,0.052953751894759,0.00560097849208896
-0.0074331039999686,-0.034286028384791,0.0827576110500272,0.0095274316922613
-0.226368911009664,-0.0246628370536633,0.0992945709843837,0.00909596726058856
-0.367794558608849,0.0432653195627801,0.137196964105798,0.00742798134033772
-0.353365137198019,0.172758032833751,0.181834208504748,0.00745557601733971
-0.180278228698299,0.275112907691157,0.18719181942573,0.00810884480566406
-0.00982762338641363,0.235384569743237,0.147821079832013,0.00597778783941628
-0.0633652735186438,0.073384751635506,0.0777578269718538,-0.00159005330531834
-0.17970177587897,-0.0355183737097884,-0.023163164310098,-0.0131021305095928
0.0465025405520459,-0.0389305050306562,-0.145631001347816,-0.0208074029904091
0.463605073230452,-0.0635785359915686,-0.263738379894931,-0.0168607283559586
0.522301536399672,-0.13043350864665,-0.325184794899352,-0.00332912404378632
0.195472994608909,-0.156511795523015,-0.258315036699844,0.0095357962918649
-0.116121865774985,-0.137317693749384,-0.0912174939484065,0.0150130091828101
-0.212398992885787,-0.0801790022003929,0.026997759161327,0.0144160302197915
-0.149281886707329,-0.00396702848852079,0.0292898132525032,0.0114362186507429
-0.0393270802084534,0.0134432026337319,0.00661935604323899,0.00708340630409504
0.0325850286477276,-0.00485749280217426,0.0304113751047182,0.00134517195985931
0.076149662951334,0.0120546026616927,0.0770080715160689,-0.00388824137600625
0.102500079649829,0.0413121629849062,0.114697990355556,-0.00625750359668767
0.0394386113643239,0.0645071235734883,0.124372924429735,-0.00496307177427547
-0.0921108181574956,0.0757511159651114,0.0947443088051956,-0.00137548262019179
-0.174809564913649,0.0479576555312894,0.0584163678647436,0.00175228986178737
-0.156931832346829,0.0252351386801625,0.0583050546299839,0.00297000152669052
-0.0994349413923897,0.0641219912492572,0.0835049909011795,0.00258416452380546
-0.0606910113363274,0.119230302448094,0.0837140753631651,0.000549935712387622
0.0233805380205227,0.128195641007173,0.0182642275798002,-0.00334536273706618
0.153209748098515,0.115177339720613,-0.0760937638920948,-0.00742785102966246
0.183782431465746,0.0828257142418821,-0.122345721783363,-0.00880606048622093
0.0838364387861391,-0.039251678210097,-0.123442630920035,-0.00744924786647974
0.00761170145452832,-0.198867019350296,-0.129467689759413,-0.00564834810525468
0.0229117675233586,-0.267253715968698,-0.13807743275443,-0.00293994705831058
0.0302416560586645,-0.2474132068776,-0.123019525455568,0.00163011864300678
0.0442519449333553,-0.199034618274846,-0.101102620953005,0.00567450357541149
0.133395227797521,-0.121556447868754,-0.0769241777239308,0.00646528813038315
0.171278930845382,-0.0190223264693568,-0.0252511449779633,0.00434146706258793
0.0904890008950242,0.0655278312075119,0.0294166367765475,0.00234876019770371
0.037502512503182,0.0941913129230442,0.0354087825507859,0.00250031590326532
0.103467944180166,0.040399179005211,-0.00612969895763441,0.00419422082621362
0.219956972827289,-0.053055490968719,-0.0500562181095916,0.00668811456312051
0.145919238856697,-0.085647690995219,-0.0569720967062401,0.00828046389887418
-0.192277878725566,-0.0408461207787901,-0.0332663450605396,0.0043197044395543
-0.358463963568832,0.0172461492211071,-0.0187591527830005,-0.00626075176085315
-0.167460768127405,0.0528349178505147,-0.0120547325740653,-0.0156869318593227
-0.0652473779459661,0.0222751486745685,0.0269464872548986,-0.0165073813719843
-0.198938723816233,-0.100423309386775,0.105165684387992,-0.0101777559946488
-0.253565378309767,-0.216491488515809,0.179508673260509,-0.00195530989601377
-0.176767795141002,-0.245707358141043,0.210349024309318,0.00501036397203802
-0.0791536312412848,-0.219749032477121,0.187219663027963,0.00905340292331027
0.0581006363813904,-0.164620296203914,0.122217252819989,0.00974854494621503
0.186502777033488,-0.0881734185959676,0.0401025987297909,0.0084038407298859
0.264592666170787,-0.00941650714813802,-0.0362390268850928,0.00571228303999555
0.312023415999422,0.0856092599538031,-0.0805604386606543,0.000574646011520292
0.215934370468669,0.215000086513846,-0.108456732479939,-0.00638978296680781
-0.0237668090612903,0.338175314816578,-0.167131393416826,-0.0114418342850985
-0.134165656573179,0.37099446927432,-0.215680538212942,-0.0122419443361219
-0.0651777322530712,0.241685029845406,-0.160823446021939,-0.0102032407965189
-0.0321923487349904,0.0197318704468235,-0.0251386511131027,-0.00720553205833435
-0.0704868841072004,-0.110121780552479,0.0817944300377241,-0.00309352523738619
-0.0742063401616348,-0.0879823736195222,0.102733059328749,0.00271922724564429
-0.0384793404567584,-0.0389324414227725,0.0671786628270215,0.00855661639500433
-0.0209754012900669,-0.0560971345854903,0.0430668955055096,0.0107507065945626
-0.019989654471774,-0.0784758073905488,0.0317064841398321,0.00778588078598971
-0.0457665858962965,-0.0889996013120837,-0.0113804130250473,0.00274118101484208
-0.102604534906219,-0.138851893983367,-0.078500894217795,-0.00117380481300151
-0.123781733770104,-0.165400592454291,-0.113684966946017,-0.00490615610004496
-0.105347378776977,-0.116595657893514,-0.0788122394057573,-0.00904401629567983
-0.107787359553702,-0.0412163843698894,-0.00613122473037234,-0.00961964744566517
-0.114696023652331,0.0363760357824959,0.0542769065783429,-0.00312764549104679
-0.0445417598982217,0.0950509503730691,0.0874128855067783,0.00782780900547621
0.0702155582401054,0.0912146791764632,0.0916768616138389,0.0164592518921022
0.123870725024957,0.0263082039336878,0.0689381538154666,0.0181642522659848
0.1304211925015,-0.0805689254875319,0.0436305368827749,0.0132918294852387
0.113167401321143,-0.17681883003203,0.0417684294995523,0.00517077093507164
0.024533346779322,-0.166295814111461,0.0494372479387006,-0.00233879767478111
-0.113269302792754,-0.0763873807548881,0.0440113123721603,-0.00656086913969133
-0.193901815919644,0.00841460025080382,0.0324624545096056,-0.00712118805508161
-0.174666981081132,0.0971808957777329,0.0338633331095521,-0.00511915781988554
-0.0886989209780307,0.167447485353392,0.041021671441242,-0.00256460856312092
0.0573665785499165,0.167182381603586,0.0104301911581696,-0.00204489010368966
0.161555975385198,0.13716778602246,-0.0620178281322743,-0.00405239502231401
0.0870675165827645,0.134368379795804,-0.135557000000799,-0.00596912948997458
-0.0650783469654349,0.113809840006725,-0.188422727209177,-0.0054892683800226
-0.0445255789922676,0.0041144275265254,-0.203234952218149,-0.002772215139294
0.149234170067111,-0.14515738602187,-0.169194272122729,0.00194403512662582
0.187482038163881,-0.208887915184087,-0.0955560167340044,0.00767684298555775
-0.00316924900018528,-0.145482908259233,-0.00672495158401507,0.0113443020620282
-0.139593891118693,-0.0210207415156509,0.0640928035559205,0.0111055352509667
-0.134693006837273,0.0803745770249764,0.0981007112966819,0.00747345944241512
-0.104919603695657,0.116471118707116,0.0937977761588879,0.00182761585455058
-0.0823377962561926,0.0951030469494173,0.0562042805289039,-0.00429729904174438
-0.0369870578155816,0.0514939618593257,0.00236306643694087,-0.00897887395704699
0.0181931669135991,0.00869363003470217,-0.0413296503046685,-0.00988051799100973
0.0572263260916143,-0.0203330047223259,-0.0610170196059861,-0.00649524545671535
0.111533231647791,-0.0471664614296343,-0.0615836193230055,-0.00140650793026081
0.185446284582245,-0.0984761765200672,-0.0439478254365899,0.00249749074126562
0.157423448112706,-0.142614463792628,-0.0154511059395624,0.00481450519362181
-0.00576912364504917,-0.128840645089272,0.00743284483519289,0.00601041082722266
-0.123577172001099,-0.0752898061696022,0.0233334080858009,0.00598251083565743
-0.104268844376383,-0.0329449072161938,0.0331656603743281,0.00533916558251602
-0.0446052627663504,-0.00398937237111936,0.029773872072534,0.00484225011225699
-0.00293273586457951,0.0371176524050272,0.00683217195757557,0.00394385446519669
0.0333025964484956,0.0693311417313534,-0.0316737884767281,0.00173196227563883
0.0610400862337871,0.0721120960911305,-0.0652561198497806,-0.0011250673302071
0.050415738305546,0.0773874693525698,-0.0570337028462164,-0.00293311807227803
-0.00798730348521284,0.0909999867662423,-0.00193351414798286,-0.00335484299785539
-0.0520326862788845,0.0919892551022821,0.0392616243617373,-0.00313480004286221
-0.0465658998902714,0.0684433257980313,0.0227142521379847,-0.00181563963109761
-0.0345111516582434,-0.00184872845630561,-0.0203593958737631,0.00123831488581134
-0.0239709655526952,-0.0830893716064386,-0.040934344208175,0.00432322711908544
0.0235844061082765,-0.088802817828681,-0.0253090883202103,0.00491402883797078
0.103642856863352,-0.0216067307073896,0.00610383853581913,0.00301786317373729
0.173177934126123,0.0324015009135556,0.0278667687043855,0.000311070252163652
0.16751558909807,0.0284606426882947,0.0366463895449863,-0.0034847920158829
0.058754717238495,0.00636369734913317,0.043395066850321,-0.00906222061548518
-0.0331545379190321,0.0128306077204772,0.0453792310462742,-0.0127090706487861
-0.0379178812128418,0.0418219617793379,0.0181444504035108,-0.00995737793001646
0.0173905974219443,0.0486951293239691,-0.0492232177375523,-0.00308038840691235
0.114180698090036,0.00351028898501152,-0.102833615531398,0.00226124861174196
0.177643489560557,-0.038061971721517,-0.0774966290620952,0.00427488575375072
0.209913125500599,-0.0217601655549679,-0.00553583351368019,0.00418329223168176
0.237157865729735,0.0190612030377631,0.0477543655554622,0.00178486972396439
0.184578435746198,0.0413475288725823,0.0758426201517211,-0.00395507230795215
0.112503530185277,0.0296445124066778,0.0723498035003454,-0.0107390592976396
0.118010203576437,0.00846946473204311,0.0267637505316693,-0.0129060914141494
0.0673014448681805,0.0215474615542552,-0.0241239200287106,-0.00613090774822929
-0.0811252425161325,0.0717070585882763,-0.0377322717715752,0.00729237990586034
-0.161736613184451,0.119201039347669,-0.0224251568067984,0.0189688030854977
-0.0929282283418493,0.130269011339411,0.00313724076626806,0.0230257740410989
-0.00816934656455684,0.131430372209684,0.0432649846041968,0.0203148916731658
-0.119117269968741,0.12633106397151,0.0821382673921693,0.0125360137722462
-0.280317761717227,0.0833249468236247,0.0876161474704543,-0.000115410158081405
-0.150702889895605,0.0263608497695579,0.0540778721451746,-0.0131539898861933
0.111005970562648,-0.0042588096329598,0.00838518310708518,-0.0192248077798474
0.165908081609477,0.00498502180417271,-0.020050945619566,-0.0171668410431842
0.111834749580505,-0.00237260059757645,-0.0336232816952535,-0.0108562103190857
0.0870412347970635,-0.0872662665039492,-0.0499305613272011,-0.00392169517047177
0.0409998749257912,-0.163996314917461,-0.0547850769600569,0.00029898283352532
0.000264639332689338,-0.123333426353031,-0.027508310565671,0.000503280772903933
0.0237738342416486,-0.0199388142380569,0.0150679145872592,-0.00112348882078892
0.0503026170650955,0.0494088159945099,0.0412069161598156,-0.00144264157344862
0.0178246856017995,0.0693405306151778,0.0409118087347102,-3.46204111804065e-05
-0.0100108569598011,0.0539892246224944,0.0282968895866272,0.00117434481420359
-0.0013566033253051,0.0424440139384725,0.0210956122530295,0.00169439527309407
-0.00552203980849984,0.0630360292472344,0.0255217339961944,0.00233189748771917
-0.0518610080916106,0.0626000094931931,0.026140363336691,0.00283451495083632
-0.109920276670628,-0.000877424972559032,0.00917563784583859,0.00245897188475586
-0.0970113866844116,-0.0672403253239847,-0.0172486548910509,0.00107465080511174
-0.0190406326674443,-0.072015462735529,-0.0194162134090284,-0.00108944480928611
0.019828917217857,-0.0299711360473019,0.0304048162266938,-0.00335530030100051
0.0161071902399923,-0.00163450025214579,0.1001045206751,-0.00448393304609323
-0.00383785806391249,-0.029275867110077,0.135162063101608,-0.00377963944471653
-0.0910776618748087,-0.0698125413210286,0.121729538051181,-0.00160427576266277
-0.19292575106226,-0.0592074435297412,0.0935250883606074,0.00138653573736543
-0.226039565749934,-0.0266905087309709,0.0798617529251498,0.00432016141921128
-0.222027298014383,-0.0142439166243035,0.0603002131281057,0.00580107485232275
-0.181110784843567,-0.0202221216405436,0.00139913792452076,0.00530645171350246
-0.09027083735162,-0.0405971027797254,-0.0784012898347469,0.00383568062786713
0.023701983452853,-0.0584628953525538,-0.110049110481329,0.00219777972066058
0.131905570641049,-0.0528579212209757,-0.0717356333308869,0.000490661659225145
0.154918445129032,5.16098866942954e-05,-0.0304021748851084,-0.00120625017235653
0.0487543715041396,0.0826690241450901,-0.0226320642514001,-0.00289984929136978
-0.0779541397685187,0.136963424720713,-0.0109820917510004,-0.00501417529601909
-0.0513754785335247,0.148082319265825,-0.0007209675867723,-0.00691556047835237
0.0692244850224445,0.137718532453606,-0.0166963062138969,-0.00653716805851766
0.0272977101895209,0.114737005328309,-0.0288843779062143,-0.00413623265442825
-0.18555685271481,0.069775295964154,-0.0155150205203634,-0.00240845098868546
-0.303984209081023,-0.00957949304530448,0.0132666422589372,-0.00186529662806568
-0.197997085248045,-0.131771147493131,0.0288579015427372,-0.000942453877401043
-0.0345283931832585,-0.230036248368345,0.022442625820239,0.000226181559206421
-0.00397492254385315,-0.212278520021298,0.0283657571827905,0.000291573588242347
-0.0594115411707158,-0.129208792548689,0.0463060845499955,0.000266971194172481
-0.040371939514032,-0.105670846376015,0.0482513784811239,0.0027724914210183
0.0514387904871701,-0.160966097366318,0.049258388497911,0.00741721311170124
0.10559185286288,-0.198733216119078,0.05681051388816,0.0103804879971033
0.0953771253818938,-0.13137861766173,0.0366755745963057,0.00925857711451561
0.0927182049753054,-0.0182867451474277,-0.0296863941305904,0.00520125682822113
0.122510676987307,0.0266179612477746,-0.0985842409652075,-0.000551784217603784
0.118654319186818,0.0232207584781597,-0.111889301652868,-0.00833553726930813
0.0524912745075136,0.0379387268785117,-0.0857425641207939,-0.0158735710101424
-0.0619269842102915,0.0855152291826202,-0.0755210352684781,-0.0175347628928382
-0.133530137999488,0.14934705616003,-0.0848656083337368,-0.0116322047514796
-0.0888272085416635,0.192003572258354,-0.0676767079951433,-0.00282981309189676
-0.024663914274141,0.197306196697669,-0.010137731434853,0.00394336629982859
-0.0229980150835393,0.171462152554633,0.04131027321504,0.0069522852141028
-0.0749418925086173,0.10762181645689,0.0491069162478795,0.00561379184875851
-0.0957029353319823,0.000789036711092428,0.0173176252779638,0.000368719347746076
0.0344078622137386,-0.107116970636665,-0.0409776116558248,-0.00560327320982823
0.194273728660145,-0.141575241483649,-0.0937319138626996,-0.00907828507894745
0.161130659875564,-0.0871954261595688,-0.099951309757439,-0.00876903306516809
0.00575499636710121,-0.0140747565253505,-0.0733766105329755,-0.00404511015042251
-0.0611374543094223,0.0282590963768225,-0.0547073346533444,0.00372096037052287
-0.0202759162998366,0.0557495751559918,-0.0415762956438547,0.00961490066470883
0.0215051410052489,0.071922890367201,-0.00719255190672143,0.00898289251228414
0.0675700912269577,0.0398887687355761,0.0478919436923076,0.00246770596372271
0.169934212604821,-0.0379569182436677,0.101417848609065,-0.00330215409683568
0.23496673495495,-0.103290545738609,0.137084919933743,-0.00259777237231517
0.143190090002459,-0.129153744328603,0.144634652199555,0.00173664955520295
-0.0720119508315395,-0.142573980404378,0.111817591473136,0.00375623447863175
-0.251627439140605,-0.150934311569637,0.0604363913967739,0.00300842283091267
-0.305611514689426,-0.114949380477665,0.0479196032377162,0.00194868811060364
-0.280615063000154,-0.0252184715986096,0.0474510753008151,0.000951920449186555
-0.197967038301068,0.0840434451018388,-0.0250443263031333,0.000332474627815802
-0.0667233656651011,0.151352987837099,-0.136790027177135,0.00219068906129314
0.0853054650066923,0.142058681007091,-0.185174970052737,0.00556682304964614
0.23842223213965,0.093877929393923,-0.159702059375249,0.00639194038069405
0.344105610470235,0.0572688804865508,-0.120303066936899,0.00321695067925152
0.351352384270693,0.0692766615887339,-0.0806252272095236,-0.00271731067831603
0.233522868940453,0.0942294050901542,-0.023004278227841,-0.00940414248477232
0.0120477162293425,0.0723418762450212,0.0280937363784561,-0.0143782634047476
-0.175598123329054,0.0307493685772962,0.0438956695558216,-0.0155293068836021
-0.209533871176184,0.0139285986511503,0.042719771928359,-0.0124046212036843
-0.147958189043293,0.00841889567432015,0.0514989777601614,-0.00637145879855124
-0.0852952583332705,-0.0339476078731583,0.0600028159192739,0.00141017981696782
-0.0430612064418197,-0.135216765711059,0.0523161355272197,0.0102083372497247
0.00600180156098445,-0.218588564730833,0.0424402022229028,0.0178887236083235
0.055243133029245,-0.164551938158144,0.0427461775084953,0.0220125526864499
0.0569657039199648,-0.0241252333075934,0.0428564569467838,0.0224848626231552
0.0205630509138368,0.0490973165479957,0.0233865627944866,0.0201894293244399
-0.0318892632661126,0.0443322189893479,-0.00839533523848936,0.0148089244992419
-0.0510838689876644,0.0341324060425899,-0.0229298708374355,0.00665196517633389
0.0206490866859971,0.0337645781466362,-0.0239668690848808,-0.00156164928605504
0.122230060664653,0.0310483923106231,-0.0312567578717372,-0.00686901877097319
0.17314261294202,0.0271260777439161,-0.029447167161609,-0.00889530837411001
0.134252877557306,0.0441160740452042,0.00335039452393847,-0.0086267939497537
0.0239309941786279,0.115013300876974,0.0422387224071114,-0.00687647535058002
-0.025088666516129,0.192191893000045,0.0480736326135422,-0.00476595878051497
-0.0025164486196852,0.204894362549882,0.0264668107627428,-0.00257752282764008
-0.0814404955566651,0.192576644086999,0.01574693821433,-5.5218225820863e-05
-0.29022012867983,0.186932055801669,0.0324537368193543,0.00135341877425287
-0.393880318285124,0.129327212198756,0.0460166225953649,0.00110472668931461
-0.208994448789262,0.0152670389608544,0.0275579926817831,0.00223705060725606
0.141997284767164,-0.0916255080320796,-0.00506704240908945,0.00627567124317077
0.456098741646185,-0.186677850428867,-0.0205465887238057,0.00996494334963258
0.557106036152921,-0.293847010461124,-0.0128026267507972,0.00905219567836455
0.392383927261565,-0.372166706653811,-0.00268760364364629,0.00258513169757527
0.191864006207783,-0.35772388930234,-0.00155591354370657,-0.00528693739070453
0.0566089326472348,-0.252460696909408,0.00666287656588804,-0.0102454438667449
-0.0906984523950276,-0.114785774121045,0.00765077634014059,-0.0123459781206813
-0.125405322746769,0.0103054558756399,-0.0325847187112255,-0.0109859325709279
-0.0269830422591476,0.131694362405951,-0.100964514939743,-0.00390227246700398
-0.0198843376312479,0.254256380461698,-0.153319542018361,0.00576116401401729
-0.129818468964911,0.330740107465427,-0.165951627988638,0.0109151740553456
-0.194934943694146,0.320677754809726,-0.142579500555709,0.00875431762126385
-0.172064374890677,0.231454707975622,-0.0860806142084318,0.00167061969423279
-0.0976810010735276,0.121245960011608,-0.00572025049033328,-0.00648335638478102
0.0462118731594974,0.0544137769276205,0.0618020932683931,-0.011593699332885
0.206368408073817,0.0354926335827055,0.0848129439092526,-0.00991550761812704
0.243566760607,0.00386805143165164,0.0749225663218388,-0.00227445864613869
0.160604817767524,-0.0909805455624632,0.0566244295364288,0.00442938291783315
0.0642352201476356,-0.206597037101255,0.03274530758492,0.00521200052729053
0.0289850320540995,-0.257153030785451,0.0174990046519898,0.00257970371292041
0.0551185224490878,-0.219538970248544,0.0445325538432567,0.00137671676186933
0.0724078303948195,-0.138192811506937,0.102815911566053,0.00228943529038275
0.0933175726705705,-0.0588973494148151,0.140120815028084,0.0015600498476751
0.150380749231104,-0.00683052927222889,0.134345875864699,-0.00288253726883669
0.113531476370255,0.0108853094901583,0.108480979363358,-0.00710872990473818
-0.0634904908437708,0.00108694642508205,0.0883590576439481,-0.00705096995760084
-0.198000793872555,-0.0134726492948481,0.0624022288577149,-0.00407498793554581
-0.210504968456465,0.00224823188046054,0.0106878678017969,-0.000943025677752328
-0.181703064536106,0.0511773725638404,-0.0606509973507673,0.00184024779096861
-0.15344810465662,0.0790671731072982,-0.127654351125352,0.00364734185991313
-0.0530048032169082,0.0363338504265133,-0.164614081767865,0.00209750681488426
0.103515517879731,-0.0233727179327818,-0.150694120421223,-0.00360515223321137
0.150077483615263,-0.0130875413303575,-0.0829639705298716,-0.0100357541120045
0.0986066285100652,0.034175383818125,-0.0129365397773026,-0.013079293533824
0.100629862878253,0.0268806956597667,0.000773284613133945,-0.0111745719905593
0.219781166731232,-0.0478550162136387,-0.0360169385148288,-0.00382822627105934
0.299316449232773,-0.133700600205021,-0.0724881873196667,0.00796586399230598
0.152084695655889,-0.167390926310809,-0.0651289249255885,0.01820403040347
-0.120902390382414,-0.13309077920269,-0.00897345147234811,0.0192845180779705
-0.336375235788409,-0.0727454860197831,0.0551346416447482,0.0108778734688621
-0.376576928819605,-0.0304565416297004,0.0689328404533494,-0.00034388533314076
-0.215832669216472,-0.0229887265454785,0.0248739456202929,-0.00837657507924958
-0.0497772625352448,-0.0124588063523309,-0.0158861951145506,-0.0110741855369282
-0.0426661092010322,0.0357846882041541,0.00286054885453707,-0.0087264558222329
-0.10125983245108,0.0793271577721805,0.0671598513702319,-0.00274956625071367
-0.119030368987755,0.108743606206354,0.118961239760388,0.00430346379750055
-0.118039413376364,0.117304200920178,0.129834659965197,0.00904040514102932
-0.109459839984622,0.0588066585870274,0.113412405028115,0.00889006208122348
-0.0771204115186009,-0.0016793531312716,0.0845796016404105,0.00375134672970187
-0.0265229386170918,0.0158938390265718,0.0447735855958388,-0.00321290454227072
0.0475005339170134,0.0673818234690881,-0.00885459563043242,-0.00627690087991822
0.123121640320276,0.0850331731693134,-0.0564623544896505,-0.00148579048975432
0.0877631481246067,0.0808348066541169,-0.0739687693887895,0.00833779309982763
-0.0499976835974933,0.125580616601986,-0.0757458341118174,0.015733662614942
-0.0854586877564362,0.170922431678412,-0.0784532025821349,0.0159606844492807
0.0236640702957997,0.081445513994107,-0.060827257118191,0.0104781881859221
0.114676414027514,-0.128466836048329,-0.0108475634551095,0.00379126896832802
0.0926935824631304,-0.308278075759966,0.0422987412707278,-0.00201377361182204
0.0185871654155788,-0.30727625574065,0.0715081886983711,-0.00774958139069188
0.0190221833808233,-0.118353384104654,0.0594471884441174,-0.0123588816265706
0.147212547032055,0.070216458045925,0.0160728790323434,-0.0129913553210454
0.286808374176238,0.104342181966209,-0.00621914861120496,-0.0108697988509197
0.246140786019606,0.0619276560978693,0.0100674465163964,-0.010234982797233
-0.0519661294508589,0.0691548567272508,0.00751791639436405,-0.0112206607746065
-0.379021832487816,0.0737051704374542,-0.0601644645005561,-0.00887216367364587
-0.364783251932221,-0.0192863013961941,-0.130957921318536,0.000692221777855617
-0.0748213410963534,-0.132142279713567,-0.114891399062991,0.0141948650103184
0.107115473301362,-0.136574370933105,-0.0327433259921447,0.0226595608748358
0.0657685240322293,-0.0422036999574035,0.0352747742834007,0.0199257495586613
-0.0309201199324831,0.0770255768904078,0.0656534700731273,0.00910290360803435
-0.0600298222210171,0.155230675919196,0.0742822817000544,-0.000290239825724944
-0.0521138866567461,0.16636457938134,0.0601699875646861,-0.00215194492511084
-0.0472595773287296,0.144034462618251,0.0237658555220212,0.00107558768409015
-0.0327700602910681,0.103396568227848,-0.00722440888597127,0.00248113172648789
-0.0370760962452975,0.0384194400476659,-0.0136494826520153,-0.00184135498790792
-0.0786026158490031,-0.0116469209279063,-0.0176082615955517,-0.00832843695638801
-0.0950160217815498,-0.015703943616853,-0.0210319369497259,-0.0109722697505931
-0.0724898869140125,-0.00431388872564232,0.00637344256132135,-0.00931125127939378
-0.0292751840742987,-0.00643422055073021,0.0411202019272423,-0.00677864246891577
0.062554618351761,-0.0093504497009805,0.0393171564218643,-0.00546484904232259
0.183200282251667,0.0310826228403492,0.0220677788478943,-0.00473365351531349
0.24829669776029,0.118060077550588,0.0167667704859342,-0.00221289576729794
0.21299305536262,0.186498916185692,0.00468810436279664,0.00195273185683716
0.117639919748975,0.171757032459846,-0.0229259793113958,0.00405592595434816
0.0168020129585085,0.0636602872668417,-0.0411584804594703,0.00195530801594989
-0.0345880809516915,-0.0564610539157138,-0.0437934653521525,-0.00222853036867159
-0.00394119815031531,-0.121594958207107,-0.0554792386880733,-0.00426339370258327
0.0345765356181003,-0.146523770806187,-0.0640364418628968,-0.00203443954296157
-0.0189295328383074,-0.135825123502868,-0.0322864189859988,0.00259319165434952
-0.159891067087877,-0.110488850053945,0.0145322566750311,0.00576404125185489
-0.253543652617705,-0.100700878578817,0.0218115387030868,0.00505828682692032
-0.176341281011909,-0.0896573999529598,-0.00959885336564718,0.00247190597362148
0.0215305979755066,-0.087167613563588,-0.0354322789840559,0.001424851287137
0.147131957307264,-0.0857542022012035,-0.0141925979619115,0.00153621800130478
0.0573629827932363,-0.0033645313298474,0.0492221014651944,0.00119625629987297
-0.125731738177833,0.152158945529122,0.0934550668443663,0.000759456621875724
-0.134101933841919,0.25681586046366,0.073822322345708,1.43848243315189e-06
-0.00383271431624087,0.258682209058742,0.0223277792172541,-0.00164245423537384
-0.0087797660429099,0.193739244833115,-0.0122507423002574,-0.00316550963249808
-0.148128499335046,0.0957702684488838,-0.0165983855222968,-0.00383415095852793
-0.169346629715605,-0.023437682876453,0.000891657607837793,-0.0038719584912088
-0.00361715716058031,-0.149379304810405,0.0179881910989071,-0.0033718345373533
0.101678492340842,-0.212717804598257,0.0167020145084698,-0.00227158650861587
-0.000582104783449312,-0.170430269396708,-0.0141623611877926,3.78863115285013e-05
-0.0943694242244422,-0.0916124976436034,-0.0592477688539385,0.00404345764592849
-0.0344803739184827,-0.0528000340231324,-0.0767583247936823,0.00817712221434701
0.0464456024779691,-0.0320498612759249,-0.0549465175075349,0.00860548275662206
0.0717343946686705,0.0339690752074945,-0.0213819351346609,0.00256665129550582
0.0772912510722804,0.11846562755657,0.00613633102973854,-0.0071280497093964
0.0608740299499303,0.143873872210713,0.0353415167531141,-0.0137887696054263
0.0303972842823023,0.101902008576291,0.0538177392016463,-0.0128193829052575
0.0127639615224808,0.0128724359971424,0.0417417055267539,-0.00501256857743063
0.0235930870316918,-0.082643456530548,0.0220079662995799,0.00437200926716444
0.0715331439388584,-0.122399860929678,0.0210479689420975,0.0109333839885617
0.0969913335665651,-0.105673461065391,0.0298608945345237,0.0144436992954149
0.0513323427536953,-0.077528424857799,0.0289147999557041,0.0161430702973213
0.0119616144239838,-0.0644392309822589,0.0115885457763836,0.0169934212814006
0.052106312003562,-0.0477666873846703,-0.00508500211135738,0.0176499155671082
0.109451459828275,-0.0140535125301739,0.00165219291688289,0.0166300489252004
0.120340894321326,0.0250245626997282,0.0225822410626573,0.0103472957459891
0.0664004811189881,0.0637155538603908,0.0321108708884754,-0.00294495799493573
-0.0669995372322283,0.0810423721915512,0.0378370004409597,-0.0202206734620481
-0.229080141367523,0.0744655446843342,0.0419816521432917,-0.0347836734586874
-0.306617608604658,0.0595943859899763,0.0150403470726722,-0.0391733408450217
-0.199609337614616,0.0351936420244765,-0.0278867458098616,-0.0302420983815008
0.0231555311617362,0.0059213563590905,-0.0488947451012436,-0.0130247015142427
0.158559073153605,-0.0289536418614733,-0.0520184751413807,0.00315039453393291
0.119206243403896,-0.0626269225267195,-0.0506111394797367,0.0111219782089223
0.0163221902235601,-0.0746896368391286,-0.0651210161205316,0.00996102364747811
0.00929378190623755,-0.0604567361553583,-0.114057333893858,0.00589446720633368
0.11566179179229,-0.061053287429364,-0.151223552499027,0.00607007277444294
0.165313631553078,-0.101416309371035,-0.116871166206352,0.0112398859960729
0.0388220370780815,-0.115932167405995,-0.0347331985949608,0.0160422008640571
-0.127638986706422,-0.0736654538038956,0.0282323341567389,0.0152707167759505
-0.191698470681677,-0.0166580609946859,0.0497431832251933,0.0090711466324949
-0.163842768563814,0.0339161134391049,0.0453441235577028,0.00171717924618277
-0.0533341413692875,0.0705847988938502,0.0310931585575816,-0.00343196033600009
0.109707922904306,0.0822652933791942,0.024417976761492,-0.00636052303573152
0.201826307807753,0.071879043603378,0.0322412864132414,-0.00844185466565421
0.128938891954066,0.0490808169263717,0.0458071242477173,-0.00987520915367686
-0.0141694986775738,0.0248984250133552,0.0594781642783025,-0.00970494392807257
-0.0482618579792161,-0.000269526620851737,0.0762681565505402,-0.00755527758084157
0.0114906876930482,-0.0399511403449841,0.0878164182340465,-0.00413258680963119
0.0253230279514233,-0.0883600435230538,0.0726926247315881,-0.00118383296240925
-0.00738652017456175,-0.110384340057733,0.0413285811746608,-0.000804675250706974
-0.0315458168005916,-0.0802355593942418,0.0107913116871446,-0.0020761102212479
-0.0717274333135143,-0.0254225042874387,-0.0489091883967588,-0.00132894405129872
-0.106530215817756,0.00448466524509976,-0.124299883178639,0.00174450908941873
-0.123212828262,0.0147111999979791,-0.136689319576842,0.0024755583767405
-0.191641427921564,0.0250029603604585,-0.0828239408028912,-0.00222558599452673
-0.191073769123161,0.00878463588744068,-0.0267843439625219,-0.00908625324614656
0.0253213408665223,-0.0173734892967384,-0.000595103921241492,-0.0113399330415012
0.234278306424064,-0.00225742770506158,0.0123478243271382,-0.00526534684249542
0.257728184740991,0.0057113326391708,0.0393319797630365,0.00563168984700627
0.228893686193506,-0.0310490087183972,0.063488092027672,0.0137606883403199
0.160376172591122,-0.0410275061323754,0.0511437069529954,0.0143614152088415
-0.0152852844580246,-0.0186425546248711,0.00273291624588241,0.00856152827752607
-0.132666658911888,-0.00976259468960187,-0.0595589572218287,0.00172636546556851
-0.0849449904449024,-0.00764768351638337,-0.0947597377670585,-0.00033179248589914
-0.064249914761583,-0.000283001871010106,-0.0703346203458566,0.00317878544706493
-0.172818431017187,0.0303805792729535,-0.0225349936745298,0.00685126763352136
-0.233762280521652,0.0800339773233226,0.00370757066252637,0.00514621407815833
-0.159810559983908,0.103260344361079,0.022137064792177,-0.00182075481498371
-0.0780717321307716,0.0817563991166731,0.049018236969353,-0.00869277518146748
-0.0584093166541651,0.018433457346132,0.0710621389794425,-0.0110084973779708
-0.0556991237180162,-0.0546976304769158,0.0717313132417226,-0.00818675780448336
-0.0486644755250801,-0.0767550064623409,0.0492518833606218,-0.00181047868429836
-0.014748701785013,-0.0621395781059107,0.0153636306930963,0.0050397877103116
0.0860069763667437,-0.0802768257897683,-0.0151627808247099,0.00876922177948184
0.195784954429979,-0.117745132421334,-0.0340778341725292,0.00744295742794079
0.200576410653448,-0.105844307237416,-0.0377631871427448,0.00251433158792449
0.0818366263236683,-0.0570576513576822,-0.0252245776521412,-0.00186214248482013
-0.0395758110479734,-0.0121068716260839,-0.00594712306684285,-0.00234322972674382
-0.0526235611231481,0.0376166420145561,0.013084659713988,0.000799962330715375
-0.0158965558553863,0.0920677911679344,0.0362326881214389,0.00423776424654595
-0.0240839625619484,0.127908656915138,0.0585321760874239,0.00481801675956358
-0.0502967316134468,0.105525757304565,0.058856137621082,0.00250328048468859
-0.0226170641777476,0.0219150920701099,0.0227870523796327,-0.000287733214945458
0.0675177637506631,-0.0202364263307325,-0.0183280694922455,-0.00165432522022476
0.143655351929464,0.0460220254228969,-0.0240224456262443,-0.00191388204949303
0.117292897184508,0.139208669221869,-0.00295046486823541,-0.00238445350951823
0.00154607634932413,0.187940271324067,0.0216635595658367,-0.00310579149394375
-0.116949503718814,0.203437566722569,0.0309863018126284,-0.00294889885785965
-0.177740597660636,0.16745407892902,0.00759244874952082,-0.000499665302913938
-0.161553459739366,0.0566180852399533,-0.0362956682150002,0.00399269374651542
-0.0884993575410783,-0.0533712262301829,-0.0652118699537173,0.00729366411010079
-0.0329325518204468,-0.0843164946958017,-0.0585402191169053,0.00638896335776415
-0.00570101291097761,-0.0852278057007241,-0.0342155726099915,0.0024129478436504
0.0458503150856684,-0.128297615389159,-0.0274519608305828,-0.000348293736318401
0.0609599517721422,-0.198359505151579,-0.0372261432570666,-0.000426604542260326
0.0146710350600124,-0.245670173886783,-0.031450174169928,-0.000788589799840103
-0.00138879519756296,-0.216397737450619,0.00448299236085441,-0.00314566963642746
0.0187993698535548,-0.0953230532221864,0.0468476853832419,-0.00525989156134693
0.0164597915892988,0.0404711875449795,0.0653217821317233,-0.00523783800020981
-0.0309330545761787,0.125900116513609,0.0675644939647635,-0.00426864873053535
-0.0683305891179763,0.161514226535132,0.0689596358137785,-0.00343591659450224
-0.0196565718099087,0.147679318554147,0.0595486362172265,-0.00169286423225669
0.0229018723225498,0.125334139230466,0.0461517662186569,0.00127888931585508
-0.05672526843959,0.153004064643871,0.0454093846311541,0.00320289916967205
-0.107015944985186,0.184450202217389,0.0351168308709525,0.00203899954309473
0.0104828327192271,0.14859590932958,0.0128608990261592,-0.000763474957052795
0.131805585391125,0.0520558232714164,0.0120354060978987,-0.00232798786218621
0.126280947362511,-0.0717199780638329,0.0250275436685454,-0.00170146655294612
0.0715401830108768,-0.158829046746668,0.0185208795405324,6.10436221090988e-05
0.0441149823067366,-0.150598659141784,-0.0191328125870335,0.00109556802265548
0.047895424972143,-0.087411083768562,-0.061656589225415,0.00123334719244065
0.0616439076024773,-0.0172306367301882,-0.0794225933888646,0.00206496440431816
0.0529536445381165,0.0472545779518168,-0.0788022230790924,0.00345328546109717
0.0466161770079155,0.0588382702637478,-0.0800111300914548,0.0028582079741037
0.102305121253608,-0.00244957326686215,-0.0913650131562784,-0.000436991553633104
0.103237757384241,-0.0687851975362729,-0.0842232959185281,-0.00325246128299732
-0.0623688671626363,-0.0704870662955148,-0.0313258428950882,-0.00326485407367154
-0.228659182030121,-0.033709114678814,0.0298111687898596,-0.00181846938984219
-0.218479384343415,-0.0101980890059883,0.0543386190283783,-0.000313542855124845
-0.0420364149453705,0.00578398727121446,0.0605064414706277,0.00179203407608505
0.149230901111199,0.0378602772206256,0.0783814411808572,0.00557584719298245
0.175526744836516,0.0751493450562474,0.089865447023956,0.0107482141263549
0.0799776614381608,0.10627989898064,0.0603702864429824,0.0142656533101749
0.0155380245385858,0.127649767199594,0.00189680690207904,0.0130705813384155
-0.0349026359267309,0.0964553872791581,-0.0400722100069792,0.00723866977639645
-0.0836310624782925,0.0193651726027795,-0.0473565341210066,-0.00143509200227992
-0.0581284990625989,-0.0440261890471377,-0.0316254004088613,-0.0106880235570414
0.0123351733964578,-0.0887614054353946,-0.0079456287949517,-0.0187131037732096
0.0848740706988879,-0.124101407326416,0.00840110980272925,-0.0245821299650275
0.0969370166233055,-0.111732738126175,0.00907213211028857,-0.026315505990424
0.00466092421374083,-0.0452962543685455,-0.00260721959133332,-0.0221114534865126
-0.0295004706990832,-0.00754859326323837,-0.0213900275955861,-0.0124939149629509
0.0261709983867509,-0.0323672084824663,-0.03689648897598,0.000111530187601249
0.0255197861654876,-0.0427964244014721,-0.0459563419768892,0.0115988143676381
-0.00613172870441948,-0.0121496378092007,-0.0460522166129554,0.0181941665575655
-0.00158377197752629,0.00714771169453726,-0.0201940123734709,0.0188017008907642
0.0101839946978509,0.00679859017679729,0.0170013246744501,0.0151554055244851
0.0372512289970867,-0.00285407135659469,0.0249866136555325,0.0102627281662487
0.109682391732937,-0.00918466795583077,0.02095242307908,0.00602021049065627
0.134731649934767,1.39248347224424e-06,0.0468041830384395,0.00291310355970829
0.0107254332907118,0.00846185368528764,0.06417121530972,0.000287829262759202
-0.10272174781119,0.00402931493368235,0.025278443904887,-0.00280271478356329
-0.0379014913842879,-0.0237053340651658,-0.0229990643824213,-0.0049325912761263
0.0305794555644356,-0.043552534389431,-0.023165471018531,-0.00428434684469674
-0.026444311622463,-0.0123482644888528,0.00483584436653178,-0.00244099970577932
-0.0520267513876523,0.0416306001158037,0.0133056527926119,-0.00116677168303329
0.0328720689488214,0.0623590331507674,-0.00803673632725287,0.000154577813132467
0.145023329472837,0.0188451892490167,-0.0383947924228618,0.000884907745711565
0.21992252234908,-0.0377611913670296,-0.061329568921716,-0.00134055381895425
0.212132090843622,-0.0302143367676427,-0.0625159109359615,-0.00632951259640163
0.14144901001857,0.0197624468231411,-0.0287161236015658,-0.0110722170980973
0.0696800469346402,0.0666036147964189,0.0205459412925294,-0.0126252001791615
-0.0230999471139647,0.0729310976378863,0.0534873137291177,-0.00928801184794992
-0.168206710716357,0.0159913968532124,0.0596495404688144,-0.0019446967025472
-0.302500875593922,-0.0523328814334894,0.0424056845322368,0.00617291816086525
-0.327694422615781,-0.0858806881902136,0.016033519769165,0.0123706475276705
-0.26415967027782,-0.0805140861721742,0.00285875213584679,0.0154308927679307
-0.158071732704709,-0.0767977963140177,0.0116291763613057,0.01420271514797
0.00927682346030811,-0.100515162635458,0.0282121101398478,0.00789812411703745
0.150670590956078,-0.0822239262994398,0.0517711363134833,-0.0018153469138881
0.171623450930135,-0.0128088987503125,0.0750868487099064,-0.0114571336542448
0.114397423881833,0.0230788522821586,0.0664846992594304,-0.0183063367105121
0.0558761022197772,-0.00354490122265787,0.0305917739809995,-0.0200799475454479
0.0593640101893425,-0.0306739712192606,-0.000684569627830547,-0.0153686421057038
0.081323321015186,-0.00750412907436288,-0.0120196966615471,-0.00662599896007449
0.0399963911859824,0.026396780792767,-0.0110540346413579,0.000991678641481277
-0.0287342023023875,0.0417243439196367,-0.0314275206904909,0.00489587172272178
-0.0555446670395267,0.0542671189947392,-0.083986431846882,0.00726629421753647
-0.0325272355312406,0.055364743311062,-0.124964035760053,0.0100682047253614
0.0142369157032093,0.0304920825979038,-0.128315213024482,0.0115960163824835
0.0487078240402599,-0.0164508724017096,-0.092440566182336,0.0106653818981663
0.0228047677182424,-0.0685160806452342,-0.0161832880695377,0.00835106822831194
-0.0160944191902745,-0.0886802479898762,0.0627919268128368,0.00592406158392594
0.0216118389720394,-0.0613587717267846,0.106993828294789,0.00449770665509632
0.0875170384043882,-0.020152148854239,0.109544488571984,0.00402664823976878
0.0598996752943926,0.0228933264611664,0.0696325789783375,0.00396289629041147
-0.0717960066284626,0.053051498843383,0.00803924088736135,0.00507472714664312
-0.210845467439272,0.0457915556467664,-0.0329391886572571,0.00619969775991512
-0.282861805278149,0.0460475723199968,-0.0380064407398212,0.00156395836522625
-0.230529749188055,0.0781591541566869,-0.0247004914195668,-0.0112110684861019
-0.0554696508442537,0.0936030204508402,-0.00967480138168359,-0.0239530135573231
0.113953654225918,0.0625669547691247,-0.00772131391205408,-0.026854478593412
0.132014467894109,0.0177858920449391,-0.0122023449966107,-0.019017498117656
0.011355045279456,-0.0153063244833215,-0.00846973817217195,-0.00729064294341148
-0.0657303124657265,-0.0465955493146489,-0.00846839661330447,0.0012388619453374
0.0025815822761444,-0.0719814035876235,-0.0114395054631698,0.00486150850430851
0.106276853243703,-0.0905156127705091,0.00296344816017092,0.005951938555572
0.11282447360771,-0.0980365344714444,0.0338752483508071,0.00686771542408104
0.0427396607632477,-0.0856175350707574,0.056463251771162,0.00795912955783735
-0.00662352094985605,-0.0788597601063842,0.0442801366768302,0.00823554246826947
0.0160548029086972,-0.0688472782108764,0.0102161107389115,0.00666411771023227
0.110480019233322,0.000834138404847903,0.0138134853216277,0.00351025415457185
0.166949773847877,0.0936540290387476,0.0623568967060946,0.000752003552103767
0.0791871567442913,0.120894380354382,0.0839702995504958,-0.00106263367903534
-0.0733655435209769,0.114668205856563,0.0372371533897663,-0.00301832373259743
-0.190395188641558,0.129146642205528,-0.0387750471411946,-0.00428364883688759
-0.261481341168692,0.132486126758251,-0.0750354792620429,-0.00341793569307848
-0.269865435982291,0.0879845089252957,-0.0623752654102827,-0.000836444486763192
-0.190823182889463,-0.0278079083779049,-0.0514302474814566,0.0022459342464678
-0.0840315558210759,-0.159362389527652,-0.0641878282244314,0.00452360630083055
-0.00571075971012727,-0.204582399507098,-0.0782547430228986,0.00490143989534367
0.0837324678621104,-0.151638128807498,-0.0694082847684057,0.00326311986162686
0.170555233282592,-0.0515805657052789,-0.0378071404366131,-7.25098682284207e-05
0.181566712618982,0.0455209577695344,-0.00623479418284537,-0.00456877707956287
0.124062936671953,0.105873403571909,0.00588100680612452,-0.00805594091312316
0.0510446418348171,0.120079140842463,0.00317950817686456,-0.00747478610016226
-0.00254261386230567,0.10756903849038,0.0017151698005959,-0.00255276794110147
-0.0218525740587003,0.0834392959606963,0.00525153149654792,0.00343589804097597
-0.0107802483260649,0.036744536760321,0.0142456249366023,0.00725562482098215
0.0349389597273877,-0.057884075263899,0.0357922589600524,0.0080553786025823
0.111333842055975,-0.150727311389914,0.0577345014152171,0.00703402987545688
0.170407111913316,-0.116213541145409,0.061252800723297,0.00562393326413492
0.13808494408394,0.0305370704119972,0.053944663947478,0.00387503870227248
-0.00628614485565263,0.157344062142975,0.0452729099157688,0.00101311102574187
-0.191617865499596,0.205666362950354,0.0515341877859909,-0.00333676247746331
-0.289515638047796,0.189285751696175,0.0817533984998708,-0.00714490041783501
-0.2193784065418,0.143819049843189,0.0974073381932577,-0.00607446781236417
-0.0221511119465412,0.0898440608652366,0.0756960664072576,0.000533266169763194
0.167206098776538,0.0115317874552388,0.0302071180840054,0.00678316246117228
0.222971969802032,-0.0730514090785045,-0.029462887999669,0.00704591582121201
0.189539768834331,-0.0907723349928597,-0.0900057653491581,0.00242491433991348
0.16598730192563,-0.0616048301893357,-0.117327503021269,-0.00159627353869221
0.0978006739895857,-0.0552377456650671,-0.0847690916367715,-0.00176816188503051
-0.0612667870273317,-0.0268927180069829,-0.0315828130935167,0.00112029223302788
-0.228907426647605,0.0288974431183135,-0.0228399117077287,0.00507297619374483
-0.308482493184323,0.0280962886181674,-0.0674511873089408,0.00853627765907648
-0.248747721121574,-0.0164111251005955,-0.122147728110467,0.0103734985369797
-0.111676022645355,-0.0435726385518355,-0.132521591429366,0.0089761707540081
-0.02969833591327,-0.0556723557765893,-0.0897447109921312,0.00323261453937879
0.00753636017349027,-0.0703900907378299,-0.0335639644531705,-0.00529164722288695
0.14913629050918,-0.0531594361237172,0.0130351123414093,-0.0127187695216838
0.352998541838394,0.0112194881228552,0.0386578997844598,-0.0142995518443307
0.355529729617191,0.0735632708738409,0.0450821423752577,-0.00875660774121217
0.127243032103449,0.108728594296972,0.0555419933414305,-0.00161547643597812
-0.0885126132308963,0.114171768349905,0.0650089074267632,0.00150231318178691
-0.158842978911149,0.098249928548664,0.0580409805357026,0.00148566631444527
-0.106835839416859,0.0942814075067561,0.0401359797804806,0.00214131870235803
-0.0451450496445859,0.0926599843924331,0.0295847978536601,0.00438986525463504
-0.0634055623240301,0.0316700958092927,0.0307058950365572,0.00520244311260555
-0.0124688655174061,-0.0730245683057673,0.02472748525625,0.00236581628863946
0.188647591767678,-0.133927088207063,0.000890350106040386,-0.00170059112251966
0.244498992135486,-0.122720892275743,-0.0272630695242251,-0.00322938790196505
0.000746397716019587,-0.0725503227361585,-0.0239148023882723,-0.00113031739570469
-0.239725880371198,-0.0310849895730451,0.0114508811298937,0.00249178959804519
-0.246618947446487,-0.0218204028097095,0.0348326574455497,0.00451103412584059
-0.161753071001806,-0.0329791817956838,0.0310731759037506,0.00366471807896726
-0.10629152725299,-0.0396964855841254,0.0112924851916105,0.000127684803402489
0.00388002060087272,-0.0316492160888902,-0.0122642367070379,-0.00544443964792751
0.133683458817964,-0.0200992716112491,-0.0390824902459523,-0.0104277405401975
0.135429507550006,-0.00230838969287789,-0.0895120119263721,-0.0124921704138809
0.00597649280852101,0.0289369016667006,-0.129486214826011,-0.0117111644269022
-0.111208327473976,0.0452584051276264,-0.0935063120104579,-0.00736684330292946
-0.0944711650326366,0.0301019029895973,-0.0142428479665901,0.000496271269661534
-0.0386875140034343,0.0248321818237742,0.0368520471686748,0.00720618916025374
-0.0495643001647939,0.0244669896960866,0.0463746713416264,0.0079315148778916
-0.0407385673348887,-0.0140819396499495,0.0286530006661383,0.00389068224596895
0.0282184637042814,-0.0706794117638257,-0.00861951886841904,0.000622170779966088
0.0898926649916893,-0.113267270345832,-0.0505076893389604,0.00151721578187593
0.0928020362263816,-0.101474636086639,-0.0720160279831124,0.00476560570439935
0.0342817939280955,-0.0189598258713958,-0.0752904735920401,0.00627422845588852
-0.0230724429115699,0.0624288201914178,-0.069235021245303,0.00408260891715155
-0.0338422559459638,0.0721456922719214,-0.044441888341847,-0.000537745340864098
-0.0368587430638514,0.0243723775591587,0.00225786988230549,-0.00513904605716029
-0.0667808351858884,-0.00181883385213377,0.0569194757356858,-0.00843757478591203
-0.100008573925878,0.0168969704457915,0.0941100968323985,-0.0104398319186673
-0.0994163427025274,0.0176606918163915,0.095424304965916,-0.0110401882635157
-0.0608562304906866,-0.0199544566274533,0.0680795769964855,-0.0094881483999803
-0.0206404993120987,-0.0692141372885698,0.0317451933033434,-0.00510247202584314
0.0139646481406994,-0.108560299256465,-0.000479587451347643,0.00142458437320838
0.0792857104005731,-0.110548149516193,-0.0156848534426497,0.00763201180624128
0.142833064352019,-0.0649521481775913,-0.0108689680807268,0.01121292372077
0.120777130461743,-0.0197192763261269,0.00658745709629318,0.0121502070230601
0.0574166622116801,-0.023930903827779,0.0286875733395045,0.0122177267847298
0.0614413119139768,-0.0418723635527845,0.034475347135037,0.0124181682759555
0.0762738103778456,-0.0382186783840654,0.0164180254036612,0.0107458285872023
0.0472152852315945,-0.033834957109043,0.000306287677692182,0.00429881924960364
0.0502654294498863,-0.0268817608410655,0.00862360276137156,-0.0039422329638714
0.0992179038783296,0.00614392599625493,0.0245491581254721,-0.00703394970659811
0.0992196820864989,0.0512866770757902,0.0176914070535356,-0.00481138897311037
-0.0114740906888012,0.076781779443368,0.00339622777888885,-0.00350085249962303
-0.176853589659054,0.0838760234168017,0.0102975885876244,-0.00594697321624384
-0.25947071506668,0.0872372382507988,0.00902060842106435,-0.00802045449767489
-0.190253807893461,0.0761729154534757,-0.0316239688912862,-0.00446878716097132
-0.101097941676584,0.040707257166955,-0.0851736202613678,0.00378806303922243
-0.055331072409999,0.0125134976808925,-0.102997774281544,0.0107577570193
0.031691095149198,0.00802278268626204,-0.0578699081264578,0.0123713419405092
0.134395060707383,-0.0133561719947045,0.00946782795596164,0.00960217193938083
0.162369142395247,-0.0547843784262575,0.0391517774231962,0.00525441099187045
0.104809088785184,-0.0593613039154868,0.0333106554300078,0.000594152492321835
0.0336393563707612,-0.0284893316871175,0.0291121610428864,-0.00490329658492058
0.0241453506432594,-0.0411488474207772,0.041864501382451,-0.0113443150481289
0.000256356965566619,-0.127493907247535,0.0590562313689106,-0.0157799280345076
-0.132201736830824,-0.178613183967874,0.073737562208986,-0.0141906392261408
-0.229030342690857,-0.116439149384111,0.0824783231004034,-0.00589598337558509
-0.162386599966927,-0.0445077253649971,0.071081291260354,0.00505393699590162
-0.0118257045719065,-0.0180053412315959,0.0353948423385933,0.0126414587822918
0.0962365221746999,0.0228001126797448,-0.00477574952714867,0.014068883510153
0.114615741190591,0.0611098848434085,-0.0365984258034142,0.0106914475066771
0.096718147504342,0.0469966477028773,-0.0622715643436977,0.00492322395528353
0.0844953148432528,0.000345941145295656,-0.0694586411460854,3.53634161669412e-05
0.0776462329319842,-0.0360888896377898,-0.0601341298034811,-0.00139346842121063
0.0489121184711747,-0.0359443814522698,-0.0512513933622677,-0.00113573720371019
-0.0208038896723078,0.0116921362169118,-0.0403589237255817,-0.00238083046340358
-0.0795217121118587,0.0799139419855115,-0.0254674240246916,-0.00450044890427395
-0.0693703973903892,0.125378333953821,-0.0176405661837407,-0.0046329839893289
-0.026199228919358,0.131257364367962,-0.0172678232275166,-0.00227450996004874
-0.0425624762503175,0.0771478054579346,-0.00407126186355121,4.75282121600471e-05
-0.0880308103393648,-0.0197926576850605,0.0159103256143612,0.000138966718423813
-0.0822086942162908,-0.0702044152039055,0.0248041335079976,-0.00143376215779986
-0.0753866344800048,-0.0510019837689915,0.0282668235040323,-0.00344212231323225
-0.120855221834078,-0.0332375389266032,0.0263966288375882,-0.0063405099526989
-0.143289438744123,-0.0500373854458228,0.0211941138689348,-0.0103987782470782
-0.0675002395483205,-0.065767314982386,0.0106225041135842,-0.0136312118437122
0.0491489919479104,-0.0630804950190638,-0.0151504574319371,-0.0136758428788899
0.108403565298423,-0.0458748789073583,-0.0396318525709734,-0.0098566638175529
0.0966727950403975,-0.00948680315482559,-0.055863621146675,-0.0025564090246508
0.0488920396650448,0.0311020899187286,-0.0781260446485356,0.00690555351079956
-0.00885045386976172,0.0672986437354763,-0.0843123306588955,0.0154000753613729
-0.0447476159563129,0.0927015954770794,-0.0600055590725432,0.0199489238652125
-0.0493808542960669,0.100071334999878,-0.034985314526348,0.0196832320790201
-0.0335342530061453,0.100182489027302,-0.0246161381609639,0.0141350567198186
-0.00117306881537648,0.0930080330224696,-0.0165931737071603,0.00330538740722402
0.040850583932531,0.0753408512045873,0.0037861554123483,-0.00834914221938393
0.0711020627067302,0.0545607473374266,0.0319985916680508,-0.0135200027276524
0.0838270295969229,0.0225518739811228,0.0443196157943056,-0.0106085122523284
0.12878111387003,-0.031249037398655,0.0301667130119349,-0.00524794426490022
0.188841018868996,-0.0773550306831772,0.0140583289483769,-0.00326728326239964
0.150621389016632,-0.0872660470113897,0.0266912815271342,-0.00513209371843228
0.0277804465730341,-0.0683371424247411,0.0516016840830392,-0.00717479116966241
-0.0339738328160538,-0.0350571195725421,0.0486909845482201,-0.00758046402717793
-0.0197359078661332,-0.00288457768285137,0.0220118240394147,-0.00709353012013164
-0.0278639579161386,0.0244198460956549,0.0039964926980359,-0.00522403504615201
-0.0511622908181579,0.0484474555719713,-0.00544962806799341,-0.00117572593124363
-0.0306146508372136,0.0524612453955898,-0.015995550376365,0.00413718102606048
-0.00813799651878801,0.0341177414091922,-0.00482305383466573,0.00891510409271247
-0.027905788979933,0.0149012995902098,0.0376911070849373,0.0112099166749237
-0.0109101655526563,0.00985897055124496,0.0857204975566882,0.0103343401743224
0.0839617924878551,0.0124094117203865,0.10775617143007,0.00810448696310841
0.141155729688311,0.00343201331981207,0.0949260871298404,0.0066195209926248
0.084718827075796,-0.0244920891266133,0.0695190569548779,0.00566062945603531
0.00261209856207142,-0.0535715865607003,0.042155031783556,0.00264298135673016
-0.00759441009645565,-0.0382528411621986,0.00274716456521028,-0.00475110536906035
0.0165891633406986,0.0305264224395721,-0.0395699564939079,-0.0137094998508551
-0.010090400403666,0.0998026346244877,-0.0789307033761826,-0.0172075744518966
-0.0581838046732966,0.124196096197212,-0.119629940176872,-0.0123617766571991
-0.0431179946480092,0.110423328154022,-0.128003333192943,-0.00316895589219735
-0.00380161822139237,0.0794152625442426,-0.090955721016871,0.00516722813745082
-0.0133292582778253,0.026868966601376,-0.0384787120828108,0.010163396676776
-0.0122184950154252,-0.0301358327009435,0.0252312937294322,0.0117409849534158
0.0181926065990543,-0.0498470709419902,0.0891265898397419,0.0111851323358076
-0.00574069212660555,-0.0299014777705048,0.123886990021376,0.00924467033621558
-0.0410711477394559,0.0172555450597068,0.126827061013802,0.00533541884290754
0.00175661479035849,0.10453679868225,0.116642109399801,0.000415995478061195
-0.0044750267206724,0.19115408224372,0.120442827003877,-0.00263255530072396
-0.0900590974445116,0.174280498066314,0.127649310329886,-0.00290249783829176
0.0278383814986791,0.0453719010626098,0.0942126894499818,-0.0024708529893758
0.286147763003098,-0.0488084624450542,0.0383783186934705,-0.0032347958309779
0.294394191077913,-0.0563725969880613,0.00538659601339281,-0.00481984943109557
0.0457851467805933,-0.0914399445742224,0.00273573245803967,-0.00623288322567899
-0.195535115327663,-0.149447695473801,0.0181592011143388,-0.00674021112376315
-0.22661098305254,-0.176830464443548,0.00830099776859355,-0.00454045360514041
-0.0474363721166635,-0.165742887544168,-0.0491262560886442,0.00114451788258065
0.123454832803784,-0.0698116946399046,-0.0981239962549501,0.00707480299889929
0.187259744287328,0.048058975074064,-0.0843248350203249,0.00871954145189767
0.162867427004505,0.103101953806434,-0.0229092221715325,0.00561176856993578
-0.0521704839644451,0.144752081988613,0.0353282256739394,0.000562085134241019
-0.342154963161691,0.202820322134234,0.0370076987008644,-0.00440443485158598
-0.403075811126651,0.210885485627037,-0.0241110843239393,-0.00610863550978566
-0.288975747559585,0.136679298644317,-0.0862143971899218,-0.00112230587816052
-0.193987820243351,0.0604444000917187,-0.0991976452338961,0.00814615549471295
-0.110584290043737,0.0355115298916019,-0.0676991422719897,0.0157878027645424
-0.0212396718352574,0.0285810790119435,-0.0125234109229374,0.0184564289882986
-0.00913490509235662,0.0310608583978847,0.0459696102411421,0.0157818170429435
-0.0819711539419998,0.0620531238683549,0.0825430727484038,0.00892670446443572
-0.11252599161789,0.0972695769700812,0.0853352352392444,0.000498062561086234
-0.0067578655364734,0.0777094081636419,0.0573155823469888,-0.00587734692130773
0.157448591283919,0.00474828351480233,0.0141822137552874,-0.00855159111904832
0.271084509556713,-0.0443795405875172,-0.0323585679973574,-0.0100396215479026
0.31875107018707,-0.0482687962086158,-0.0764752452319351,-0.0124747575715904
0.270570435959583,-0.0647336626545056,-0.0972465111566415,-0.0137884881697549
0.15579370891206,-0.111173045161887,-0.0902520679207976,-0.0129168743734931
0.0806177689263549,-0.134461119233306,-0.0733899187220786,-0.0116902735569027
0.0597433200841945,-0.0867612174465562,-0.0543228350553498,-0.00930991145570314
0.0258484541485426,0.00609533614880381,-0.03193900219572,-0.0026701533620124
-0.0383012125315849,0.0692894332043703,-0.0109920231288601,0.00780926713269703
-0.115407219820084,0.0640605641544631,-0.00139142161956585,0.0163821301404362
-0.1748232208353,-0.00895218744247765,-0.00179951145471092,0.0177426651289866
-0.161204645190763,-0.105303775190521,0.0136944402494829,0.012776522484383
-0.0998867502325459,-0.125255024736758,0.0494499209420545,0.00545301131102089
-0.0745364471978496,-0.056644867058018,0.0737487299726538,-0.00149651423280137
-0.0791382653756713,-0.00100380702650088,0.0781855925719722,-0.00546222890985207
-0.0606369355305271,0.00275278187307959,0.0601127083969242,-0.0044384398121221
-0.00847284287925994,-0.00746811399121569,0.00140223580172227,0.000217739813601827
0.0934668714984287,-0.0267408162645666,-0.0813933168805291,0.00485269272188849
0.202740638473134,-0.0504910892392829,-0.128205696750877,0.00628832772560419
0.192969852224121,-0.0308006763658617,-0.1056281296717,0.00371364212917516
0.0786323844624525,0.0347323147873809,-0.0463095859302538,-0.000973625887216792
-0.00808589855364267,0.0749875828087268,0.00976611117531738,-0.00470367583894991
-0.0450765785038498,0.0480536016337901,0.0593749758411806,-0.00594418892596308
-0.0385009277628646,-0.0301004495086989,0.101619234477073,-0.00598501582764261
0.0220311312321954,-0.133354543313571,0.10462840829897,-0.00549378756930684
0.106846156099995,-0.201520534837644,0.0564385508509285,-0.00369264789438171
0.160507263103211,-0.178467860332343,0.00790861295788442,-0.00148088084653419
0.102944542814245,-0.101604636684498,-0.0106246886605538,-0.000573304281385766
-0.033901162647486,-0.0610993594425924,-0.0206234164887831,-0.00114524232497135
-0.14637823342752,-0.0786867145747815,-0.0181632044601543,-0.00259821021425109
-0.206793268320019,-0.0789987718293377,0.0143390163088479,-0.00448279919916301
-0.174684840770477,-0.0399831006950871,0.0529971319787943,-0.00573472735483425
-0.0035920255466676,-0.0266573835186318,0.0569377602021263,-0.00529893532598193
0.225303834524037,-0.0410268695786687,0.0404245416113617,-0.00315638042957317
0.338105542264106,-0.0627542990425095,0.0537853393362124,-0.000222520113783033
0.254495275599958,-0.0924378484854668,0.0843951294716036,0.0017444593462539
0.0874560120316978,-0.09407861765316,0.0743092166799426,0.0023500665859026
-0.0289966436133224,-0.059076659844495,0.0298666104972794,0.00423475874102874
-0.0861446624738212,-0.0264321486991436,0.0145228035165583,0.00918036388110706
-0.131173490775463,-0.0323536246456267,0.0497895595661396,0.0138276898334967
-0.201344714878199,-0.0497664706211837,0.0877981077744277,0.0127552597898699
-0.223689123233519,-0.0307300219187659,0.0717222788657298,0.00556750385948807
-0.106145783026856,0.00989562959300709,0.0140779793707958,-0.00277287526442404
0.0466047491936766,0.0561840644958532,-0.0276469095240942,-0.00851938803280546
0.0832500339751577,0.100569492976601,-0.0424289340554594,-0.0108769552865694
-0.00322881347728058,0.0852598845175809,-0.0647139452491081,-0.0090633130722107
-0.105680781714096,0.00292743903484791,-0.0921775907097437,-0.00376935463723159
-0.0853708234536831,-0.0421899445967285,-0.0995665456963032,0.00120377605925487
0.0227482105033698,-0.0401680369773135,-0.0912940397959293,0.00153015552676161
0.0716460441159777,-0.0741404916207135,-0.0496544286453172,-0.00427200121020575
0.0816654565159047,-0.129671868003519,0.0219171542765422,-0.0121477361943
0.100020665292138,-0.126555674541429,0.0521093348284705,-0.0144127351382995
0.0775439525963561,-0.0602418599714896,0.021134025733454,-0.00755208451403011
0.0108285744398818,-0.00810109611099877,-0.0139497488331486,0.00307002939046058
-0.0670481742175437,0.0205233217767606,-0.0164226365388852,0.00921895867020192
-0.155449955791733,0.0748236047156712,-0.00337108232338715,0.00916715165646446
-0.230135315691413,0.138101760271209,-0.00514570198988926,0.00682499365931612
-0.214147835526333,0.170699408166052,-0.0230164720133898,0.00426433460368805
-0.108199816517961,0.198449636581618,-0.0359698852078527,0.00172530747890525
-0.0127886911507643,0.232189427889318,-0.0389597338785573,0.00083671795791718
0.0588884635096215,0.209509092366615,-0.0373277211118701,0.00181018307556055
0.167248016617687,0.106928682246511,-0.0336552498877832,0.00243835284269094
0.206902360559366,-0.004115953095293,-0.0317432075185085,0.0015660766659772
0.0569077224397164,-0.05705138562568,-0.0306562201971314,-0.000787248041158374
-0.073314513565185,-0.08681229578567,-0.0387606797714935,-0.0048073587320737
0.00254202162635195,-0.125196867264379,-0.0531797598505361,-0.00902177931889668
0.123254922140634,-0.0914212613737897,-0.0517018221950796,-0.010541355953534
0.128636334002548,0.0280675251793666,-0.0306725779747218,-0.00839964616471303
0.0410484085202192,0.107756538844065,-0.00911155295180785,-0.0042196974847004
-0.0563666724699959,0.100613799214383,-0.00132921580375202,-0.000339497174612548
-0.129496886509697,0.0627922863652318,-0.0116038282218323,0.00196249872854164
-0.180958625841568,0.0308729141623481,-0.0505701337379582,0.00286917790547716
-0.180376629335384,0.00574507325265741,-0.119693165532128,0.00275954126131901
-0.144443915108813,-7.49853359213563e-05,-0.171903181240255,0.00149858012027681
-0.156282591877552,0.0326308208267402,-0.139358056906051,-0.000241513211424976
-0.149143225598103,0.0832515923844115,-0.0520479023368298,-0.00075791231171783
-0.0167179994849637,0.138246795050913,-0.0101649715331982,0.00106671985052464
0.135404903772712,0.157869607893938,-0.025492451608366,0.00407900641045046
0.249871809285709,0.0688100773181587,-0.0383610491546034,0.00532049623364355
0.332809425927067,-0.0736242130665855,-0.026550705539493,0.00358950762440506
0.266016295479936,-0.151295216309625,-0.00468010254082685,0.000282024521652861
0.0569355899813928,-0.175159990601914,0.019468012478557,-0.00390127247859744
-0.0792253877521943,-0.185206541067196,0.0375264066091539,-0.00822279157861436
-0.0306285260137753,-0.146140980538438,0.0324245508365649,-0.00847783236535238
0.0127482208040667,-0.0388743362916509,0.0276386034329681,-0.00120226236964687
-0.110604127735511,0.0886170049049768,0.0577353842912325,0.00939174846046479
-0.153437407229776,0.167338194313476,0.0875478862418566,0.0155443901170381
0.0210247722101616,0.184711996523471,0.082597931386507,0.0148165827607806
0.019176972191541,0.175447466297121,0.0727453963002055,0.00855563803867862
-0.229352954754853,0.153866475903209,0.0732562045534622,-0.00369481870502808
-0.236407592200134,0.102709194536695,0.0581822008503683,-0.0179872364916247
0.100479757013528,-0.0188819057563183,0.0164320050057979,-0.0219377279947443
0.35784977453918,-0.175795251814536,-0.0304911452659928,-0.0114996264024559
0.250361874067381,-0.226928769425411,-0.0473287707537202,0.000924044610067027
-0.0309371605718151,-0.148555315872197,-0.0396426701736161,0.0046731065881591
-0.164723817938525,-0.0562742998555013,-0.0328276085445304,0.00195730796412976
-0.106036461071047,-0.0209077932686316,-0.0198423831365193,-0.000784471751399865
0.00374839168685157,-0.0482080869414573,-0.00323099452570045,-0.000236321293668416
0.093616670408026,-0.0954452808678298,0.00465615893533319,0.00352969804421941
0.190416180504836,-0.116978484450717,-0.000559821213138452,0.00818294768383186
0.221354790735218,-0.113161841659123,-0.024905854926889,0.0105535707471904
0.108839260414965,-0.0826959671218106,-0.0480896095342717,0.00832123361801736
-0.0430598175181603,-0.0214081103321505,-0.0337832845894022,0.00297279773668954
-0.117695280991661,0.0510822820638164,0.0114594930597116,-0.00110594435771691
-0.109386154477665,0.0931225763756087,0.0583565431647248,-0.00175545616648824
-0.0693081967837825,0.0854923776824547,0.0930234821573192,-2.56102233038396e-05
-0.0104135017667223,0.0714897040440738,0.101434763455135,0.0021417942690783
0.0805839274871911,0.0744344909045986,0.0712581701124837,0.00295781826826905
0.132589763184382,0.0467895623728316,0.0210344457387799,0.00169051664384379
0.0639810162738809,-0.0196728287799582,0.00143187626338623,-0.00100835903096308
-0.0642116166722147,-0.0551507712685309,0.0216299878366137,-0.00366139802450479
-0.115830111858758,-0.0637213176372072,0.0178754025937438,-0.00468680287165138
-0.0606278430296621,-0.112896391341613,-0.0466342662124257,-0.00416614576157149
0.0507940654718545,-0.139179309423144,-0.116577797467484,-0.00395832364366944
0.175151563437628,-0.0691557549063859,-0.127174282792895,-0.00464013441407872
0.271244539486504,0.00943465180707878,-0.0803471155364234,-0.00458295425198117
0.314756668287417,0.0414237437202033,-0.0133487939037354,-0.00308807858881412
0.242137668109286,0.0647080596915987,0.0418015927578774,-0.00182031289373087
0.0565850678886816,0.0882034322777297,0.0583864613801003,-0.00287177144264862
-0.0815582675762348,0.105610493814952,0.0355891583765578,-0.006203021618644
-0.129755149094053,0.0861875289080964,0.0144691189767721,-0.00764124395308367
-0.19478052721195,0.0161638461439505,0.0193289502100273,-0.00262187601807075
-0.24756054363504,-0.0404160663097522,0.0402043221550203,0.00670191037109687
-0.152044297146969,-0.0255834378764194,0.0809537307602781,0.0134378787965474
0.0625358540036458,0.0506747427710646,0.13214126786858,0.0134589074124131
0.188082595622705,0.123561442595156,0.152338179288693,0.00865411264050388
0.124041703797424,0.134788211821648,0.138806565328253,0.00443782142907937
0.031080957763929,0.0767099013212592,0.105371416125912,0.00424578871925084
0.0487656314242805,-0.0131373035284318,0.0300600836711936,0.00748461750772881
0.0528472646928945,-0.0975801230001853,-0.0641675673561454,0.0103087058389522
-0.0927620065692472,-0.134959038387539,-0.112342504616282,0.00788914547460245
-0.232172575713337,-0.0730972923707353,-0.105437683091051,-2.63098422095751e-05
-0.167859098738565,0.0253267726595316,-0.09503944538493,-0.0068977195920332
0.0588029109515509,0.0556626120366885,-0.121051278294357,-0.00646253500706549
0.292005112573792,0.067675372415108,-0.125035932534208,-0.000258899581272596
0.321024921904307,0.111618255921395,-0.0376839201875813,0.00387809158936182
0.161040569334693,0.10792152901437,0.0557492957613526,-0.00139374503532832
0.119004635770138,0.0609830273895931,0.0421565925093004,-0.014424877881732
0.184884826899824,0.0411400704689237,-0.0173669471695654,-0.0247693554364597
0.0688619460762809,0.00616889739091789,-0.0144338370887393,-0.0254043960355912
-0.177064668827347,-0.0499627699228251,0.0319101419908707,-0.0167402295642328
-0.275542234984307,-0.0455018768321617,0.0668910101392263,-0.00245799479646574
-0.224140905044404,0.00240179736605509,0.0846132104475656,0.0122616647740454
-0.197238432488366,0.00887178071174616,0.0813574522655456,0.0233037566441356
-0.215479120468949,-0.0278480555484364,0.0589179552169154,0.0287245714793143
-0.195254142670536,-0.0481703866245834,0.0425424761676314,0.0278291718480547
-0.119290538614755,-0.0235032871398909,0.0478810124004365,0.0210562954166946
-0.0395273135257986,0.0289040132283772,0.0535588041962414,0.0105182950766373
0.014503551057694,0.0548648404553842,0.0142228733634382,0.000254893512625375
0.0570873633740854,0.0257134685551677,-0.0626923284831676,-0.00726703878404776
0.105319768345278,-0.0160399031179871,-0.107790542715798,-0.0135369006094914
0.151416349146422,-0.0242722285804514,-0.0976124173396968,-0.0186172641343002
0.153825791450305,0.00524629114663495,-0.0610258012073015,-0.0183793831522139
0.0937066235135631,0.038087473530622,-0.0203187608979509,-0.0110024027983023
0.0182999581029613,0.0505403915100105,0.00960090851571688,-0.00110821721552439
-0.012802685837866,0.0387108772064978,0.0235813648190593,0.00535858124389331
-0.00361702129940145,-0.000998986740028608,0.0201994980027965,0.00648923997124672
-0.0625006435354338,-0.0320705836882268,0.01204316972032,0.00378769292206158
-0.211655488295878,-0.0202777364220089,0.0190807290620324,5.54945187202084e-05
-0.265013068316334,0.0198004619301344,0.0414156673274777,-0.00215925645563793
-0.154103357837105,0.0544806105346948,0.0628262677600621,-0.00190522371120474
0.00681455675879888,0.054593065355948,0.0546107080222958,-0.000811953474699557
0.162005984187588,0.0278841936697435,0.00910923502689959,-0.00127182799478415
0.206665995457275,0.00482994996686575,-0.0473076159057703,-0.00224090474775051
0.0882092136524746,0.00497809416507274,-0.0922786304689685,-0.00152225280559924
0.0106741940221171,0.0195093610185929,-0.116759772167393,-0.000510954722244172
0.0367086696525256,0.00797115599681559,-0.107440561668978,-0.00141799610793901
0.0321340914823418,-0.0390221902368673,-0.0574127746897938,-0.0043020718513442
0.00486666486064549,-0.08784416864821,-0.0057588214285102,-0.00804879691485108
0.0112104810650865,-0.122459630352163,0.00397837998135102,-0.00949962735659617
0.0259863687839669,-0.135488321686301,-0.00609325758593258,-0.00500042889589673
-0.000338093432290104,-0.116356367131008,-0.000359746575596512,0.00359733488243917
-0.0450952007543524,-0.0721381916425517,0.0275472065429326,0.00974221952273619
-0.0333203652203114,-0.0144182725013339,0.0632964595853979,0.0101426787934574
0.0273757675251291,0.0421153120126529,0.0803989527285131,0.00662747564772165
0.0583044999050365,0.0766431286820989,0.0647542142941561,0.00208622855218627
-0.0045746623784774,0.0798844377368035,0.0198254851934307,-0.00185704385430119
-0.126174237250855,0.0603877385920583,-0.0312849959613075,-0.0054073352739679
-0.175163562938535,0.0319047073681577,-0.06429861269495,-0.00820971576455762
-0.111801140255613,-0.000300054271906283,-0.0667751579823183,-0.00742396581157639
-0.0377101904558744,-0.0273643262470474,-0.0314064604561932,-0.00226262085881236
-0.030053069737135,-0.0184627926741413,0.0322760451738049,0.00355220204169611
-0.0535438585612547,0.0251844696558316,0.0928753520943845,0.00727515834546223
-0.052464288939722,0.0558753159746538,0.110580083990358,0.00967938926578411
0.0170944815123866,0.0354781038335325,0.0651273462464807,0.0108736297706734
0.162246185296817,-0.0308347434633683,-0.0153331177743055,0.00920593364985692
0.247922541729255,-0.0535854240754257,-0.0627379445835312,0.00413450563168976
0.160383421139942,0.0105647463940665,-0.056343522693661,-0.00302056136420938
-0.0251761878173482,0.0475031224832288,-0.0546831065612903,-0.0100863720967949
-0.134411199950285,-0.0262650544175543,-0.0781477290601813,-0.015415667551226
-0.0653433140723856,-0.119240238028128,-0.0797795199869452,-0.0165367541563795
0.0801654912981903,-0.120351415333611,-0.0458144222701012,-0.00999290746062919
0.152145584375826,-0.067475416376107,-0.004047356815936,0.00263345077526247
0.153001856258728,-0.0398361163253442,0.0250398721158039,0.0138884155126098
0.130519566342195,-0.0461860226700344,0.0405907682248398,0.0182719450679439
0.0085965511097634,-0.0412766369088222,0.0542112470999491,0.0151635501994729
-0.211338359789633,0.0203363339725068,0.0617776810669182,0.00641807451770895
-0.255025569866835,0.110378511774935,0.0470064314005287,-0.00298691283686464
-0.0306075579969979,0.166948449367916,0.0252178186887959,-0.00677866781233721
0.149499143871084,0.169541672937218,0.0297578908282935,-0.00386715890114265
0.0659950595369422,0.125527172320613,0.0577705424409651,0.00069351188758612
-0.141102896578593,0.0487202953568521,0.0755936347579134,0.00150586394492032
-0.159729895440966,-0.0368847813208923,0.0484589919965104,-0.00129320406519812
0.0676125768380999,-0.0918352733552677,-0.0139512152305593,-0.00130982730792182
0.204333699838806,-0.09447091820181,-0.0522880379730096,0.00558605399417515
0.0453853504304581,-0.0741601680196694,-0.0501682434360501,0.0144667519398672
-0.206740900378543,-0.0579327975774346,-0.0442532914575357,0.0173423618558042
-0.29748080792658,-0.0404942082121987,-0.0522842565944977,0.0125357240268796
-0.214970269006179,-0.0153292862520488,-0.0633498882447586,0.00482782590921481
-0.10183230098653,-0.00861281343460812,-0.0801010229171689,-0.00158224787290917
0.00196649723801157,-0.0519707476227583,-0.103389282501818,-0.00656731001909308
0.103212294857513,-0.082438139871096,-0.0898311282505562,-0.0122176045268271
0.0997699493625845,-0.0410023167250432,-0.0179595843243396,-0.0184961684629784
0.0241342266615302,0.0204900350366659,0.0615798883529527,-0.0216608443109798
0.0286110151882872,0.0556608618760137,0.0979138151614632,-0.0185113532792567
0.0893236259906451,0.0626935138221855,0.0895897833538498,-0.0102309381287161
0.107208400353301,0.0525434219333763,0.0521402072337702,-0.00101878145160468
0.0453046692656756,0.0562068770738555,0.00973610631780744,0.00605773409255138
-0.0595707945763317,0.098615102470105,-0.0139542237224197,0.0104199066449336
-0.0909633163360536,0.142914096490298,-0.0228608057096333,0.0129417285779574
-0.0434993111410518,0.116725398606512,-0.0335211521912023,0.0146177124259077
-0.0397935420736604,0.0264315033291813,-0.0535289947256806,0.013935329731195
-0.0812613604975614,-0.051277759197421,-0.0606747900543127,0.00796147055161115
-0.0778078803822796,-0.0872631862628039,-0.0291796759203666,-0.00132772647543543
0.00460097945816322,-0.0996872181661737,0.0224484897590685,-0.00848307806150731
0.130294403220839,-0.117663143070503,0.0643804588596352,-0.0117126185513973
0.196698651484881,-0.146551699421918,0.0917832881457977,-0.0125019318584587
0.149895064058546,-0.156645286873443,0.113117851993173,-0.0118896564262444
0.0286320324363073,-0.14052054321722,0.14003073712888,-0.00934369595348641
-0.133169970135315,-0.0880730673871411,0.177505300818916,-0.00462323025474095
-0.269650220195794,0.00827925735906321,0.205477491649988,0.000761253394341892
-0.312015494637398,0.115816788625066,0.189588023555018,0.00526957679773653
-0.300527826814345,0.211390832191553,0.122860231821112,0.00842161415511677
-0.238067108387253,0.276257599372751,0.0346771447392249,0.00980316282842906
-0.0865060224569486,0.25630782990137,-0.0488092648877856,0.00902930152381719
0.107675454829998,0.114279559784336,-0.120059282823077,0.00538152897154025
0.317278423043042,-0.0905802620694321,-0.157674713683693,-0.00181347984276121
0.436505089864826,-0.222017793785987,-0.140867144179172,-0.0105176980409652
0.304683268574808,-0.218563004399253,-0.0926675472320369,-0.0173193045862924
0.0159277801072096,-0.155919804455964,-0.0523622315979955,-0.0195227612973962
-0.19871875057979,-0.115318090633597,-0.045590855957102,-0.0143042898233381
-0.250480123673146,-0.100637456627718,-0.0632735108976155,-0.00135319495719035
-0.198044822812674,-0.0740174769261385,-0.0555746665619268,0.0140001363208898
-0.14105997331032,-0.0216773190830547,-0.0178180960808128,0.0244933252492958
-0.0931891887677109,0.0361124421285269,0.010307686461857,0.0264723119869755
0.00870656836440445,0.0714900448452678,0.0195466303043747,0.0206206773124227
0.128695005033727,0.102386539549403,0.0269018775798045,0.00999569075153633
0.12833532656336,0.152824432581746,0.044610988700327,-0.00185380390881913
0.0133404941006164,0.164064232019737,0.052806952520987,-0.0129967797529024
-0.0722304173242132,0.0899842186374555,0.045486396742575,-0.0236791679263068
-0.0793477091479067,-0.0408192665432325,0.0427842891962059,-0.0321773848840382
-0.0551605773639275,-0.159186864366629,0.0198640242732702,-0.0333417008546255
-0.0367491950890581,-0.213638449028727,-0.0348775165637308,-0.0251343307391258
-0.0252967275584187,-0.205959984772701,-0.059113435390569,-0.0120061297439859
-0.0143290024607993,-0.152948466110162,-0.0269114657337471,0.000596865999888251
0.018498283504904,-0.0638958497438071,-0.00056005656065089,0.0107857232481144
0.0798017112149484,0.0297432354970651,-0.0169497809602269,0.0179126634084257
0.115739864267081,0.0860152829904324,-0.0459566020297329,0.0210389922336136
0.123152571025397,0.107232444434342,-0.0707281539294177,0.0209919437381476
0.148222472749167,0.0957418633803672,-0.0851573521513983,0.0193009320912352
0.148478400590346,0.0594601985356448,-0.058223546310831,0.0155886461220867
0.0757495771168561,0.0341090147761757,0.00854320283730643,0.0089073516038432
0.0298343684050838,0.024240707625933,0.0569522598014024,0.000872506080014827
0.0719980796676019,0.0108501385071353,0.046565608713888,-0.00470367370426224
0.0915333833141469,-0.0316095494853248,-0.00338477491948422,-0.00639679284091977
-0.00189561101742614,-0.0897961198247371,-0.0375350676787135,-0.00650698908092888
-0.121393305774074,-0.121943928193322,-0.0348094049804354,-0.00692173292597659
-0.129516864928125,-0.119683512179148,-0.0484303566483888,-0.00772960013025669
-0.0527234404459387,-0.0731962244424453,-0.10586018136178,-0.00852740077247074
0.0113682647443624,0.00966899955321353,-0.154627945958779,-0.00784833341916287
0.0107764319518443,0.0697202124990958,-0.154893317215119,-0.00447609468587006
-0.0420220063205543,0.0629238710047819,-0.128740137927383,-0.00111896228059271
-0.0438333353571346,0.0111075635406301,-0.10187306621861,-0.00232688661121334
0.0383734023363188,-0.0323131846821871,-0.0752967175549015,-0.007559170449833
0.083634615118291,-0.0363203410266773,-0.0564208168649945,-0.0117056743455042
0.042414963291311,-0.0249212920864716,-0.0520589836281512,-0.0111743800535513
0.0109156782366699,-0.0297039203495321,-0.0467547913439522,-0.00558588445998641
0.0334496278020365,-0.0266020065007943,-0.0227640327376518,0.00278020199509237
0.042944532750968,0.00479881935054314,0.00769839275936586,0.0102688227423954
-0.00150708996198435,0.0443529748168997,0.0283672096341237,0.0147951808904838
-0.0774162759670204,0.0697626598919365,0.0526523060242916,0.0160203039438271
-0.130249329526775,0.0772818501718825,0.0845568876852427,0.0136890123297718
-0.0955053307819608,0.0768122177712687,0.100544364925285,0.00892324480354719
-0.0123211659247495,0.0586393719826614,0.0904678201414677,0.00470655595138425
0.0287996639412433,0.0151391539686957,0.0609992505147706,0.00279650048508661
0.0230457173959119,-0.035869768873649,0.0191475978036981,0.0019954748971179
0.00850252129342258,-0.0703986508735991,-0.0143487505353955,2.08811776375231e-05
0.0304883027862877,-0.069425045039527,-0.0183037071881136,-0.00286387852194381
0.120239532861061,-0.0482710312395459,0.0144605959313788,-0.00376960150027584
0.209931217675806,-0.0363030749950882,0.0859689122961478,-0.00165357781131809
0.17621047328034,-0.024393941930824,0.177100393275274,0.00167286705308706
0.0204683723323535,0.0198470118493492,0.240848779081327,0.00394778019145862
-0.112666953968851,0.0774820978197653,0.225027207961499,0.00407823570393912
-0.114332268613664,0.101776071526253,0.135373948206548,0.00301123753949537
-0.028359132278243,0.103297779587669,0.0390621403852218,0.00206101012058489
0.0242819128846534,0.0929833430903866,-0.0415313461963618,0.000774444881226592
-0.0185095500923474,0.0448983739437705,-0.134823899195334,-0.00164827734619547
-0.121963871551168,-0.00786206929225382,-0.228527656619848,-0.00372844863612849
-0.223837740061304,-0.0126711256573483,-0.263361457272497,-0.00269198990298747
-0.271511462684106,0.0161150436790613,-0.203774967244215,0.00208771777885664
-0.195800516939352,0.0357083463442986,-0.0825966929733327,0.00824427539121161
0.00227412977851082,0.0197523927284152,0.0290109372882351,0.0132016480309223
0.224786417160002,0.0055455681320757,0.0874625822986546,0.015736844755946
0.323817133009712,0.0215537760720105,0.102333274231401,0.0155295822517738
0.106531703737801,0.0268914944738869,0.104583344762223,0.0115974599377818
-0.285949394535934,-0.0075841396542413,0.0885930069810295,0.000548663000149109
-0.352324902317697,-0.0731039398051675,0.0412235831486996,-0.0165599819870745
-0.0278854121801367,-0.116360646883739,0.00214952544907866,-0.0281047312923495
0.282729252737805,-0.0625579797197933,0.00457680395837905,-0.023220906664466
0.26854925589223,0.0782957132483206,0.0410433081948988,-0.00531533309165554
0.00207135494778266,0.193153378332863,0.0847932446039427,0.0118949276655769
-0.169339443366057,0.223739806385742,0.10906181000675,0.0186478574301859
-0.139664285647942,0.209798818295535,0.0973514529582664,0.0154505218921072
-0.0319856050442363,0.154050712896981,0.0389599624651312,0.00667230562142634
0.0522707695714779,0.0609320518368126,-0.0459710701159251,-0.0043563985733853
0.0728281017284574,-0.00408761217744141,-0.101252571257952,-0.0125115434159893
0.104218700847336,-0.0400025330287706,-0.0942558974609919,-0.0121838097410208
0.176677764461605,-0.0975713877328391,-0.0623328588295113,-0.00396699701692297
0.183107151236919,-0.139393675718664,-0.0327826298575234,0.00459352104342497
0.115266029445807,-0.103207853296862,-0.00286115880683344,0.0067252027294775
0.014530021943227,-0.0200004502395219,0.00496174537658159,0.00309878985943742
-0.138269085846169,0.0336632452583255,-0.0145429601971722,-0.000783988382998532
-0.233677905551353,0.0335496712105892,-0.0366633149235639,-0.00141269952650949
-0.181417508791923,0.0206010598369285,-0.0447578707200482,0.00115375726374402
-0.0877094174687752,0.0168298327068998,-0.0436174367399226,0.00507609800976481
-0.0448468969395142,0.0121963710195761,-0.0414719505639857,0.00711969704822875
-0.0380893101379276,0.021810274232053,-0.0389989732158496,0.00432784403744532
-0.0260523974517587,0.0527436065679591,-0.0468018838402256,-0.00300672492720115
0.018184763443326,0.0802557375117155,-0.0646391876018345,-0.0112371741039956
0.0666433412209553,0.0997485453526497,-0.0648746136965659,-0.0163384522428097
0.0851562459026222,0.0966994753417503,-0.0351657659212979,-0.016305190543484
0.073516007186707,0.0459388620979394,0.00683829561948436,-0.0120398585716254
0.0401443721074285,-0.00114838860643925,0.0405829495225395,-0.00645659022936956
0.0244267887512814,-0.000513123915278822,0.0474345726677254,-0.00154252055435166
0.0578024300562662,-0.0132422608290671,0.0159344204080545,0.00249672126761645
0.0868640783206037,-0.0662651143655953,-0.0291187709000226,0.00559818371744069
0.049120419331316,-0.0861411162015332,-0.0415339652443291,0.00748046998119001
-0.0158631693439116,-0.0515092562455191,-0.021505895263687,0.00807123391835417
-0.0261197542757071,-0.0235894128503244,-0.00115134765817873,0.0069518248319277
-0.000573456182020329,-0.0305333785459438,0.0161621818919587,0.00391558386755514
-0.0188273296091226,-0.0374943890145572,0.0215113072284338,0.000162835601906122
-0.048503582539504,-0.0232843327138086,0.00111729175078628,-0.00251787650785854
-0.00332312385639981,-0.00185075744313405,-0.0120570104233951,-0.00304796045409878
0.0848342008761938,0.0235375767830396,0.0101472251498421,-0.00116928074172405
0.10649007100828,0.0350078565329359,0.0332922428055837,0.00282069951687074
0.0272351373572401,0.00853714592898491,0.0207509680381884,0.00656892212161771
-0.0982486756306432,-0.0345295051618189,-0.0124601523841311,0.00525628030203069
-0.19559941379038,-0.057434816412188,-0.0421965004544017,-0.00337180713115249
-0.172603667427977,-0.0552303800258978,-0.0535787318936819,-0.0142272271380278
-0.0383536252595016,-0.0352593160642793,-0.0322778936602971,-0.0192045338634822
0.04826802993709,0.00957278083534352,0.011773355085998,-0.0156405083621365
0.0150739638027937,0.0318517574916736,0.0388140443584756,-0.00708866745737943
-0.056338939802608,-0.0111166381797694,0.0248637232375346,0.00131319002142025
-0.0669315541958794,-0.0284526008709742,0.0049639995035164,0.00727226396828787
0.0152052199574536,0.0151236923829526,0.0201098879226909,0.0124791043788866
0.113498902193661,0.0262708041925736,0.0574939755195196,0.0179542879593859
0.144368816264716,-0.0174601761462671,0.0835162282958088,0.0210917590892772
0.190061180724183,-0.0568723693574015,0.0808351398870386,0.0192369792775686
0.274663713592694,-0.0536255711965611,0.0428752684940635,0.0129198340585912
0.125015443888975,-0.04105536104228,-0.00402295816029201,0.00414553629758675
-0.285111127067761,-0.0525552961608669,-0.0156913803746931,-0.00597973611574623
-0.420320257526466,-0.0684897536394664,-0.0234422365935697,-0.0156837026574338
-0.123656916218686,-0.0608093362444777,-0.0618502900665937,-0.020069968507137
0.104553706297566,-0.032678714127192,-0.0793738458331865,-0.0149967160097314
0.121783418841279,-0.0315570269094017,-0.0529033509914775,-0.00434979087694343
0.111127759871915,-0.0515345388284664,-0.0182058192425092,0.00254658713594521
0.0433678908962172,-0.0489634416187842,0.00698113543492426,0.0018183521909955
-0.0962488131353432,-0.0399306451679019,0.0292029692666588,-0.00360934344163854
-0.148369678786497,-0.0367301542203997,0.050573805416853,-0.00998125884083534
-0.0250783804118362,-0.0297736357176098,0.050706672096828,-0.0125186147836928
0.105940239099798,-0.054103447042165,0.0179476007002914,-0.00722991690209042
0.100772642080023,-0.129133363132623,-0.0117567090168917,0.00326287346527114
0.0220786199723851,-0.175981924991671,-0.00526821557772477,0.0124326389949853
-0.0453666534625288,-0.117965210541862,0.0160646852411694,0.016704199964296
-0.0887208958922271,-0.0100667951137539,0.0139259870745754,0.0162563164142079
-0.0943790865958204,0.0613915944338204,-0.0143122804585174,0.0119331038948651
-0.0463715577053789,0.0904212892677703,-0.0374573778314792,0.00497691070823405
-0.00611022344499672,0.0828494801720325,-0.0305402820018473,-0.00148584176278369
-0.0351793532706294,0.0478874013889708,0.00113685997681703,-0.00512312378837976
-0.0683057349832779,-0.00630766036614615,0.0351838216117849,-0.00740855681128204
-0.0279856347858585,-0.089042244292509,0.056559753035267,-0.0105326548626365
-0.00628934778105801,-0.157985747123942,0.0744410704205859,-0.0137874248834761
-0.0779013167067923,-0.146630559889088,0.0879401160495593,-0.0152855587516806
-0.0517401585358376,-0.0738808671643927,0.0632481844073856,-0.0139846526764354
0.155690015809271,-0.00765318558486087,0.00278439750754123,-0.00908452690172689
0.289461035671087,0.0508707225854504,-0.0570976934507447,-0.0012217658594218
0.231291240665255,0.115366722613247,-0.0927142597697002,0.00630843318367377
0.101787102206401,0.123701856117794,-0.0875651606090713,0.00985766187627558
-0.0383786137485872,0.0547998733104391,-0.0426158900000189,0.00819914215111214
-0.152779941102198,-0.0132157029522668,0.00628793110466308,0.00368611548150378
-0.162715785526108,-0.0638334957879246,0.0208330081705962,-0.000216780080869098
-0.0697593527805214,-0.118654801836502,0.0128440064306391,-0.0021066246260932
0.025308311993155,-0.132963898317041,0.0104821762837594,-0.00174055781830177
0.0361019617727785,-0.0819470503104641,0.023386417931452,0.000588745618324204
-0.0201637118994777,-0.00668852865790677,0.0436823728156883,0.00315055205899484
-0.0655086273060765,0.0570665211624813,0.0455633369421525,0.00360387367944568
-0.0816229721074311,0.105432095397101,0.0233220897363111,0.000912826161442277
-0.0897936036845117,0.141966192413454,-0.0106873085245849,-0.00341561235972548
-0.0729984848151194,0.16204551762656,-0.0517663784965907,-0.00599088664712608
-0.0338608969188832,0.142288270185305,-0.0700045179293359,-0.00506036920562114
-0.00535116751770742,0.077458855334219,-0.0377349410648328,-0.00273965258195462
0.0590286852674122,-0.000771078774223666,0.0083024348555982,-0.00135395280990498
0.193608690715631,-0.0467999918241425,0.0258525782484293,-0.000260056195876607
0.263250137756186,-0.0344732642816643,0.028418088019466,0.00134383276671541
0.143511672257982,0.00166076579512328,0.0426670682555735,0.00139312390435083
-0.0383682451726226,0.000246268382369353,0.057314868588784,-0.00195683914684589
-0.0740606166169807,-0.0340697037833045,0.0411014768100342,-0.00575629736141919
0.0338417073816316,-0.0450692452622636,0.00417273706370741,-0.00449515876171771
0.108766726918556,-0.0242459160183159,-0.0103508755701699,0.00301932295740661
0.0506446258308633,0.0043316891101092,0.00343595863212745,0.0115987517013111
-0.043110114717744,0.0503185542148406,0.0183531844679996,0.0152173565401762
-0.0920734197243933,0.114195940688843,0.0414496161391683,0.0128057350973293
-0.1293405233134,0.142838564224995,0.0891420187994981,0.0078038648864127
-0.183872572872329,0.122008742344693,0.115000185557815,0.00380297909120949
-0.246383929908749,0.115070750621775,0.0762187377579599,0.00115997916711922
-0.195316857854523,0.123183373833473,0.0163716466507099,-0.00177251342163984
0.00988473696437192,0.0844214919589391,0.0168307407756861,-0.00478568157593335
0.175977505873886,0.0132362343174046,0.0803909667888656,-0.00681355109024795
0.334220324814219,-0.0302740119806659,0.108231861010032,-0.00881110110144825
0.551096648351434,-0.0520804286452619,0.0453390365622865,-0.00977334270703241
0.408568003832407,-0.0695404679851993,-0.0587862069023216,-0.00494833856399815
-0.126809189849204,-0.0542853581136023,-0.13845487772304,0.00537873420266943
-0.366150004982128,-0.0400431208152838,-0.169877284117816,0.014076098087328
-0.189035623119232,-0.073866206516514,-0.147509717940957,0.0153766506657666
-0.0784748743623431,-0.100341643354008,-0.0754403743067626,0.00921289260174444
-0.0708799285702437,-0.0481061693985734,-0.0142067223912563,0.00117737428402844
0.00317861307557216,0.0396888510608477,-0.0148798162071912,-0.00332155194261463
0.0585669170441342,0.0673175595326657,-0.0281066004183373,-0.00502437812049223
0.0238864585791085,0.0611655766944863,0.00225265313384619,-0.0064210582349854
-0.0367451039943877,0.101044362630018,0.0493931446929415,-0.00648975913793812
-0.0833286662227621,0.176171595577052,0.0797345512973194,-0.00340936688132375
-0.131960899507487,0.221687964329642,0.104246675185811,0.00232975072424232
-0.162958452723365,0.198929580271328,0.12102174306327,0.00884758373405707
-0.149965347486409,0.135181774302975,0.101635493231509,0.0137905488913332
-0.0692782641337684,0.0541170060499831,0.0346616559834798,0.0139148529600084
0.0590394550086856,-0.0399095463649898,-0.0513399568255357,0.00757507837655394
0.127568426260273,-0.138673110713128,-0.101977510461184,-0.00276199642925421
0.0986982946151493,-0.248270822526626,-0.0902194157803677,-0.0130150498823954
0.028681364589254,-0.303577075246216,-0.0360653510182241,-0.0195649757206744
-0.0301012334165246,-0.237795493328092,0.0110953117180959,-0.0195328877558173
-0.0352724116448074,-0.0951080804970138,0.0173499274063512,-0.0132119456062003
0.0047044375370123,0.0407385413730416,0.00559520620151403,-0.00477434378259315
0.0164826688524606,0.111913901908943,0.00363339003252759,0.0019497269941274
0.00208697280097132,0.106757424491464,-0.01222370584398,0.00569530162942398
0.00901131391914983,0.0680367695129805,-0.0506319332679933,0.0064833059755504
-0.000344302599621455,0.0428554158516116,-0.0757422002384294,0.00583057128431695
-0.0242154417268765,0.0179179255370368,-0.0769707266074496,0.00540808602144032
-0.00412066976164713,-0.0171041346790492,-0.0580172657460412,0.00471950752921209
0.0511722456566872,-0.0100734604352307,-0.0284961087475233,0.00270839848769159
0.0818376502846405,0.0454775144975417,-0.0260146572567507,-0.000118313175567996
0.059241240067198,0.0657127051327435,-0.0511814457277367,-0.00298738483039461
0.00943535373891477,0.0278960365701436,-0.0581529533688125,-0.00599412202496752
-0.00449615058231501,0.006142689720024,-0.0369493890056891,-0.00838953857996682
0.0366886219342791,0.0236294813817997,-0.00938479856471777,-0.00853437176191307
0.0193954943020438,0.02546589864051,0.00980486855722466,-0.00652829209265599
-0.123253103510919,-0.0121022830671339,0.00954679961483212,-0.00444028511058128
-0.22812829772696,-0.0516251787445492,-0.00179423959640662,-0.00333519403564251
-0.148255620829038,-0.0643812196851615,-0.00461791742298965,-0.00203429267857887
0.0262045273170338,-0.0584838029380615,0.000954318121315857,0.0006656640129118
0.110655111919063,-0.0524962387623493,0.0195993761452918,0.00427133145651832
0.0414560289317568,-0.0465114133254554,0.0529581348852212,0.00629149788585008
-0.0574098148085476,-0.0242191988774351,0.0750520293414969,0.00393169304757133
-0.0659231890284732,0.00374328726526864,0.0736120109112709,-0.00215006757435101
-0.00781346500866277,0.00821912749713707,0.0685955814226349,-0.00808556535340446
0.0395941107512351,-0.00396400196041891,0.0694188633934173,-0.0106835573246333
0.0661198174653669,-0.00617221686823832,0.0577553238789591,-0.00885764413618811
0.114715326594836,-0.00995977549354197,0.0310817317684832,-0.0035175975589141
0.125754572829915,-0.0384052856636744,-0.00122388814583578,0.00279294252957593
0.0199505432760708,-0.0670299206972621,-0.0373234450490987,0.00728978302012654
-0.10166302911482,-0.0715291929695817,-0.067716236570111,0.00830489890999023
-0.147557859116672,-0.0580852073172329,-0.0762381140451509,0.00630350657460864
-0.17099278937984,-0.0100482968606781,-0.048224813812055,0.00378840474552985
-0.193603995432996,0.0684674967020858,-0.00378022451486965,0.00326859433176299
-0.155220218369009,0.112104111374173,0.00816075401529219,0.00466451727114484
-0.00528407627692901,0.0782457020275143,-0.0141978119733106,0.00569960378170987
0.175447060221698,0.0110344498716658,-0.025565050150392,0.00476375405515185
0.271153507600798,-0.0101162407457846,-0.00924465970312843,0.00146783866512499
0.329749179803148,0.0192565600676798,0.002295884601605,-0.00325279286188827
0.406522764181316,0.0309498488104616,-0.00092721338881592,-0.00592152882873304
0.404278232006395,-0.00697720202840339,0.0056346554163951,-0.00370619347015359
0.25166124818618,-0.0680190994122488,0.0218875846347173,0.000195279466532193
0.0268044242395917,-0.109597508988362,0.0423430170456483,0.000334774326502574
-0.142175060126745,-0.0896892543148954,0.0637480229482922,-0.0024451802848488
-0.213254559640439,-0.0377109607327428,0.0698377331956189,-0.00302311997149912
-0.233951677759646,-0.0229453898705166,0.0635771566543276,0.000390362770055387
-0.245428553780702,-0.0151686462271416,0.0609240042506461,0.00500223862421254
-0.264496134510635,0.0319784848272546,0.0469803115752344,0.00768451186466314
-0.246201151073481,0.0745162773609916,0.00340053699146684,0.00788919668935021
-0.133307954198239,0.0661033688706929,-0.0490804973832891,0.00629530755525522
0.023920081351011,0.0274318255778631,-0.078899229963756,0.00378078506029373
0.124905775441978,-0.0133919625980737,-0.0874039329813086,0.00145810072566157
0.160854739350419,-0.0540452663911136,-0.109660089082855,-0.000541328228890481
0.170863424415317,-0.0771076485629465,-0.136516368994833,-0.00218153485999498
0.0954550208871032,-0.0622684556931967,-0.103862989445516,-0.00256664700626587
-0.0412611643436369,-0.00625324075487181,-0.0203106603872781,-0.00291151174912297
-0.0160817641096082,0.0775883373891948,0.0294033132598093,-0.00430067302191617
0.207787200969462,0.165441540202357,0.0194489636345373,-0.0031232933346748
0.324629946146892,0.214492358067836,0.00346983086567628,0.0027415268254899
0.189684410396166,0.190975790627345,0.0264335475644452,0.00912576178217981
0.0263008295460311,0.128749808923245,0.0738653051307894,0.0118988675449736
-0.0282013755182033,0.0791077959935036,0.107366376777351,0.0107053743985945
-0.0492842687815785,0.0544085658783379,0.100893932685991,0.00480595649017246
-0.0605114654699095,0.0334922637405661,0.0532647064623841,-0.00677627501605674
-0.0541975460858507,-0.0185758635399656,-0.00413283965715117,-0.0188894589999206
-0.0784575847040206,-0.0973521823568726,-0.0403004894670389,-0.0227788558657612
-0.134563182203554,-0.161124985457426,-0.0561374263069121,-0.0167989533891692
-0.145823007349121,-0.169181005881319,-0.0843566779007142,-0.00701443711076261
-0.0656269207141992,-0.114710653749426,-0.126114635869038,0.00174557371966288
0.0227776706238292,-0.051435968933905,-0.143518482538073,0.00806515741035914
0.0460740379293944,-0.0224376130854221,-0.123462235291052,0.0103507856099407
0.0687077990175762,-0.00777554567819506,-0.0789448929370267,0.0077618200228792
0.100368214862723,0.0245888539577914,-0.0406928223840874,0.00288873179281083
0.0945684589224736,0.0594129351642609,-0.0260318468342987,0.000274742383947052
0.0670513655440427,0.0641167238498371,-0.00796397636901879,0.00125141514541876
-0.0171574144928886,0.0480787375629775,0.040253173400061,0.00240968627969704
-0.127276451557908,0.0317601130455302,0.0898468823309669,0.000747500328932445
-0.128650760459358,0.0193654181517972,0.0902790722525914,-0.00243140405336865
-0.0567948659740617,0.0169010797348853,0.0540280404351038,-0.00273636307034033
-0.0297756212785849,0.0260719820429354,0.0307922995445299,0.0025050285558687
-0.045587953109945,0.0358137882868919,0.0261004804545626,0.0106029445207645
-0.0617528451586511,0.0359299008100376,0.0149675909477725,0.0156350177797992
-0.0678869194477616,0.0315756705287725,-0.0048789077954289,0.0136048469323413
-0.0743925384514746,0.0260169778151569,-0.0154637157211339,0.00453427087264362
-0.0780526386219966,0.0173403360506111,-0.0118425273169779,-0.00942167506718527
-0.0701448104777969,0.0150098662513255,0.00360611338835166,-0.0232101416868811
-0.0798710681976347,0.00152862369159021,0.0359222000928502,-0.0289296072612904
-0.121709712425499,-0.0326726912977795,0.0897052958164971,-0.0233088029068411
-0.151959916576903,-0.069802475723114,0.14659261927741,-0.0109352505727621
-0.118133050368927,-0.138048344345182,0.187484379228942,0.00197269217982634
-0.0164289945209723,-0.201076190825458,0.234703001342218,0.0116733233457916
0.0839227198237602,-0.145009593374545,0.279155625835735,0.0169788132641799
0.150390887528271,0.0104517322661244,0.25444497252501,0.0187496262967718
0.214465287395635,0.102031985955017,0.14069558022529,0.0176568972362712
0.216882265808064,0.058689449247688,0.000145339319255811,0.0133104639906559
0.102770496305205,0.0184395128520556,-0.110804357081217,0.00572882778006072
-0.0376068278443002,0.0802596902700102,-0.234849185638652,-0.00335881403117217
-0.121255938978313,0.175370326748276,-0.397846062781126,-0.010458719641625
-0.148673543034622,0.196672186098282,-0.47344864790177,-0.0131459399508914
-0.122186730107828,0.108961083351359,-0.35872790795758,-0.0123234159572551
-0.0595933820791382,-0.0150546373626337,-0.140905399666889,-0.0100767408538763
-0.0204827678332419,-0.104680852069168,0.0399851466823052,-0.00756969581359966
-0.00474302441034263,-0.143176573986434,0.135435129078611,-0.00447469073792744
0.0369133317885854,-0.133253525883792,0.161533898806979,0.000705451384281972
0.044261377920063,-0.0933012613569313,0.1523664608169,0.00778268715101132
-0.0253124507359006,-0.0475923423467149,0.128718636023402,0.0137878893365659
-0.0794171643646655,-0.0141570358725939,0.0939960712483574,0.01578042261762
-0.0774873234278463,0.00764731612852326,0.0623065852536941,0.0131299789905977
-0.0386697998533973,0.0315814672942912,0.0457874911716825,0.0077055331776882
-0.0183789510848949,0.066986085414628,0.0377766316913649,0.00247866186773824
-0.0747165702288531,0.103445962507578,0.0323957105190284,-0.00139662713914212
-0.0977257214677175,0.103188900355549,0.021155285264617,-0.00445075625972993
-0.0236559236187001,0.035684972582778,-0.00516652046141874,-0.00618311619492314
0.0637484556767229,-0.0598626279830665,-0.0302818749577935,-0.00634907852758513
0.181771577542279,-0.0960810013585251,-0.0386396816969894,-0.00639689841823143
0.302079771088241,-0.0620099262009783,-0.0378580066312385,-0.00685847162671399
0.325780555182496,-0.00468284582284742,-0.0413430033266942,-0.00666943156438869
0.279614780536753,0.051917306232268,-0.0613021954882613,-0.00473357333070761
0.119046719155284,0.0633741970577056,-0.0910152856309448,-0.000642779922386142
-0.165318364051966,0.0236806276213916,-0.103466539807584,0.0038614173309599
-0.319037343959948,0.00874487964799791,-0.086441142184289,0.00521002762080417
-0.236644893894618,0.0470706819041303,-0.0595326852995912,0.00243780889028326
-0.100522493275994,0.0871869670611577,-0.0461448871256713,-0.000540656920727614
-0.0303678106433888,0.0851985087362207,-0.0424830886825288,-0.00014823432656783
-0.0245846393034123,0.057025015598433,-0.0324265367735197,0.00307695343566213
-0.0174500890464423,0.0306920398171773,-0.0158770219140535,0.00723437429464064
0.0551853503593023,-0.029066957865377,-0.0122046152815013,0.00978987184643074
0.0880473181741496,-0.11135769051057,-0.0127383743265776,0.00708672374967413
-0.0384253983614531,-0.121719030504618,0.00537604003893434,-0.00153788469497209
-0.147734736482938,-0.0741227703142085,0.0130528276666709,-0.0112074466886297
-0.0562926476155614,-0.0508164485435823,-0.00281646829379037,-0.0159870785480942
0.0649382428397132,-0.0450645074631809,-0.00204230152709149,-0.0141850159157345
0.0491929686899224,-0.0163351553892352,0.0217699184892888,-0.00769004724418161
-0.0116415440683253,0.0160063127980688,0.036103945883919,0.00156965929726091
-0.00769331712599767,0.000728497241606167,0.0282372783710231,0.0108427168700158
0.056812325797293,-0.0580342035972342,0.00357877099898431,0.0156289892508651
0.11883345845771,-0.0941966040419259,-0.019451077985797,0.0139660413087693
0.140113439947987,-0.0726381144649125,-0.0205188359945099,0.00888980685121105
0.0929127273577552,-0.0136269793746098,-0.00318286118383177,0.00468834236418383
-0.00666485431269026,0.0573728724487164,0.017686764994696,0.00183563626654044
-0.0380635701644748,0.0953828924281271,0.0310004918806769,-0.00180316531311157
0.0373691022272695,0.076073501255022,0.0211683865912533,-0.00601746421434795
0.130095415812091,0.0303451504476914,-0.0131614432593234,-0.00890228974977298
0.154935200903592,-0.020903321136918,-0.0241193737731804,-0.00898190061563749
0.114109472433702,-0.0696686790111852,0.0122607160789247,-0.00525560737184364
0.0453459176489256,-0.0840141230355446,0.0512120577551881,0.000991316610617425
-0.0806354949748016,-0.0530128668515467,0.0586875918476641,0.00643505735771078
-0.211305704435999,-0.0255604633422807,0.0443566899604821,0.00843727173844971
-0.228182103036529,-0.0227989883882925,0.0454498815602788,0.00651666019732747
-0.165446811198474,-0.00660122843222853,0.0732784881357788,0.00247824393948936
-0.135627782001607,0.0109470413889264,0.0910804846626224,-0.00131585393111748
-0.154165538931539,-0.0132871937536341,0.0745276170032173,-0.00393802455186112
-0.158102043955704,-0.0593422643629349,0.0361086303335756,-0.00551375659830572
-0.0921485128494649,-0.0899143634144912,-0.00456430261109486,-0.00573708236145565
0.0342420675486106,-0.104424729401293,-0.039442918279866,-0.00470082741888981
0.142902736278805,-0.112721986173372,-0.0565517505145638,-0.00370588425084348
0.181206194865393,-0.106581041964389,-0.0465849898460439,-0.00353154959767993
0.171942043380543,-0.0630846320963681,-0.0259900859185212,-0.00338464137153692
0.140749879235121,0.00348445109428475,-0.0193049153152399,-0.00191428127770289
0.0818133287313366,0.047567341246406,-0.0268205492187434,0.000286723325551744
0.00861993338576917,0.0635730717415943,-0.0244920278349108,0.000725641108596234
-0.0316875793150492,0.0569354407283812,-0.00340737784302221,-0.000897888297019827
-0.0154988047505228,0.0313727343567193,0.0206939078184484,-0.00202502230670177
0.00905657577971783,0.0297111011571797,0.0472980645635859,-0.000906561476794937
-0.0277571042148201,0.0740136445692444,0.0816751177486214,0.0018758295088403
-0.0938251648477242,0.126065976115114,0.0996782362585518,0.00451115964195907
-0.107950570216992,0.146868567137373,0.079641723418471,0.00543641047294414
-0.101733074143075,0.128646125172208,0.0413465431622369,0.00456929669933873
-0.126094660788584,0.0835279101969164,0.0061349873051622,0.00284173861491607
-0.121846360180713,0.0117894070779051,-0.0261977599671213,0.000987102545535736
-0.05372170507352,-0.0906768008199279,-0.0468258575825117,-0.000231063389635551
0.027529240426368,-0.195482020295888,-0.0534316699244105,-0.00050414632638275
0.100318372114361,-0.235154402413538,-0.0604594351953648,-0.00108482228623471
0.136386383580735,-0.164731057495012,-0.0573992100373513,-0.00264057298913193
0.119054221639674,-0.07022502787601,-0.0403698299607297,-0.00408122752960184
0.103360116046952,-0.0515738674550545,-0.0329946183465275,-0.00497914790381509
0.0700666295443152,-0.0458793640368374,-0.0240434444418218,-0.00535044335580001
-0.0386218125270531,0.0112062483521498,-0.00704376982120188,-0.00505125908284436
-0.133909790526119,0.0705427114263941,-0.000552530472613826,-0.00480455815006502
-0.12308795393404,0.102408356052297,0.00575774179033955,-0.00450504188317347
-0.0679338056126448,0.117126254477158,0.0238579480070269,-0.00178904008505388
-0.0104199041468612,0.103988821009073,0.0412473290772719,0.00421146335437328
0.036969658539707,0.0650138870079029,0.0451938494885996,0.00981988206857449
0.0040049382051735,0.0491309428365327,0.037386394042022,0.011436767236545
-0.0704681501992318,0.0622095435382847,0.0240446768824056,0.00986893451559798
-0.0625288916646703,0.0478552185045044,-0.00123516284699231,0.00761794181587247
-0.00889659584544335,-0.00220406356705575,-0.0334012424249179,0.00521898819510574
-0.0247371905889652,-0.0478081462335029,-0.0431019073003144,0.00148758606235754
-0.0708932500004508,-0.0530300427749396,-0.0254256824054433,-0.00398077909044272
-0.0545755915020716,-0.00703491652527893,0.000248843476972335,-0.0087991709247098
-0.00828758021098121,0.0331963133597023,0.0262115940853187,-0.00921081170787279
0.00806192229635723,-0.00754136378888177,0.0588318704250003,-0.00470161287362022
0.0264228729652253,-0.0965988149371833,0.103728759076205,0.00115288010534963
0.082830734907106,-0.124763803098696,0.144101986182111,0.00541317340416741
0.160808244807356,-0.0679757742348091,0.153092285112252,0.00764271434744634
0.190855522163813,-0.0137912517193785,0.138700592743971,0.00757222223826817
0.124983752597866,-0.0253845414813834,0.128342915239371,0.00464727612910026
0.0295305558724212,-0.056828905530668,0.108674571300597,-0.000947236716683433
0.00412098167093396,-0.0213136403831838,0.05492374598551,-0.00687176850347103
0.0531469484571622,0.0722210713231859,-0.0309290182068034,-0.00859391723716861
0.0463020936497296,0.115570968531556,-0.117809792100199,-0.00403865660527393
-0.0772152895106245,0.0883000798253043,-0.160567769833329,0.00331380469033871
-0.174540896182985,0.063268325218335,-0.160835241532802,0.00962660672511326
-0.129101908925708,0.0260659694887889,-0.159920011678681,0.0148269975208602
0.0200755501435865,-0.0516384957696395,-0.176784378671935,0.0177303675806359
0.163296757191492,-0.122518647231485,-0.171928332203883,0.0143783248930422
0.11441192572404,-0.147412687978217,-0.0975439612947014,0.00413901893411866
-0.112240593646119,-0.113917137500404,0.0182557344563148,-0.00882319664411191
-0.196897461100238,-0.0586641845360985,0.095969615314392,-0.0183188103285913
-0.0788201029142413,-0.0219852894119861,0.107240404421998,-0.0193762991138075
-0.0012243823126073,0.0240962758678816,0.0979840129630354,-0.0124580102275026
-0.0450633635334106,0.0843548906882736,0.090870965723773,-0.00318968316112396
-0.0661270249659794,0.114349027161205,0.0627767200035616,0.00141438948138122
0.0175426656825707,0.0966351119468682,0.0207649389432874,-0.00103143206017327
0.102401363087819,0.0540024717829402,-0.00419436228788377,-0.0051231773762783
0.0932914649653628,0.0296867539630454,-0.00094557245729467,-0.00504944116186841
0.0338075919767972,0.0347358722645979,0.00911394142073393,-0.000840359752634141
0.03347517308436,0.0161190662873073,0.00168402085783595,0.00454771300671202
0.0748060884978949,-0.0483306183288573,-0.00461005095947102,0.00818270627974206
0.0680264986757106,-0.117325946769371,-0.000652454523817609,0.00822220123781852
0.0416172169909667,-0.148913409192334,-0.00536133462262139,0.00568815891703923
0.0320022634661404,-0.11352219985842,-0.0196535750720497,0.00330842818979452
-0.00374194719549761,-0.0388046969677052,-0.0396795839666506,0.00193560035017033
-0.059026468848812,0.023967999912487,-0.0550738861834176,-1.57896198367856e-05
-0.0369806260350982,0.0646170708417546,-0.0553573831922009,-0.00273143215663172
0.0324367111343843,0.0636879468713051,-0.0529456365792505,-0.00360447661761655
0.0180164034317726,0.0238668259737526,-0.0548063627850021,-0.00271617006553916
-0.0525896490885477,0.0195870455221842,-0.0566832486082466,-0.0037331996259346
-0.0969027210042936,0.0764972810032708,-0.056785105688742,-0.00703706851649364
-0.0953615303245607,0.113486804854473,-0.0484074541857354,-0.00938207340838129
-0.0348337063847188,0.0934977628048284,-0.0327298989133702,-0.00877555372534172
0.0580634359233369,0.0522126687218701,-0.0212271463857249,-0.00499787592577521
0.115015320593842,0.022153261135409,-0.0140888526790424,0.000283945708726233
0.0983548088616603,0.0137829249198094,-0.0103760232322916,0.00363672897527639
0.047892453957412,-0.0118274797916119,-0.0183475698360985,0.00318449732724787
0.0326774940529337,-0.0609605303118382,-0.0276888309668506,0.000352122243140926
0.0400031239045348,-0.065780426340738,-0.0223535456476955,-0.00186574589392772
0.0172856107536973,-0.00983693162325925,-0.00964724413769988,-0.00173238764318768
-0.00944078528243237,0.0395769330254814,0.00271518811689994,0.000326012968599407
0.0017428928259826,0.0431775253428593,0.012932580977436,0.0030962466952328
0.0409574036669892,0.031430758080105,0.0151459259163621,0.00515235659096533
0.0638553882845222,0.0381987349610249,0.0173211222859737,0.00422991836377836
0.00432983726511477,0.0598338210145317,0.0360591373495915,-0.0013987021616922
-0.0836661922439038,0.0691387170819824,0.0601464386050288,-0.0092171921423237
-0.044323472287658,0.0515537195425391,0.0638811268514999,-0.0124102772323598
0.0841553889110053,0.0214106614094154,0.050022999339835,-0.0072238858118659
0.138522349434194,0.000317511357387057,0.0355247371107304,0.00225024123003351
0.109330396202926,0.000522248544675787,0.0251934031335928,0.00956902266717243
0.121410026984537,-0.00198319272016972,0.0169401359801787,0.0118492013689571
0.230816858761234,-0.0179443766377886,0.0088320492011825,0.00953159163702459
0.289533295080148,-0.00425401545277648,-0.00377978099499324,0.00421827038485851
0.11300438094572,0.0398899236980071,-0.0159481344737633,-0.00151571995970792
-0.213502408678865,0.0776940747803891,-0.00824959513960246,-0.00418735090094964
-0.347424358434147,0.0987724303301371,0.0131220586588882,-0.00177940074419126
-0.142901455077716,0.082014061903828,0.0183811348258646,0.00517659833294152
0.11651165141516,0.013657647273621,0.0055726249671607,0.0129417738261433
0.168995442949092,-0.0601171608169675,0.00594061712815967,0.0144444472587639
0.0980910435088352,-0.0869848980469576,0.0424464947592344,0.00568504812988919
0.0220853235492575,-0.0799063908255964,0.101964104940801,-0.00802780399849983
-0.0239050650045767,-0.100953844130371,0.140130091007477,-0.0173562922586426
0.014281122853632,-0.119560056523016,0.123675592524682,-0.0184097559201651
0.04347924595388,-0.0451401573586349,0.0720776641738636,-0.0132560588525571
-0.0277176899796761,0.05428962332948,0.0129795624765236,-0.00592911840946487
-0.0586358480258212,0.0694028581597687,-0.0616251814124787,0.000215726212154804
-0.00365409446206557,0.035445114586693,-0.13155296398422,0.00468134320312065
-0.0240475627034875,0.0289891281863247,-0.145554693129543,0.0078174244549802
-0.114148275809583,0.0577980385314339,-0.123888561864601,0.00864577121546596
-0.128093326730377,0.0798580884075517,-0.109620227845628,0.00763436588282374
-0.0497850704074909,0.054810520010208,-0.0832834293460848,0.00745491388257413
0.0394604300554355,-0.00636601406580783,-0.0215261114581546,0.00897393222052803
0.0661065513901199,-0.0277592077782608,0.0577331161856218,0.00973754885421436
0.0383267784093546,0.00920990019897223,0.107819535456672,0.00752586151771331
-0.00596062911122374,0.0394233176429514,0.103504987445046,0.00210103784113699
-0.0544797431600616,0.040563799950986,0.0721300010404867,-0.00547929132468146
-0.0631777980832475,0.0295543617876537,0.0507305057075319,-0.0124108876367379
-0.0266880401585612,0.0115338847661747,0.0361079927064867,-0.0152014586472158
-0.0236309051814426,-0.0108276749220164,0.00769429801175159,-0.012772121650427
-0.0738297720227996,-0.0501585387138409,-0.0295686128143784,-0.00772146953594897
-0.0961993330366307,-0.0983943411154734,-0.050294400289912,-0.00330144752697417
-0.0851646671468294,-0.100517204845306,-0.0270574908555168,-0.000220204377924901
-0.126602377051116,-0.0596820817719714,0.0231852656188865,0.00220175177720049
-0.181601293164264,-0.0442475046277578,0.0490343950825613,0.00363189232798648
-0.114014679967323,-0.0814277320145782,0.0369076468473872,0.00367231903029073
0.0371104493194582,-0.127343661034588,0.0110693979818308,0.00371456192805128
0.100543450097153,-0.122910514667443,-0.00374053869346083,0.00511078644371589
0.0591647719834818,-0.0689053381137157,-0.0106962879185351,0.00664719737550236
0.0200865646082942,-0.010144473703968,-0.0121849069685268,0.00597050516359847
-0.00436385036663492,0.0287715145232326,0.00468846714429641,0.00332742550569253
-0.0445738038429494,0.0485586377562187,0.0110463854407076,0.00128598331495063
-0.0756918013000119,0.0630992829496142,-0.0154462077904332,-3.65968133723164e-05
-0.116102700133906,0.10207339454334,-0.0268803040987986,-0.00300770404249797
-0.148890763468399,0.168750599176636,0.00666449202391999,-0.00729805081992096
-0.0682650932234459,0.217977418769261,0.0437148457383603,-0.0095993850083071
0.0740298843943495,0.220079847246163,0.0482717105641111,-0.00813754831378011
0.101555236473335,0.191439059546073,0.0194790522398368,-0.00475521534309893
-0.0106166856653171,0.159862347208073,-0.0250536669195389,-0.00279369588251606
-0.148775232830952,0.130781816571882,-0.0377299199233164,-0.00266207181956985
-0.209162310470416,0.0945886537973528,-0.0100672919829069,-0.00135037999009021
-0.142743622950227,0.0197969525712695,-0.0159209176470298,0.00218468099084834
-0.00425259901021049,-0.145138349442155,-0.0813060044850686,0.00496489147710598
0.0520503481005972,-0.34419033530517,-0.127946039057648,0.00402956769373721
-0.00536514489944893,-0.416898607322165,-0.0993595249297652,-0.000369651810941203
-0.041790736891201,-0.303029801840858,-0.0338422253726061,-0.00449283607236562
-0.0124332847876177,-0.0956321715137185,0.0116894057423914,-0.00388972378279121
-0.0106847255440112,0.0709833048307524,0.0361552805625223,0.00215653331487812
-0.0833756067979646,0.105669979709523,0.0639418265380904,0.00966462911682787
-0.126124607175142,0.00931337615414186,0.0911107074815496,0.0136236162865236
-0.0474446505740701,-0.0933450014599377,0.099341402783111,0.012301130661143
0.0706934854151644,-0.0914083198314038,0.0989352623774707,0.00792473871621984
0.126516247036282,-0.03882132889425,0.103173411676949,0.003580416640214
0.156639568358053,-0.0136621249153801,0.0927588954497342,-0.00010713521191799
0.29509191119765,-0.00260925095104383,0.0538686228482207,-0.00366443246083857
0.510725949671849,0.0260984458899861,0.00625143814406001,-0.00655985606888419
0.491710053752059,0.0655316949435173,-0.0409813771776623,-0.00917280866417079
0.142865117515717,0.0791070959547582,-0.103472547915227,-0.0129871058206552
-0.1513145438681,0.0429152474233538,-0.161087217031122,-0.0160809227251892
-0.157398975456261,-0.0129331403939175,-0.164107508961675,-0.0127301202493007
-0.111152602601509,-0.0196503177751865,-0.107423360334353,-0.00207467271034909
-0.204647063624218,0.0316288699620181,-0.0287270595348252,0.00827368629675548
-0.289753043652623,0.0748127376910436,0.028865541677468,0.0116783597439854
-0.119481359261437,0.0527247512681552,0.0427756001750255,0.0103021740906585
0.193174551873386,-0.0113219227915455,0.0471621760310375,0.0100484175418069
0.23393776202095,-0.057591454823391,0.0738032225096723,0.0112568203241736
-0.032138647063784,-0.0972950974096665,0.0726407705287075,0.00924934335088957
-0.191420525047599,-0.160400048881979,0.0150942220548747,0.0018967253553579
-0.069686606800344,-0.202922223934918,-0.0357503363019378,-0.00697396583182727
0.0846427014420316,-0.174431946108168,-0.0466152983649059,-0.0117857121609673
0.122052030823955,-0.0917794985137777,-0.0422462558851882,-0.0113356487646649
0.124122651541542,-0.0204395511141537,-0.0344784237581193,-0.00833601259888716
0.0963758225257065,0.00345166545187094,-0.0370494976159834,-0.00504493273353535
0.00276078209767401,0.0213275569115876,-0.0709963561576795,-0.00278896004209951
-0.0646770471585718,0.056466333376034,-0.134211739442905,-0.00192717360695891
-0.016076551690311,0.067153491275559,-0.182307508018312,0.00010878312058123
0.0989943603887365,0.0274850554666565,-0.157614833583171,0.00444134682120474
0.171759565627156,-0.0325520488157054,-0.0759257214896285,0.00660555841083455
0.169021281208409,-0.0707770881730595,-0.00531571717589271,0.00281897477546569
0.123870875444262,-0.0730240829108253,0.02791772454953,-0.00446209729577963
0.0281793718895912,-0.0481834123237402,0.043286835446092,-0.0101460273768078
-0.0908501531658202,-0.0176614463958642,0.0514583579093995,-0.011620573858146
-0.131175276979668,0.00659909734010489,0.0467067323646775,-0.00798916434556909
-0.0823409853436968,0.0312903320912999,0.0364919879528687,0.000531613014546435
-0.018429972717727,0.0484607577454097,0.0273993416752939,0.0103750190114256
0.014523744706917,0.0462710976013329,0.0128400449577475,0.0164557409076518
0.0173713267074001,0.0513701157742112,-0.00291535743219904,0.0163750015972661
-0.0121318163400089,0.0785006492910055,-0.00671949876417041,0.0110658234978027
-0.0823458815204999,0.086518423482553,-0.00187154688568868,0.00289007253281531
-0.136899849369094,0.0565583181283824,-0.00371240892298334,-0.00538155729542481
-0.108809513026877,0.0315559773291659,-0.0235940379261231,-0.0113259173586697
-0.0226379056700618,0.0362254147117958,-0.0514664345669165,-0.0129307268962118
0.0325316519890216,0.0328491495569366,-0.0601509783697695,-0.00971833210080579
0.00453184742632826,-0.00775978484069951,-0.0463290896176591,-0.00442648648642351
-0.0551973453175819,-0.0610162987632827,-0.02489656655551,0.000287878008957494
-0.0593299949539056,-0.0955606832991089,-0.00228710594270919,0.00464178554940936
-0.0177146672342705,-0.0912301464908446,0.0164819119259968,0.00848734864164439
0.0104362515018017,-0.0457499815573088,0.0283815059966935,0.00843260782737964
0.0216754299405694,0.0177714435773753,0.0392429210218438,0.00139282390308196
0.0332146670007886,0.089865303150099,0.0532798412752822,-0.00922635327321523
0.0630158045759092,0.168790539960824,0.0559537793567025,-0.0157141728056399
0.0682528094402339,0.243025493697272,0.0417384074885648,-0.0148243518847496
0.0142949422738936,0.292076414635885,0.0269846146737814,-0.00930563800544168
-0.0339210725369847,0.265164328860445,0.012421875551192,-0.00222947340782328
-0.09717806043176,0.152952169860824,-0.0110959619498073,0.00568908545538146
-0.211401451306383,0.0256171781480368,-0.0349068205490979,0.0136027060948939
-0.25196624569622,-0.0912712547592385,-0.0455587158923461,0.0192922019974324
-0.113043436366063,-0.180652812326353,-0.0513945391886844,0.0210683863312338
0.0915888362918067,-0.172859139192988,-0.0536595091919888,0.0191259731899324
0.213375404080377,-0.10192742151507,-0.035343524927478,0.0143581600617206
0.221239497964615,-0.0613770957553701,-0.00302078350772156,0.00658375623728518
0.105632868910101,-0.0398662744628908,0.0207406122058463,-0.00309133308524985
-0.0162461606405833,-0.00415595767310629,0.0233181232481306,-0.0101680804882872
-0.023367536017711,0.0151670173784341,0.0220788076914898,-0.0114733117424302
-0.0127767405408713,0.0076637194152614,0.0468579000390885,-0.00927334691339903
-0.0584061292483677,0.00968059846960481,0.082410041942302,-0.00710511365892672
-0.102905761560135,0.0404146051580874,0.0952764825990791,-0.00585397849519595
-0.113125829627154,0.071635551960641,0.0908042527020001,-0.00548146105529884
-0.0730681712463328,0.0529406917774064,0.0827973930873331,-0.00573063445752535
0.0158838757912636,-0.0226121780573397,0.0673778066415682,-0.00520461986395826
0.142468482310739,-0.101056660092658,0.0466095347748547,-0.00269221291434601
0.274787045764739,-0.134153546432101,0.0185194084199333,0.000567920403167882
0.280884055561986,-0.108770383476619,-0.0087686682980722,0.00173902343780902
0.118128818101864,-0.0222171001468353,-0.0167023814318969,9.05167690939089e-07
-0.0610931745137344,0.0800198994719474,-0.0201963076000557,-0.00205845379301756
-0.136612677344155,0.123846503685577,-0.0255946371834151,-0.00180315989141329
-0.145038796844152,0.112505476866147,-0.0111280866509332,0.000927349014599868
-0.142418150359762,0.091156691146818,0.00643975768931077,0.00429989759901377
-0.102162548022727,0.0782849931471891,-0.0155236437082866,0.00550235836970003
-0.0411891471542368,0.0869691347778472,-0.0525215337781421,0.00335838641185887
-0.0277904215900319,0.105227322874579,-0.0521512787441395,-0.000751301657114437
-0.0189272147869983,0.0995887549248914,-0.0238702310309553,-0.00439847934491991
0.050613856536023,0.0597574748533825,0.00421990488149038,-0.0054795837761457
0.0967141374620942,0.0180380609955787,0.0211172875879541,-0.00370191885847669
0.0536317435489078,0.00848013861706529,0.0249002133235743,-0.000484486451237312
-0.00192056382263857,0.00407111017351502,0.0191467282214891,0.00258234829391493
-0.00457602169681555,-0.0440460170826748,0.00336710628425856,0.00438182783309614
0.0505769446582167,-0.119225589299657,-0.0124871726144207,0.00414431792960279
0.126849023349051,-0.152267310390032,-0.0139696681182931,0.00202007547007532
0.107967639864249,-0.117216077658057,-0.000694661814381206,-0.000743100515518635
-0.0805179883532454,-0.041762243457684,0.0179622013946785,-0.00365530933789912
-0.283428301693361,0.00586718277224266,0.0150389358818294,-0.00651170196806901
-0.306041175020758,-0.0227398794166077,-0.0162337849650142,-0.00701159397933894
-0.186286222184294,-0.0629769861370664,-0.0418834229220344,-0.00337918968644463
-0.0391573591149003,-0.0416758480009896,-0.0449296685569062,0.00147480338821908
0.0954284206446798,0.0292921421188541,-0.0268763384718088,0.00359051720777953
0.160476053385695,0.10745126514623,0.00732780505591328,0.0038723817150547
0.131297585529852,0.158567343820601,0.0308320859568903,0.00523476458956522
0.0662745955303704,0.13749563641604,0.0235020798263422,0.00742552256938275
0.0215284904710904,0.0240287765623016,0.00171788381012566,0.00789992837518784
0.0275454711740477,-0.0942419852812044,-0.0122714305073096,0.00524604092078904
0.0615815878981875,-0.127978362118267,-0.0139155371838717,0.000574417309367812
0.055374546194646,-0.109383999132142,-0.00218770946998853,-0.00449604974608755
-0.00902606365882475,-0.0834825534726534,0.0195678816819757,-0.00869415178101327
-0.0570023720894925,-0.0372963403564712,0.0349341307295387,-0.0093767797371777
-0.0371745076193638,0.0131920510268299,0.0308147788380165,-0.00508287344110948
0.000730973330730876,0.0288591852091151,0.0104003226769789,0.00151645782112794
-0.0193670519115111,0.0287099926151493,-0.0097965127199678,0.00643926697382186
-0.108185743439499,0.0449431400176982,-0.00920043439788415,0.00836161047003804
-0.179433118288652,0.0682974420979799,0.00780031429691499,0.00871681297065135
-0.158350228017809,0.0736642062108027,0.0181277086907289,0.00878602667718431
-0.0763625923743036,0.0498414179000176,0.0175456498630716,0.0081472929914245
-0.0131144659709184,-0.00298476343268536,0.0121966696081455,0.00594694321737177
0.00827501305500296,-0.0697870188279518,-0.0034693573328882,0.0027132185186982
0.0243927414646625,-0.0987252845221604,-0.0361607586138207,0.000526424757291446
0.0551585782386733,-0.0799860457727695,-0.0608268533796389,0.000900322544806844
0.0820749170681002,-0.0811096950603159,-0.0380980874562569,0.00242940600807983
0.0654187554907385,-0.122377111055438,0.0194316256228352,0.00274483182171634
-0.00253953111160601,-0.14748905617098,0.0640629059168328,0.00188723001754773
-0.0705101343309934,-0.119604356317781,0.0825410863585246,0.00132815173126609
-0.0797653018261287,-0.0450076607685019,0.0898942927285444,0.00145741342608036
-0.0294639099910392,0.0390135215628249,0.087457880107374,0.00161415553287944
0.0300228898716481,0.0794172359843033,0.064828059625691,0.00130794776677801
0.0684302068295698,0.0683041044763417,0.0130631468868679,0.000134947662154036
0.120704920594993,0.0312922969937933,-0.0684461242552676,-0.00208862206676386
0.199372688136398,-0.0129470994845125,-0.144646143805073,-0.00461772414863023
0.227974418581167,-0.0584449344142423,-0.163372862009989,-0.00628897324379352
0.162733508296261,-0.0854932697802874,-0.104803654566082,-0.00678588225730881
0.0475788935614784,-0.0575972045730991,-0.00358299755177421,-0.00651851023739701
-0.0532473503549811,-0.000956071999727331,0.0754874478937294,-0.00498257691964992
-0.0942790163650098,0.0321892994964162,0.104369832727418,-0.00164093966955117
-0.0899651057027949,0.0407751049272796,0.103078942351427,0.00217556008092057
-0.0707416912217664,0.0536858507404147,0.0948584753851598,0.0047748302016643
-0.0316258422082795,0.0793589265721407,0.0789135307539802,0.0060506943583079
0.0012188861594558,0.0850073016698573,0.0484855715084845,0.0065223700934477
0.00336967614231782,0.0517460497263018,0.0131675803420799,0.00559117892626774
-0.0437511756665226,0.0233816460243978,-0.0231697523439159,0.00216836925896328
-0.126023055998971,0.0396875401433799,-0.077677885139013,-0.0034927159429665
-0.122342247276574,0.0638136337894349,-0.125678163601764,-0.00944759472164825
-0.0249039047838246,0.053320387438136,-0.106235620525991,-0.0132245825351365
0.0182630281036145,0.0099831429829359,-0.0377160571295493,-0.0129176381655297
0.0106482440256061,-0.0395359349830734,0.00385709964623286,-0.00849637175292017
0.0654723344417907,-0.0751463607222739,0.000162146417893541,-0.00229565507480211
0.166216476740285,-0.0920559556508298,-0.00577877908270612,0.00310819402720751
0.200596518286979,-0.0766562459624343,0.0138041650229629,0.00631703035101226
0.124700091946858,-0.0554238214954413,0.0329237646294034,0.00678686243163538
0.00718194999105523,-0.0512948786719341,0.0290412749684807,0.00526558151217332
-0.0745383433857031,-0.0279829536635157,0.0244817208672901,0.00391982189026897
-0.0783263400246593,-0.000227481155777115,0.021332810274069,0.00418704604146187
-0.0134324871034807,-0.0159458527704021,-0.00842618128220431,0.00429099902648125
0.0465399504414102,-0.0348478409771146,-0.0582161799764044,0.000594648411274188
0.0477462031390814,-0.000214007473922334,-0.0862768068687397,-0.00746302272499021
0.00436492982935313,0.0549887209694994,-0.0649345083929871,-0.0158930301605762
-0.0319767553792017,0.0640783801823287,-0.0143556246480449,-0.0201771321165898
-0.0191336552109306,0.0143562397293232,0.0117958945481408,-0.018573647179657
0.0232168008319019,-0.0353124546684698,-0.00265772644789897,-0.0122393049962855
0.0512793887188016,-0.0339700346114575,-0.00974777494401385,-0.003851243015035
0.0400193132142002,-0.00471679397189863,0.0139764732710857,0.00375002765221624
-0.00608718175552436,0.0192889006723226,0.0376970455868374,0.00835186746754968
-0.0341863539183427,0.0478553597228628,0.0370278725932696,0.00980369953278368
-0.0284059943611238,0.0778100656733213,0.0107565263068571,0.0102776985249869
-0.0182582879322786,0.0769239906079897,-0.0280465347621437,0.0111501223898883
-0.00400848707025517,0.0430056175370539,-0.0563014024024084,0.0110531512229032
0.0257110601571069,-0.00695516879920799,-0.0552311154815582,0.00843368346831297
0.076648632569417,-0.0655523232227158,-0.0259810138085502,0.00365858560968605
0.0934092907798515,-0.111083322495601,0.016076388444479,-0.00224571710180869
0.0135102537958225,-0.117078494459594,0.0572590913029885,-0.00823174102132237
-0.0291380988221922,-0.0891413161912838,0.0748866760800151,-0.0127523874972874
0.0727647321778637,-0.0565184543387929,0.048038922601016,-0.0139204191866958
0.137605529242136,-0.036454502897786,8.27802389889581e-05,-0.0107110138771727
0.0550282930691183,-0.0201491342374779,-0.0285734027875255,-0.00500980217911074
-0.0334701340012262,0.00717159925012126,-0.0266781383272838,0.000392774144690902
-0.0237150943827118,0.0400421902408916,-0.0195758345345619,0.00471913618055051
0.0641732091556833,0.0638257567558071,-0.0464579752937993,0.00730530778243606
0.183512057344554,0.0645181537450931,-0.0840912271964604,0.00710740161702227
0.228659017448106,0.0416597503372571,-0.055704426887096,0.00425824358348357
0.163170058442874,0.0331451880644125,0.02738466589097,0.00043684327242516
0.0790494327433245,0.0513026955214155,0.067992333366199,-0.0010809949095148
-0.0340079124357402,0.0644286858562386,0.0556043592840065,0.00158474230800657
-0.193385243889233,0.0630340863731329,0.047951129164905,0.006310220378237
-0.32527271046756,0.0339434138116419,0.037328719713244,0.00983043681710139
-0.370008640486069,-0.0139763158814361,0.00951434737061686,0.0101476664609061
-0.282065697192732,-0.0280777254139711,-0.00591414190917974,0.00668490402058086
-0.0918630622370613,-0.0114507990198562,-0.00343095739660264,0.00179454061915726
0.0603315659524861,0.0030464225464981,0.000362617817838556,-0.000867674240702705
0.0863030495100663,0.0202156513392678,-0.00144985116248915,-0.00154129021064802
0.0623983255652444,0.0387196884354507,-0.00780933494397791,-0.00302946176403673
0.0890437894397939,0.031575322919084,-0.016564115722031,-0.0049052660256537
0.187898075734379,-0.0176388074264036,-0.0235770818006701,-0.00473560076631718
0.274499438052785,-0.0849299851840332,-0.0176027128740307,-0.00253148276121076
0.221466528986503,-0.110716012648706,0.00211957391038125,-0.000466907570193084
0.0559085000527516,-0.0455055278363667,0.0171031304317541,-3.26023160026993e-06
-0.113601122800391,0.0704153509104792,0.0155046007148385,-0.000424023493656514
-0.233783086594875,0.135052269878902,0.0121918793384719,-0.000366179352955411
-0.270937843619922,0.124806419940923,0.0162963276179026,0.000240417420521404
-0.220256503397789,0.0756558570289274,0.0203869292859453,0.000751163350713025
-0.114977001024391,0.0109029380825461,0.0264665000884775,0.00147044901319074
-0.0126845893359631,-0.0314261880081953,0.0260220636596799,0.00318716347429188
0.0496136717031505,-0.0305515721019379,0.0127825246426586,0.00510868151339583
0.0826019820836783,-0.0159308397099467,0.0105766199596288,0.00542373780880042
0.0770795631305511,-0.0224667095882766,0.0265000878852666,0.00386303974343567
0.0392847799565882,-0.026387495383964,0.0292464129851005,0.00171767563908026
0.0108052325017491,0.00230263115120176,0.00580537897122488,-0.000147374567580097
-0.0199055296372918,0.00611761978303085,-0.0142538964613968,-0.00152072768322203
-0.0650261583513274,-0.0312259372403788,-0.01125610914713,-0.00178607433059972
-0.094746434312152,-0.0418016856590867,0.0102649687625734,-0.000183582896121398
-0.105533004189283,-0.013522611207411,0.0451238367819815,0.00294038251316899
-0.102733287508245,0.0108603653822657,0.0751466602599516,0.00545350406633827
-0.0818883504302874,-0.0139671810695912,0.0814771978824597,0.00468754173185069
-0.0658101226371816,-0.0713661738683325,0.0790651715031158,0.00054624006699945
-0.0963841270006829,-0.0824580576725401,0.0910821508431177,-0.00410705360689331
-0.173889938925507,-0.021669224123581,0.101190621716922,-0.00660067129389112
-0.227459051310003,0.0573433160879884,0.0816266693106805,-0.00612815631020233
-0.196301200604139,0.0996077996248496,0.0254285499458994,-0.00306388322839014
-0.100144897377609,0.102311143223414,-0.0613379476781086,0.00161520587658321
-0.00552708219881559,0.0841413860906273,-0.128773548414845,0.0060478281853378
0.0700201124021033,0.0505890948804189,-0.12323322478756,0.00823418229260275
0.140777740263433,0.0190520793288469,-0.0690459755162211,0.00817769198365302
0.164522702312698,0.0269460505671049,-0.0252192958958743,0.00703697483285531
0.127928871803181,0.0461259990071191,-0.0155546090314754,0.00377573594715823
0.112557419805836,-0.0168607470055958,-0.0149033668524078,-0.0032450045443678
0.17235252492051,-0.141651523770879,0.00587511407299403,-0.0119442563733091
0.247113965244864,-0.178417288741018,0.0364120225220161,-0.0171956363514123
0.224750972886573,-0.076936155908561,0.0617589036359944,-0.0164927800265893
0.109732102248312,0.0177926926083674,0.085293546952261,-0.0131098408072395
0.0376815771830499,-0.00955999212824983,0.0938588114047032,-0.00981578975126002
0.0307264348254939,-0.079248842755027,0.0598110668818992,-0.004963128625815
-0.0916303099804798,-0.0741511246144473,0.00499582761667248,0.000301531458901202
-0.349176733997242,0.0143451649765534,-0.0347402390078887,0.00100177591309049
-0.435088505831867,0.127248165257493,-0.0796897605547775,-0.0018026122996045
-0.223238327894909,0.200903498441226,-0.127413305782472,-0.000371362064654175
0.0509149271267511,0.204288056563505,-0.132988976484894,0.00758598179945392
0.169245561775747,0.150816800291617,-0.0917690397956646,0.0150220390017453
0.114110982407928,0.0873348293018321,-0.0323997242093513,0.0152347306724984
0.0241991897367025,0.0617777906397177,0.0109392752011361,0.00895316847355619
0.0248661724139235,0.0513957553569938,0.0173161301750706,0.00161720713031652
0.0773077825296098,0.0116820383616445,-0.00111119429845815,-0.00250487872335096
0.0794285134469568,-0.0389860860940589,-0.0309180627181228,-0.00316309001950156
0.0399850958984935,-0.0786333804628065,-0.0572554145879903,-0.00266861595000295
0.0152286260368399,-0.10459956182372,-0.0560484969550372,-0.0022342078621415
0.00423812001779339,-0.104008635110599,-0.028827185538716,-0.00146374173937646
0.016312808086545,-0.0820917488348677,0.00279794631144462,-0.000317477989226723
0.0336857241193064,-0.0632154968566012,0.0389677088182455,0.000993996675648466
-0.00895402274582874,-0.0621421153330301,0.0869872841942103,0.00218018420628821
-0.0757382584635746,-0.0616791151512308,0.110438988379422,0.0014832265835294
-0.0655439340164625,-0.0331938309227382,0.0844026960105532,-0.00344525517118942
0.0202722521564404,0.00637492149690987,0.0540119968250387,-0.0113568126386437
0.103627216253499,0.0207864449640745,0.0454577116674402,-0.0162357225175987
0.146716995777145,0.0162306544583446,0.0246228993638665,-0.0133930231836837
0.148817021712705,0.0238547809172743,-0.0184240263278157,-0.00455041597114013
0.111721359777361,0.0375625275446033,-0.0643362745497488,0.00562539543070514
0.0454795382541763,0.0355569297365082,-0.108653384332197,0.0130772326152237
-0.0385979685995392,0.0208609777164714,-0.130029976295833,0.014353210247677
-0.107558947429489,0.00109512834456257,-0.116542303020618,0.00885150892167547
-0.117988546034552,-0.00777629700759958,-0.0842681518471753,0.000121205571440446
-0.0995880566992877,0.00152958006031201,-0.0325905130712797,-0.00664493991398594
-0.0949176366040815,0.00351545844269976,0.0128385529864085,-0.00824060249945911
-0.0570768933123284,-0.0171061374595273,0.00784662476658735,-0.00543407519494509
0.0280067410259915,-0.0286076132368892,-0.0385160302411249,-0.00106821423303724
0.0811262258627302,-0.0111992460878262,-0.0832057207737139,0.00340296495063384
0.0794114544713361,-0.00389398524015315,-0.0978893703172504,0.00732064245560153
0.0661168340574735,-0.0286354332902879,-0.0600394910308661,0.00917687105933458
0.0406159298827283,-0.0511096043456314,0.0228329051981742,0.00903181027022023
-0.00231582313426505,-0.0513881311950262,0.0889929087215709,0.00875472589185755
-0.0413838391413078,-0.0515005718796525,0.11073688795262,0.00878458860598584
-0.0579987323148606,-0.0603040487619411,0.115968514800934,0.0081936106562672
-0.0212269695550645,-0.0527820057765255,0.117028172718443,0.00697334947007019
0.0109275001752364,-0.0178525125346879,0.107184847513946,0.00558201354166696
-0.0893987433083159,0.0248815388071083,0.0876332986809183,0.00278927969223498
-0.22285533232011,0.0672119683026151,0.057819242222052,-0.00260134912908563
-0.178770324481531,0.0989409599050607,0.0186317809223327,-0.00755270822433604
-0.0257151908834945,0.101485709306813,-0.01948884502027,-0.00738950951833161
0.0694763126987697,0.0804950979354337,-0.058441431239294,-0.00277893296443842
0.104420167015716,0.0544746943977597,-0.0948312870028912,0.000422765046039798
0.134743293279631,0.0160496586447673,-0.104586885700378,-0.00131034174646094
0.166675029601499,-0.0389445796853359,-0.0861113541140493,-0.00508195134816203
0.126649347988712,-0.0638749418010268,-0.0613438777377443,-0.00624623084363852
0.00485518805177187,-0.0326479453698058,-0.0416659981330795,-0.00398467393162451
-0.0773021301599032,0.0213628540336494,-0.0339209517475929,-0.000545024684598614
-0.0951141158673879,0.0405349132654862,-0.0459948238963249,0.00165832029159346
-0.103853213370435,0.00926140750274504,-0.0619106930808313,0.00137071912356631
-0.102643268340798,-0.00759145430042016,-0.0600906803166284,0.000356519518374336
-0.105732756300898,0.0413450465015244,-0.0455405259500025,0.0016877741873501
-0.101476568550118,0.092822298238639,-0.0295316379823871,0.00466173537382434
-0.0233274352061664,0.0645315573995329,-0.0207776308681897,0.00571750927985264
0.116854246572499,-0.0152921334109186,-0.023557235558397,0.00376651760375775
0.199421983525619,-0.0793519139237078,-0.0302764009848531,0.00120808947168134
0.141674839640186,-0.104336497672646,-0.0300073340925937,0.000543340227026872
0.0326450390970011,-0.104685044508374,-0.0176040626933111,0.00156569639804484
-0.0074364361518916,-0.09059738939301,0.00149514545597328,0.00220929904748333
0.00841133936099742,-0.0388535866317921,0.0202553901185086,0.0015539076364026
0.00968650555226629,0.0520877811826427,0.0378873403922547,0.00063439342868026
-0.0146769507580519,0.128129207565008,0.0523390413341765,0.000504342157241772
-0.00675990518155304,0.151255853829279,0.0515794204870329,0.000583181585624546
0.0154516640980872,0.137137590244858,0.0252836952966277,-0.000304798009899571
-0.0161861136352439,0.103027745378627,-0.010186372108432,-0.00240044648977808
-0.0732866743589358,0.0609189777400867,-0.0244788104191481,-0.00570782707456999
-0.120812041234694,0.0113398748285434,-0.019976016721201,-0.00962690526767751
-0.159078039841407,-0.0593672335427474,-0.0250284388297678,-0.0119811951623465
-0.146479071404883,-0.119632559274419,-0.046973994160377,-0.0115653968571528
-0.0730878444834627,-0.149181308867074,-0.0697606808361579,-0.00964232562856628
0.00934545481155399,-0.156972112915334,-0.0687763466626604,-0.00741244623269467
0.0662322387174683,-0.125573887972605,-0.0343590030955645,-0.00417348288718635
0.0927631720636821,-0.0717150726568443,0.00882753757269573,0.000858420335688011
0.0878707453983887,-0.0273938439768532,0.0329321918849541,0.00592684894539034
0.0667002118004626,0.00677199691639938,0.0327579940137749,0.00832167175654921
0.0601124842044509,0.0318329338897947,0.0259280914818986,0.00744698522776276
0.0829216310618588,0.0538866409300922,0.0369987773976306,0.00443043047213035
0.127458272951419,0.0706141241689517,0.0609898620566381,0.000999850056935462
0.11529073516659,0.0672637466037186,0.0760987014020351,-0.00152228249751213
0.0283792232856048,0.0485588265788147,0.0768524057713866,-0.00406466838917767
0.0101543359351777,0.0182278052440392,0.0634287809032428,-0.0071490379935517
0.0560692104925212,-0.028727822759743,0.0449858113144664,-0.00874364289558834
0.0050917303568042,-0.0739026493196508,0.0376028891865163,-0.00835800452318231
-0.10608903899956,-0.0972557175154925,0.0396509215332644,-0.00741101596537332
-0.128087198965118,-0.111697406909899,0.0339204071329307,-0.00622915735810524
-0.0901902189287143,-0.109111155967911,0.00934027272981119,-0.00395120281616487
-0.0934654851911024,-0.0692878461859852,-0.0150591997086088,0.00016179501152189
-0.1162900249337,-0.031587634705121,-0.0151776773246532,0.00522749095543994
-0.101486013518581,-0.0216418305405272,-0.000690487120661399,0.00912540819841789
-0.0615266705882037,-0.0309485888792464,0.0101714635160504,0.0101973522883943
-0.0554897957825514,-0.0512272137812285,0.0213311654817506,0.00780685993671616
-0.0868989159703611,-0.0401403231227588,0.0355481027114594,0.00297202407171198
-0.0605468436847265,0.00947686850170967,0.0395954061081878,-0.00145600388936441
0.0664886436952211,0.0437689332168504,0.0317659621833535,-0.00329604077857372
0.187505807773737,0.0659610858425,0.0179358223941718,-0.00322285891254005
0.207194992622332,0.111392827013291,0.00641717659482753,-0.00342178511406961
0.160482005128357,0.135353556662962,0.0106568889631892,-0.00439591408944408
0.122513391372789,0.0916430535582123,0.0168245179445157,-0.00457042604324304
0.0781226289634184,0.0289138396012327,0.00561410117595788,-0.00335465090210183
-0.0108880762106306,-0.00313802432091806,-0.00935298483795979,-0.00207718090868776
-0.0865657465384517,-0.0243691819723965,-0.00562377176305767,-0.00196799315861016
-0.125821738273496,-0.0573212623675644,0.0213910231637552,-0.00283558328903655
-0.144747827029601,-0.0927712348102842,0.047381622222654,-0.00326670118060574
-0.0994375450068846,-0.10628741908939,0.0439782483120097,-0.00179883037496797
-0.017877681102021,-0.0772446400821687,0.0232634016684938,0.0023271821672733
0.00902503467916656,-0.028512953834951,0.00725903100460847,0.0085524153020263
0.00153807416385154,-0.0138456058433316,-0.0138615673835842,0.0140425385523949
0.0138406607750784,-0.0238299176384084,-0.0267062753270565,0.0151008179856503
0.00782687629600434,0.0163359197773897,0.0085232578549261,0.0107127063089149
-0.0316201470819595,0.107396123399608,0.0745406848015991,0.00437438496601718
-0.0460067071000166,0.169125418350664,0.113766741161722,0.00167845653407387
-0.0307056033091192,0.169986023735019,0.114862802922925,0.00398713541344368
-0.00832746733874459,0.147233407368871,0.110225707816541,0.00605720884889571
0.0408981476103774,0.122986067133282,0.114698854577441,0.00341846834803446
0.0776471830386656,0.0677295437310199,0.118410289833136,-0.00189000800274646
0.0469580903289085,-0.0452462291805971,0.0913379799711621,-0.0053675619342495
0.0117390417593387,-0.155589674343041,0.00721683277470034,-0.00524771653064792
0.00814411474098493,-0.163587094735823,-0.079352718170733,-0.00326003046566181
-0.0125777041160214,-0.107962735522248,-0.101299563701778,-0.00289401003410191
0.00417838525476736,-0.0919797628949055,-0.104109839621746,-0.00602005306061563
0.0984232002820062,-0.0919170712766384,-0.138553898331843,-0.00958229417188707
0.156017873142016,-0.04650750792912,-0.16791741141376,-0.00826197103632869
0.13163839255187,0.0240745132647206,-0.152353738271396,-0.00178306591241629
0.0921272528403846,0.0734311298261435,-0.0925402190284211,0.00485376428755109
0.044186782339648,0.074464995243951,-0.0141547851000602,0.00861577553450099
-0.0343137317157483,0.0263411747540832,0.0529336793106488,0.00970035000528666
-0.0868814651219942,-0.0261240018025008,0.0952227175550769,0.00720038570193181
-0.106670437987355,-0.0423553339400168,0.125877838332726,0.0010554592991875
-0.18842657400565,-0.0314785481898916,0.148912905088537,-0.00490824142048897
-0.26783741278762,-0.0155740117592595,0.139962211024938,-0.00615334741991012
-0.210140604321833,0.00523386459207177,0.102216162321723,-0.00179168511340276
-0.0934470977930292,0.0441478047727874,0.0567924578712559,0.00457531237212505
-0.000391412023462434,0.0892424253006989,-0.00054698307568718,0.00872221206407742
0.117436911210197,0.106472653419536,-0.0593343173995379,0.00903441278877585
0.223371993037834,0.0777834612235834,-0.083752336030529,0.00587017569666423
0.223678587509263,0.0154129921566996,-0.0744233183349547,0.0006873630242153
0.150713737670911,-0.0384368683145852,-0.0550572923244791,-0.00526524574880129
0.0974600480572484,-0.0463591643416412,-0.0351895693002233,-0.0109141171898022
0.101535138912129,-0.0343627899740265,-0.0309097589073007,-0.0138348068834505
0.114557570294114,-0.0437350761096574,-0.0471734618144376,-0.0131012420221367
0.0597058043575745,-0.0415723253971888,-0.0608496758335783,-0.010436877679836
-0.0287824391941051,0.00786077782661169,-0.0575453702331455,-0.00669029744778557
-0.0750591406640667,0.056599239408727,-0.0486644882563761,-0.00205619885212658
-0.0866887080494754,0.0524066553287124,-0.0533956747420123,0.00181976663388359
-0.0928169250975165,-0.00444905903642664,-0.0774093541806429,0.00267394246982552
-0.0980162057345613,-0.0840869963774037,-0.0892603960774826,3.81177855238605e-05
-0.0890190458773466,-0.108833705339608,-0.0569038894470929,-0.00336226735520767
-0.0658357156796948,-0.0572188712072334,-0.00568445374249979,-0.00426661124733127
-0.0366716785519411,-0.011546800421535,0.0173732122963056,-0.00303828923952111
-0.0170886930435859,0.000347302811031496,0.000802855337385576,-0.00220639190255797
-0.0102957126274566,0.0110593011180154,-0.0241462497513032,-0.0022870863449628
0.0351715571590582,0.0234904833885759,-0.0282524790840254,-0.00209671688619748
0.10056221154056,0.0430884917721396,-0.012710638572418,-0.0010010450010775
0.0959764842581855,0.08550826910144,0.0176119564201955,0.000679721140705285
0.0435996681389226,0.120899205762608,0.0509102944640718,0.00265984847500007
0.0296458050939182,0.11651065218606,0.0595338577785414,0.0051795077474007
0.0544712712691114,0.0890136946778624,0.0301998764166987,0.00754706838609646
0.0659987666716712,0.0549766048432548,-0.0115314275950454,0.00771762003987243
0.0272224166338823,0.00351981870764635,-0.0284375962863292,0.00537548280463772
-0.00412599384958355,-0.0463737806780871,-0.0218006197015699,0.00362716855732457
0.0442858477222551,-0.0336285109235805,-0.0244223906455584,0.0049842326293395
0.114604229187348,0.0315683770714619,-0.052223420203277,0.00685483022858565
0.141219937939482,0.0660814069333613,-0.0866193583575413,0.00429671519742487
0.0888441227460169,0.0886368075109734,-0.096126861676816,-0.00346989011726367
0.00288094054454455,0.163766519858456,-0.0783612714293812,-0.0121177864634071
-0.00223950242781379,0.215275406288952,-0.0638547713709298,-0.0156002193941697
0.0136445202371724,0.13905434916039,-0.0497346681103245,-0.012055363671485
-0.0483046086889281,-0.00173040013611037,-0.00887947731825472,-0.0055402847477146
-0.116420933394842,-0.0641449581819492,0.0438376762056777,0.000935211379748148
-0.121344536142517,-0.0276359101664669,0.0736977267137401,0.00632790535099068
-0.106228807762533,0.0163067721880741,0.0777102400094017,0.00857965561700202
-0.0535243142525009,0.0104566129603335,0.0689529852142849,0.00705928368701975
0.0799723641849719,-0.0188893922554679,0.0387447718453171,0.00474294080854697
0.136490303448087,-0.0498088607305731,-0.00607336817205881,0.00491897340623061
0.0379117575906981,-0.063952709289625,-0.0331193103691587,0.00554792420724661
-0.0162874472806574,-0.0276459420934128,-0.0411173588915763,0.00372342983414265
0.0601961675686219,0.0107258544647905,-0.0406801345211955,0.00259809940635445
0.133893160772496,-0.0166614576800725,-0.0207514583318557,0.0054184668809852
0.125624775361486,-0.0846068946293173,0.0119984141275204,0.00901560638342242
0.0763107893695523,-0.126498253899524,0.0355091490637273,0.00892300493338537
0.0503069075915774,-0.117865801206849,0.0468267797087049,0.00595890729148439
0.050548585337498,-0.0819209871626859,0.050529942788833,0.00391341662516202
0.0309194346929738,-0.0504426290525677,0.0444300091940526,0.00393675092664343
-0.0197245782095587,-0.0190829832828962,0.036358979496617,0.00407053428999581
-0.0820064744983413,0.0357898381224918,0.0322448420568098,0.00261087115295051
-0.108850499245806,0.0859952361496139,0.0109995512310264,-5.41267372598268e-05
-0.0755412405359277,0.0835050471028012,-0.0225274299955738,-0.00269119237142958
-0.0454782859369376,0.0414691344488049,-0.0319407232121881,-0.00549212109998125
-0.0497436938983655,0.0170125549393305,-0.0205195047839761,-0.0094398661299576
-0.0528041713023386,0.0124064599640935,-0.0228024578372512,-0.0133536415731369
-0.0675571099003716,-0.0175754149396178,-0.043753433782408,-0.0146453693660219
-0.133243520070986,-0.0617307578347058,-0.0601863075758895,-0.0122512286540896
-0.213265458685693,-0.0696222499069266,-0.0575545372667695,-0.00687897127887727
-0.225930358517665,-0.0424918496286015,-0.0366738344156544,0.000416459629101716
-0.155531697362716,-0.0268479229793786,-0.00480884448359816,0.00855402756178594
-0.0355867254122626,-0.0478682998956526,0.0358797359914614,0.0153466225421178
0.0882495888359728,-0.0869439981283312,0.0835113127913836,0.018137821787104
0.165929389186463,-0.101180780547377,0.108211512589193,0.0158687435780324
0.18506825582854,-0.0804133800012801,0.0809922512548189,0.00946318051621675
0.154905023114608,-0.0666522319105767,0.0238316241227603,0.000647986136221863
0.0958524920323163,-0.0695307455457993,-0.0235544143272756,-0.00831129060519159
0.0140953598975291,-0.0432434308010571,-0.0415692776965553,-0.0138317451302728
-0.0906458266193496,0.000900367071766661,-0.0310831248284193,-0.0127743689965777
-0.139895817304306,0.00590263563415886,-0.0127813670605468,-0.00636833047193413
-0.108640199671288,-0.00693081554241209,-0.00626678180560759,0.000138785692175875
-0.085133677561735,0.00989821220586013,-0.00813112670481458,0.00262564200486612
-0.061949284137592,0.0447842970256065,-0.0154157066328058,0.000118989842855244
-0.0171303511048787,0.0410763797034836,-0.0289409169244582,-0.00600739820128221
-0.0244381844990198,-0.0125707711435169,-0.0329385123731861,-0.0120768017813319
-0.0717947739097706,-0.0452984460540674,-0.0195365065730648,-0.0141808046657194
-0.0719789078990358,-0.0332565695942929,0.0115457476825737,-0.0111544045975214
-0.0375898588257234,0.0146133246655162,0.057620686911795,-0.00489208166282642
-0.00206893427050661,0.0804520420764164,0.0891679662532799,0.00190827401672758
0.0787223899031257,0.117580954517643,0.0813092005194395,0.00807687027471879
0.168410857870726,0.134612921418462,0.053947354631628,0.0126910434453684
0.183172694270342,0.124872700627632,0.042406895895006,0.0123641583952744
0.179292424444618,0.0717215016509676,0.0438958788927812,0.00453153528653291
0.216452361917839,0.0105678721904136,0.0307492574090582,-0.00617438957553824
0.14362884671246,-0.0619464519509097,0.0118484440172077,-0.0108630368575143
-0.0876627628817089,-0.150181099255928,0.0150422456981771,-0.00650793238183494
-0.210265256223059,-0.197908149862347,0.0370959936248918,0.00270285674039625
-0.129769492006449,-0.164274443981497,0.0536309788459492,0.011397516910718
-0.0384182882210834,-0.105758509283836,0.0450817441077428,0.0151978638497063
-0.0302730659785361,-0.0895767250458791,0.0126464877619843,0.0123604682082756
-0.0700284082704683,-0.0750564457540129,-0.0198646998455544,0.00660119899730759
-0.129282109301769,-0.00553998753160612,-0.037075844419893,0.00299211016518735
-0.130388132642136,0.0737252484378724,-0.0521795482071778,0.000845975650542931
-0.032338896605874,0.0928056992445628,-0.0646332424913228,-0.00429499341306746
0.0799302936038657,0.0896547743718547,-0.0637102669266622,-0.0127836763862797
0.161169483058878,0.103613306659209,-0.0584941491844413,-0.0195148942682211
0.224674552951205,0.0773452576842705,-0.0472809074262967,-0.0197709839061025
0.246383052415854,0.00892558370307499,-0.0322549680319239,-0.0127867235624149
0.189100321601277,-0.0273600322832244,-0.0214458889583852,-0.00113393557752369
0.0842552815572363,-0.0185383514294791,-0.00526877834242065,0.0106437187885523
0.00300985286146818,-0.0183807064379153,0.012979064362336,0.0172091715676445
-0.0503052713242826,-0.0457204704665285,0.0271277642724401,0.0152246284764513
-0.0757611583438827,-0.0536563467193186,0.030076691587928,0.00721351227375604
-0.0489246370577264,-0.0300512398119827,0.0186599442037691,-0.00136590993271852
0.00832539034619684,-0.00256266153479133,0.0149308756129779,-0.00737068526049603
0.078422651724192,0.0270045474299757,0.0194008442266763,-0.00927067594415453
0.126302047443217,0.0448276516807281,0.00951069231931696,-0.0059013471310489
0.0612509414331248,0.0274421298642278,-0.00480133961675502,0.00191281475325749
-0.108688090071141,-0.0190258533982435,0.00322284715587514,0.0101438127551312
-0.21093494372537,-0.0584220638998422,0.0184929975561276,0.0143663713797276
-0.166261987792164,-0.0650498374786203,0.00869207063744792,0.0127227617644344
-0.094580330722853,-0.0385638214618392,-0.0130801904431102,0.00600453871614097
-0.0496011233258882,0.0230151824428379,-0.0144733830204748,-0.00207118563785981
0.0193362399663721,0.077875585235525,-0.00329914843849632,-0.00742243010664762
0.069286983015544,0.0838999251390976,-0.00128408365516885,-0.00940766219860286
0.0337865334462082,0.0752258085696468,-0.00281684640054449,-0.00981929689544201
-0.0318380145893158,0.0802023111854916,-0.00455755819315786,-0.00969813810218218
-0.0294565710626013,0.0896117451716374,-0.0190547734134497,-0.00780168479707957
0.0503900379059627,0.099285685890921,-0.0493783115880775,-0.00260081930558597
0.0996841469195037,0.103825960158054,-0.073563467034566,0.00468991900457292
0.0767383582963836,0.0731101934400815,-0.0747595483086979,0.0100347744546594
0.0530056252628547,-0.024899066199814,-0.0771122233887726,0.0101071041165372
0.0238613919067806,-0.14844498170068,-0.0918388811643875,0.00562542353670506
-0.0404664524594066,-0.196684616715725,-0.0884350132245601,-0.000263781049823173
-0.0902267690151951,-0.150119829555636,-0.0563172349099694,-0.00521204526494249
-0.0805014250735506,-0.0833433523782703,-0.0192613879886392,-0.00837142610940669
-0.0553893441499156,-0.0224786232280549,0.00615990268171424,-0.00958379804079555
-0.0560062520806989,0.0512862222734791,0.0238080684610819,-0.00862838949794429
-0.0359352061974538,0.113719206941486,0.0350880577740267,-0.00515752960429434
0.0168494234491408,0.14487069525424,0.0416149146316379,-4.77766885081561e-05
0.0452111082180279,0.162765198496232,0.0491534115388108,0.0042264745335736
0.0286534040668347,0.170467158088413,0.0431523648405369,0.00614431249683413
-0.00751437306146618,0.154786071078072,0.0126444728907533,0.00590202870147701
-0.037199469868522,0.119935809268059,-0.0233466661403662,0.00399422418047035
-0.036213670173869,0.0713559543430997,-0.0463375161835083,0.00165403792204038
-0.0018925439645684,0.00772155452595356,-0.0513457484024226,0.000671312647791876
0.0365308755913346,-0.0887747958926502,-0.043218791381967,0.0012435832107711
0.0552679292758205,-0.188590687665653,-0.0290307121135985,0.0014304679076377
0.0526249824549631,-0.190665582203631,-0.00478264077033593,-0.000167793186868621
0.0362294659921512,-0.0987614307924715,0.0220290342782667,-0.00198157814185063
0.0141488308709576,-0.00278638536170245,0.0308269995696037,-0.00216874017475974
-0.00491940675418884,0.052310726498498,0.0196891811489539,-0.00122601052630605
-0.0164460597739698,0.0630113298037837,0.00332414950940429,-0.000155670578333745
-0.0100967933746215,0.0481095580695384,-0.00736343008954162,0.000390731481929753
0.0120073053044282,0.0182332367366109,-0.0074190565226968,0.0004650327413269
0.0124413653121975,-0.0126465296702095,0.00231298701761849,0.00163956073807576
-0.0168220693653844,-0.0204943103501036,0.0127922841554959,0.0048802876376236
-0.05665365852182,-0.00590850459559117,0.0185638706918522,0.00827496811269606
-0.0874898186507115,-0.0119268649690545,0.0148100304599785,0.00906626635815156
-0.0811543371289058,-0.0578976236609811,0.00381480016631098,0.00707146373746564
-0.0359492687845995,-0.0901315264463737,-0.00337402753823227,0.00439506683680467
0.0218012766649227,-0.0533319427442302,-0.00767305004045082,0.00201879546452393
0.0364995703608915,0.0348711017007469,0.000587897254532167,-0.00110939634680793
-0.0436221914962962,0.0802359720840113,0.0337159411458051,-0.00500798373990954
-0.168690791271079,0.0416462775334856,0.068123686772522,-0.00848294943739695
-0.177538567189139,-0.0190431212513859,0.069520690925194,-0.0101272930167349
-0.0470613475934075,-0.0675350527497711,0.0321715167443306,-0.00735061951467494
0.0256139471626583,-0.120725675740495,-0.0120505912994807,0.00020552693137438
0.00481832247905181,-0.160701520960728,-0.0238216444939574,0.00808985901335925
0.0513092790465936,-0.151258844365285,-0.00637107318812908,0.0125886896878502
0.15949681094784,-0.111917348699512,0.00143274295057272,0.0139076866719996
0.215045569516414,-0.0765535955384569,-0.0189912298273841,0.0124917557048244
0.224378362796863,-0.0435257254440459,-0.0400442870423719,0.00808006146894394
0.2076145685731,-0.0191257961955261,-0.0293021522792056,0.00155987354087973
0.104616489412387,-0.00873216829427699,0.00348011108483276,-0.00491758931139264
-0.0723390773681283,0.0234151033354471,0.028613371700501,-0.00952164890243758
-0.221805047359121,0.0974590495692592,0.0300083125965103,-0.0121407793608936
-0.285443227318717,0.154657136632352,0.0291192865044212,-0.013286053004639
-0.254372124938361,0.128458785296642,0.0608822840688213,-0.0128303125860525
-0.139261287530238,0.0542664525155893,0.105714808559905,-0.0106550811171455
-0.00634060759706029,0.0212775795116699,0.120422223692149,-0.00683963332912868
0.0800156325864198,0.0311159655297295,0.0950996811933233,-0.00095321693725187
0.0967557887897118,-0.00112854004333145,0.0540035051500836,0.00626174919634189
0.0500848627489546,-0.0790851260304289,0.0301949449287801,0.010599192787964
0.0279797955410027,-0.109046911681518,0.0241841543155843,0.00827729591556826
0.0661404451561253,-0.0681307995150372,0.00947900102890882,0.0023582180793562
0.0765362427991807,-0.0196514233249342,-0.017448188854799,0.000209594791232186
0.0387711573192591,-0.00208149606405279,-0.030236880695253,0.0046909760819352
-0.00643644705239671,-0.0032064865479921,-0.0181235066858978,0.011203144347838
-0.0468776180741417,-0.0261029683117994,0.00415561771320338,0.0127861117476887
-0.00410760064240456,-0.0881977570170893,0.0117052864363338,0.00706029044610207
0.121968337932117,-0.141050233304054,-0.00319333595262187,-0.001919256061498
0.16412702446645,-0.11372946804218,-0.0109881418776809,-0.00849567830000198
0.0714744882930451,-0.0150314336073785,-0.00400960939568047,-0.0104890389646799
-0.0512502892193369,0.074708790040441,-0.0141028175263934,-0.00994746324101841
-0.134109268072934,0.10296063111577,-0.0387639888447493,-0.0101366035574415
-0.161047849954234,0.0995155144514835,-0.0356478042481529,-0.0108348436912413
-0.139087554229038,0.0962044693377211,0.00694385088077727,-0.00872703047017547
-0.0944572159163858,0.0629846935539708,0.0542294561955487,-0.00319659925932648
-0.0332852405948713,-0.0248916523568369,0.0798662674994618,0.00262016151874264
0.0467085231427277,-0.108574956085772,0.0851064325318047,0.00624194246306107
0.119226114077444,-0.112427437768962,0.0755394528408213,0.00796667348551127
0.18327696832113,-0.0433567604902089,0.0628471578198334,0.00910481473184345
0.251348683738569,0.0383794911733084,0.0620051393067504,0.00912717108119801
0.303959494024457,0.104753068114345,0.0654208766527816,0.00495847745228577
0.355099149641545,0.180508287707977,0.0417269188145549,-0.00462064759165057
0.340998382764943,0.247603466162453,-0.0172343271445934,-0.0144459071649002
0.17943348155264,0.217859837719388,-0.0988800079918552,-0.0180058635385985
-0.0521884902836343,0.0824112302989795,-0.173929138976369,-0.0147353391858556
-0.276988220281331,-0.0467155671548499,-0.194429034170427,-0.00735530487703183
-0.402485836872422,-0.0982722125605289,-0.164903795797637,0.0021204012574558
-0.335508957846967,-0.133825441303128,-0.110350809056624,0.0106917490323074
-0.195919026543298,-0.21120915203941,-0.0343381315120488,0.0145340878292602
-0.104238254688849,-0.255915101754321,0.0260702207643964,0.0121977345390382
0.00843511762738577,-0.193898146054931,0.0405352918588055,0.00617358276207889
0.10431581511338,-0.0721573989882804,0.051710782933545,0.00120330249669856
0.0403084496748242,0.0312564718041245,0.0905500917976364,-5.65549418737321e-05
-0.123768511961914,0.0851178379583898,0.126268457876917,0.000774602896945356
-0.222135895651191,0.119180854549222,0.136008352115301,0.000669545598999694
-0.202409042284743,0.160393197450586,0.119669406341466,-0.00142461901134259
-0.110804955512371,0.173831736044811,0.0880165990465268,-0.00470704272811681
-0.00593300601141389,0.143505938659125,0.0548133900275048,-0.00770181314685659
0.0893705874007637,0.0968206503322216,0.021634271644069,-0.0083284450693065
0.13149277060761,0.057680532395948,-0.00306817887318289,-0.00492034219187667
0.082379910650957,0.0393404789620372,-0.0126096413876913,0.00195556823560719
0.0350852003744071,0.0148921584486281,-0.0423290830801168,0.00930013246866104
0.0794872415430957,-0.0529324721927754,-0.0908860064148223,0.0130787635415177
0.159773050693798,-0.110639149690361,-0.081922645126806,0.0107943513399174
0.191013891730751,-0.0896991840973872,-0.0101704467673019,0.00359933946411134
0.14902333049694,-0.0326232004518451,0.0379459354607578,-0.00465551336213476
0.0641713142593597,9.35204779697191e-05,0.0244447387386308,-0.0101805953799102
-0.0277760576415807,0.0101691005442857,-0.0084943719792241,-0.0116509615004182
-0.112948060248221,0.0231502723414089,-0.0295792263978391,-0.0101394501594216
-0.166220243281426,0.065277628312907,-0.048053171386864,-0.00698307346862653
-0.166224540423262,0.114135956395453,-0.0677712951006163,-0.00276497922267347
-0.118839892867731,0.10274810937043,-0.0685072675531084,0.00170043909146942
-0.0793719479885291,0.0343948603447299,-0.0300984402675903,0.00418092330605954
-0.105195951310491,-0.00851394222132523,0.0266275910020137,0.00272456964731758
-0.1550670986353,-0.0153655410117194,0.0615257950582316,-0.00147345498875565
-0.136606193995315,-0.0241249701480683,0.053503107536693,-0.00468927188519569
-0.0267071491908071,-0.0176876345031206,0.0112189225645851,-0.00430619420190892
0.126007621807372,-0.0215394775678117,-0.0277249220844516,-0.00124262471484302
0.230730276722748,-0.0682129033821881,-0.036145110025514,0.00168333111760299
0.181721534035448,-0.0996738826537928,-0.0180555543156844,0.00315026040174178
0.0562516591630123,-0.0754962845159489,0.00287417082852498,0.00348517041974999
0.00925292115513993,-0.0234933788974934,0.0138055458958029,0.00336895329141603
-0.0233431742297216,0.0270320335512779,0.0174457665953516,0.00386900670586424
-0.0980485655671005,0.060357614224474,0.00562098834958914,0.00556292328773809
-0.11907976268831,0.0524083082727913,-0.0206370580977515,0.00770114610769385
-0.0638124360929521,-0.000735369732332777,-0.0408686916997854,0.00807618137010672
0.0104300858207683,-0.0342859570274489,-0.0507878527442007,0.00407932590070967
0.0805964776875368,-0.0084898779362539,-0.0616454085445191,-0.0031588476970113
0.0906512911942083,0.0195813727204655,-0.0630672188861674,-0.00847320688743174
0.0327547201088826,0.020576265402105,-0.04348935194934,-0.00929172173322074
-0.00457841771301626,0.0137711192094963,-0.0121720528307263,-0.0070883999186148
-0.0300034736800108,-0.0160169809656446,0.0275246563197459,-0.00338623307341021
-0.0456740126096994,-0.0700080911309028,0.0656330044254427,0.000587385008977791
-0.0022669562603395,-0.0866050778235452,0.0835387675089225,0.00361975175507837
0.0573258637021008,-0.0343073156324138,0.0756839708116168,0.00536046777186593
0.0997007016405998,0.024098497325393,0.0493727033513313,0.00572705823145501
0.141546967079859,0.0155000077615154,0.0111202637770174,0.00446552723167877
0.152683287798491,-0.036299640367314,-0.0314376701799708,0.00149704378426778
0.0745209245222814,-0.0510576621226477,-0.0652088536023056,-0.00165594001082791
-0.0714807157448085,-0.0208698093322909,-0.0965918834526941,-0.00154042786380161
-0.166594445556739,0.0058868748460126,-0.136155308546849,0.00271895603841418
-0.150919884145942,0.0181622533350648,-0.172818420747444,0.00688055825998453
-0.0968091014526299,0.0261567341646941,-0.179099121458434,0.00595136905833282
-0.0636028574960412,0.0155457485543276,-0.139032794936302,-0.000991118229951892
-0.0392687999253972,-0.0130132826074859,-0.0723799638586849,-0.0105260935587163
-0.00780376542071974,-0.0263782576361897,-0.0130832499520035,-0.0173345114487195
0.0294807505190155,-0.0210344604645639,0.0221462067152667,-0.0173972539570988
0.052999482970384,-0.0179396083561921,0.0423017241107464,-0.0107647348437453
0.0377793284840374,-0.0218052912842096,0.0596163979149003,-0.00111026213015637
0.0097454312083067,-0.0269990159947033,0.0682517574705205,0.00721082023353874
0.0147625698937594,-0.0326820790353131,0.057912732278092,0.0122034479446847
0.0233440632062498,-0.0367175107101557,0.0436881641402888,0.014431670354176
0.0112748200939697,-0.0279287596444217,0.0442249404735836,0.0148571443719488
-0.00216555710328559,-0.00399452099713585,0.0495364759214116,0.0140870261755331
-0.0195243567217188,0.0186824935014166,0.0457391244259844,0.0122278006887438
-0.0570704037689184,0.0227471881513325,0.026710326838129,0.00874897485596432
-0.0934720106487529,0.0222747049425933,-0.00932784272671623,0.0028622212505398
-0.0753693936681845,0.0379734050765393,-0.0401647210329245,-0.0051762724519267
-0.0216247639676011,0.0594556604949578,-0.0312238827785569,-0.0114258193603599
0.029447563882952,0.0683542559903084,0.0100904125540097,-0.0105725914536373
0.106421823395547,0.0578422679831967,0.0451863236091156,-0.00328120741802726
0.16822460311789,0.0367280489823743,0.062480435525182,0.00493820400875024
0.103119246408867,0.0216420448160352,0.068059983291168,0.0105333830589434
-0.0518889807595976,0.0262923778267025,0.0564212865027049,0.0116591642023519
-0.14452793783165,0.0430697871040375,0.0244039736736446,0.00662058233503202
-0.124744991172806,0.00158876523227686,-0.0289269692874533,-0.00363427252271155
-0.0902053891825203,-0.0938412823722308,-0.0952000822281395,-0.0156714941423824
-0.0895828939680461,-0.123775382548712,-0.135619511810145,-0.0270605949893934
-0.0413672807331531,-0.0726461057314635,-0.11169486120995,-0.0354516379380681
0.0283294227212539,0.00957026686535814,-0.0332394610839848,-0.0355784576090001
0.0234449050225725,0.09241317252939,0.0292780909169804,-0.0233889667394051
-0.0339601143059102,0.139765902859128,0.0289083825817863,-0.00289035026557233
-0.0715940036804254,0.154488339783572,0.00774652368636741,0.0159343853489514
-0.0769547067242552,0.144132778692156,0.0151883274247166,0.0262529009536072
-0.0925680821183838,0.10902899759172,0.0434497978831156,0.0278508524462305
-0.0798508667686872,0.0743614678891074,0.0643414676365633,0.0237260066609719
-0.00179525777493039,0.0491495658001211,0.0667602194604368,0.0177758541351337
0.0667845489811359,0.0185572764385291,0.0527256205819207,0.0127179112067999
0.0691798044809843,-0.0238635463782707,0.0316172232818899,0.00819150003709503
0.0116957529737919,-0.0783314176880845,0.0322868249092436,0.0025733356901672
-0.0171458101823917,-0.117039230243608,0.0649830031062354,-0.00432538118331348
0.0471585584636341,-0.114194356575978,0.086252564999131,-0.0100843095580737
0.110035789662845,-0.0925437433892279,0.0735731172816541,-0.0119313936279143
0.0822111301927945,-0.0465194867368342,0.0440437352582922,-0.0104051880664629
-0.0228392681405494,0.0387697637087929,-0.00959317866020074,-0.00799326308670398
-0.116196599437803,0.0933894825524253,-0.0758522659357121,-0.00580060855886232
-0.129950821009282,0.0656214300792876,-0.0881758659741387,-0.00423618526231742
-0.0597343017194414,0.0101108720237039,-0.0363338557547817,-0.00404989445473393
0.071459306297143,-0.00913541758061587,-0.00387646157022352,-0.00455754553570127
0.122100869985372,0.00517759810439863,-0.0201733255037358,-0.00421473631818093
0.00666610585084802,0.0181947755930499,-0.0245413455420659,-0.00343449898735096
-0.121057723441005,0.0225833744899163,0.00300850852642696,-0.00330325155457402
-0.126069472498726,0.0182760418928057,0.0236418171671399,-0.00336858482806737
-0.119791629937792,-0.0139571413796528,0.0257682116571066,-0.00320601691436867
-0.185337475717707,-0.0696974886082707,0.0363876224826146,-0.00310293633630786
-0.187995344543346,-0.107260217308883,0.0586229731097741,-0.00182957401656739
-0.117576772478869,-0.0955187497662954,0.0684352551283064,0.00249078015719065
-0.120485551370889,-0.0505121817385114,0.04925693287581,0.00896405859237514
-0.116396291734891,-0.0271050005775888,0.010594046283736,0.0144163446405253
0.034296671511167,-0.0509086235745538,-0.00308820732618043,0.0166438969615685
0.189446707610397,-0.0575938607882592,0.00973823688256664,0.0153971377109477
0.231451394352199,-0.0196130856159715,0.00635722604933263,0.0104914652872618
0.226145418618114,0.0139284524568997,-0.0154171900673074,0.0019149633085564
0.215015375939275,0.0422758839650104,-0.0461834065108227,-0.00806177091277163
0.177011281656859,0.0522120048062731,-0.064623544612658,-0.0153820802884476
0.0920489373252543,0.0242996927016313,-0.0307882002749217,-0.0166806769981973
0.0188701132556451,0.00547646726931376,0.0315719827040191,-0.0115254798377388
0.010570722759044,0.00328764966912244,0.0803288415708387,-0.00301811343912678
0.0118989195228339,-0.0148475004199158,0.119139279919548,0.00461299204921715
-0.0260918960761814,-0.0282991946777772,0.121640835077343,0.00927589487247497
-0.069761915842516,-0.0219623092905978,0.0606755092602203,0.0110135704196065
-0.0835882918628237,-0.0122750133402809,-0.0157787006925916,0.0102992169464619
-0.0831330687559337,0.0148927951519591,-0.0487033373986465,0.0081404530546767
-0.0966772770660324,0.0703867763667589,-0.0409820428618425,0.0060471781257665
-0.0917003306116652,0.115382771699148,-0.0594216461989902,0.00484311746239052
-0.0357925621653453,0.0942270132522692,-0.133146748160162,0.00287947683372813
0.0300874415432568,0.0338368162147688,-0.185968135901193,-0.00295640909647505
0.0720591615275528,0.00608350924775802,-0.156682054517189,-0.0115911007245461
0.0815600364037894,-0.0120748761541474,-0.0784020184581599,-0.0168476772923261
0.071414221563084,-0.0606010252411722,-0.0150373200426229,-0.0143939848814167
0.0584742166206536,-0.101141282911708,0.0131622748452269,-0.00597513063958328
0.0378111372605127,-0.0943189917054693,0.0250013877532533,0.00347864154011058
0.0329837861387268,-0.0549530015915235,0.0253394479729527,0.0101346050606859
0.0559206167047013,-0.0174318431305891,0.0182649569546913,0.0127363721373453
0.0789620063059687,0.00950073721383105,0.0208744015687359,0.0112883958960864
0.0921534208407737,0.0309896590467129,0.0298528944345941,0.00638784734178707
0.0972861707072377,0.0466668985858406,0.0303716881322749,8.27913151667942e-05
0.0839581301976125,0.0625992866652732,0.0209134029630971,-0.00537141896828224
0.0669185228483645,0.0677264387125674,0.00387763292546275,-0.00854205871034079
0.048887240930656,0.0392201048909079,-0.0114127169828386,-0.00810438854696616
-0.0143917005698533,0.00335762892607358,-0.0159625435547704,-0.00453423516386591
-0.0873631701100975,-0.00976734272225897,-0.0235078323512454,-0.000718036521577156
-0.108449020289962,0.000809469400012239,-0.0350363093507033,0.00121234354284266
-0.104221761691059,0.0528936267425834,-0.033107273155665,0.00155795788721081
-0.0844957935005841,0.128786044639475,-0.0202773556346523,0.00225670237666541
-0.0555657076417437,0.177258745341482,-0.00653421128894581,0.00482224347172695
-0.0562699226296631,0.192736620807407,0.00672807235515071,0.00801953861566929
-0.0579359082401667,0.176599427869051,0.0110949053205978,0.00871141309571446
0.022965588331449,0.0963267183737586,-0.0067956707613491,0.00488280874761815
0.138623892605594,-0.016134090362086,-0.0333248822730369,-0.00264847581279144
0.137360620711575,-0.0692617887143156,-0.0448714985845196,-0.0106044296746484
0.0816726306760554,-0.0634415560165457,-0.0515043365345226,-0.0153068435727534
0.0972093694693177,-0.0859027496587797,-0.0590858349374513,-0.014326990020974
0.0904992930266042,-0.148660734578471,-0.0472356697094888,-0.00845124319401491
-0.00812843476739089,-0.143010159953784,-0.0281433916158386,-0.0020089861936401
-0.08749386353181,-0.0573950261914451,-0.028057495086969,0.00212432342895346
-0.0906870656522464,-0.0134028941186265,-0.0312112361010831,0.00474249575290719
-0.11028817809232,-0.0318004659623379,-0.0117453828538245,0.00697780631651575
-0.157037721673432,-0.0447227722661347,0.0242292556112806,0.00908097580173257
-0.123046386882326,-0.0203571628614914,0.0522627071656919,0.0102102497176746
0.00718085399712076,0.0294680910583248,0.0588613007709458,0.00913709943924043
0.10017587638773,0.0375530303796207,0.0490868170125749,0.00641739719974122
0.0915729248111614,-0.0106799500445595,0.0509085313692931,0.00276938737964184
0.0753203193432518,-0.0247100365613327,0.0803825228795101,-0.00173260864808234
0.0887577845054379,-0.00418282968739665,0.108148155765248,-0.00634665037121713
0.0728273918594274,-0.00762774504238128,0.112985085858214,-0.010464592315841
-0.00419110553836947,0.00035781925416406,0.106343409455045,-0.0128972298113427
-0.100763618611005,0.0438628237752488,0.0821087652578783,-0.0120972008958862
-0.117460930139129,0.0619261085408739,0.0262418692715799,-0.00829982396919531
-0.0369064023459592,0.0113698926461554,-0.0273165985060757,-0.00294996278085538
0.00749443484487813,-0.0671027684180979,-0.0447875276408566,0.00219625503346061
-0.0435903317270241,-0.103429093497384,-0.0598251896934823,0.00533190262953298
-0.0401443385619121,-0.0711320142756354,-0.0947370264497348,0.00637835856457588
0.108628133964869,0.000303846294751831,-0.103946695865345,0.00805454750529828
0.258499195596414,0.0443311906691664,-0.0629942285315994,0.0122338702006195
0.256221754057238,0.00670796483288046,-0.00838420663720801,0.0155033429090936
0.131710188765519,-0.0776425853764364,0.0223865255244666,0.0123092356540831
-0.012152399109101,-0.115257082007606,0.035277415066189,0.00306607787751495
-0.186991816335632,-0.0672627880227821,0.0545388527652261,-0.00575919339872481
-0.331329326027099,0.0144805057206755,0.0603927778019312,-0.0105603522774674
-0.242200406393844,0.0382971497932119,0.0228273307886531,-0.0122821261106004
-0.0024948913924091,-0.0209383562137831,-0.0154134111144475,-0.0116003634856282
0.114046571008711,-0.0724191202135557,0.00659585155423071,-0.0086658575139449
0.0632068162801713,-0.0386451134992428,0.06181929578111,-0.00436834795640505
0.03563779461788,0.0236485209852168,0.0734375514060877,-0.000827974129037821
0.15841814075292,0.0276751092976393,0.0292129426667083,0.0001670607426487
0.249349075570139,0.0020600890791631,-0.0160495049261025,-0.00114656522513742
0.150462447251136,0.0136244410405503,-0.0345571696357113,-0.00340793331107555
0.000662242548760184,0.0486378522225483,-0.0453913570394092,-0.00323237490455271
-0.0384605673844272,0.0533414164623289,-0.0644713609432077,0.00323228871179148
0.0195252799249716,0.0233825245723912,-0.0875838849790902,0.0143873221470883
0.0371287583118835,0.0023503865249459,-0.0888276915091339,0.023326020820621
-0.0792660452991664,-0.00702976312119903,-0.0508227420263944,0.024488215379926
-0.188785308181477,-0.0291330262413581,-0.00746672966015308,0.0175896924240753
-0.110247804596616,-0.0415641156649349,-0.000275015762593381,0.00590520148235576
0.012814846572646,-0.0196061491127779,-0.0124041071799548,-0.00784999617771878
-0.0104555192027713,0.0169901322437899,-0.00414107013997532,-0.0216385118503274
-0.097231279313562,0.0423416698724757,0.0187581846743505,-0.0309419792295131
-0.124886121594296,0.0281678477553675,0.0215265708512463,-0.0315202547922821
-0.092412923857551,-0.0374122790480145,-0.00115358993488516,-0.0242248993657796
-0.047638120732374,-0.0905882177250098,-0.0209174348248832,-0.0129898286544989
-0.0311909396292472,-0.0766466221905834,-0.0227893492116163,-0.000502448071340825
-0.0461737623894016,-0.025984901706076,-0.0167052562513243,0.0111716783778282
-0.064141362549501,0.0147985685228199,-0.013298190483214,0.0186174785872869
-0.0455644950826414,0.026195883462483,-0.0158153773776976,0.0197479430701823
0.0256894181081675,0.0241132858017659,-0.0238707206259025,0.0166839074081826
0.0838812316614649,0.00978964212833786,-0.0267313576342918,0.0124850002104241
0.0751361324972156,-0.036760686307717,-0.0068286087233057,0.00740747282286758
0.0411679741142527,-0.0717650958352246,0.0225222010708278,0.00217232560012793
0.0171850931264,-0.0395110252692557,0.0389876743402853,-0.00052133858382615
-0.0204223568892526,0.0474779034039808,0.0410930886443621,-0.000908343519343702
-0.0474730862918061,0.110962616443816,0.0215657385449311,-0.0022694581483711
-0.0030965495783098,0.0876434585048288,-0.0107086032046378,-0.00619007935139192
0.0491823101890752,0.0378650385571025,-0.0235465578012592,-0.0108502631720695
0.0272423753935907,0.0510316965792277,-0.012114239160131,-0.0124019103533133
-0.0170436463071211,0.096842795346647,0.000315671440155584,-0.00892982701524557
0.0236410721808044,0.106378082704123,0.00167340992710577,-0.00261113217901384
0.148625126255746,0.0774087305457376,0.00257211175104293,0.00323831112204513
0.183510132189823,0.0316040279236131,0.016196804145957,0.00643282595964239
0.0570681102507407,-0.0106052764507608,0.0323020209177458,0.00559254630355308
-0.0674834849765315,-0.0266991430270302,0.0322807333488573,0.00104369535976717
-0.117574821315558,-0.02039470711041,0.016356566661263,-0.00381223020250627
-0.175286901240661,-0.0440358303658289,-0.00573581899987339,-0.00524924238955772
-0.233794323580852,-0.0981089002887883,-0.0195726866275593,-0.00382566037371522
-0.228788218900877,-0.0925364837577671,-0.00931964307308076,-0.00213903140815238
-0.167236186624012,-0.0213137062823659,0.0212758948460162,-8.02523133775108e-06
-0.0777125793680086,0.0398428564313286,0.046627273229281,0.00341726781787298
0.0126400570125036,0.0538104495640578,0.0513241878661169,0.00722217685143831
0.0577210764737188,0.0281782041558574,0.044511122165917,0.00971664782794759
0.0860808693783175,-0.00339662777482297,0.0307505037131395,0.00880080956284873
0.165414946498314,-0.019836013955297,0.00321711027453548,0.00322302796688829
0.213076444771023,-0.0181501219246909,-0.024173494149056,-0.00531478463729507
0.136394042919987,-0.00144279841458404,-0.0366580289645662,-0.0131938057717184
0.0493479649401057,0.0173851159419727,-0.0470177354222622,-0.0174816784803894
0.0674383574135905,0.0261936265990382,-0.0526765202243747,-0.0152392177936943
0.0886593382626837,0.0200691437831383,-0.0356655392731554,-0.00550051650333686
0.0504400632334181,0.00916948338660312,0.000565592736657766,0.00671035140365358
0.0379135034672032,0.0129294286555109,0.0380008155898326,0.0146071895849681
-0.0101771402870258,0.029066338449638,0.0640648958910737,0.0152901295974615
-0.112425881795584,0.0462789973711134,0.070444723951211,0.0100230752646532
-0.102334861940985,0.0594417292707023,0.052798898911273,0.00367268205644552
-0.0101372708800807,0.0544199370195618,0.0227156727245712,0.00114145230411999
0.00483532416206055,0.0198342145456543,-0.00656215068279422,0.001994300324683
-0.0146303612335511,-0.039451383947172,-0.027984875932942,0.00168794856395974
0.0323140318447915,-0.0864611286617149,-0.0341070645746896,-0.00189977843771289
0.0807736924681199,-0.0846799731352323,-0.0256902589560241,-0.00556494503625166
0.0482342724336873,-0.0471840355974377,-0.0132288387105037,-0.00594754618396247
-0.0120051614415196,-0.0124280693786023,-0.00570286309831775,-0.00398220024932614
-0.0528569133188339,-0.00251798128839514,-0.00275196653787096,-0.00197111021160703
-0.0957854316306552,0.00125471459214925,0.00172343427146673,-0.000867715693178839
-0.114066853606239,0.0173226070575913,0.00836238435070514,-0.000628374924803868
-0.0794154160135983,0.0292599778961231,0.000969966078947213,-0.000721801330475395
-0.0254406249328065,0.0326099472120476,-0.0246691430872772,-0.000599608907396027
0.00282662467942335,0.0358887260408385,-0.0356064371494851,3.00881495622479e-05
-0.0156547780010805,0.0361211845646019,-0.0150296890500773,0.00114773925032367
-0.0256722762961686,0.0346392892909631,-0.00171980048783531,0.00284958439289465
0.0223899767469177,0.0280459399123966,-0.0362050939113305,0.00542921269803993
0.0791645640745762,-0.0173417986294507,-0.0952469394877654,0.00805312232973921
0.102617154682014,-0.108082256935728,-0.113415206227596,0.00885097894401597
0.100648376066201,-0.195387844870101,-0.0698247821386625,0.00711395662897399
0.0766256180996307,-0.227529052293334,-0.0139325753615359,0.0036894561219781
0.0365398049972699,-0.170928614738599,0.0246371949817949,-0.000206093607290793
0.01934198403811,-0.0664553675935023,0.060937629913012,-0.00323952470215556
0.0324959842950302,0.0157193608562517,0.0963955062733065,-0.00423611759132891
-0.00425029997859618,0.0742151057922974,0.122953252460805,-0.00326873413124272
-0.0706866448703645,0.135337434974658,0.125076981064529,-0.00197633493298107
-0.0658862334451596,0.183034038564626,0.0892445527203551,-0.00122020738009886
-0.0683873111521526,0.165969777734148,0.0388771567595381,-0.000543447304496712
-0.105269202857943,0.0853763088450619,-0.0052102601117387,-0.000712885107516671
-0.0143844384437556,-0.00677723876523539,-0.0468531387566028,-0.00240159641396971
0.178732719461146,-0.0600086176560147,-0.0709065168245807,-0.00433179521862223
0.273945087922565,-0.0405212137378109,-0.0664744728098921,-0.00453096469387896
0.236838172579303,0.00185883438608781,-0.0600064871397057,-0.00101692395846169
0.15348361233538,0.0142145780706068,-0.0594263590624618,0.00606772571766143
0.0465524400634877,0.0311413998581106,-0.0299409222941509,0.0129473199028669
-0.0865402198415992,0.0404675664036742,0.0266846567942916,0.0165549038439644
-0.218997360357215,0.0120139798780954,0.0624978050207301,0.0167082170623258
-0.280122495436778,-0.0360148606569735,0.0564488709514156,0.0130998564680211
-0.197524211150506,-0.102184737326727,0.0278911644180983,0.00499408917132766
-0.0479728874012709,-0.145102164101754,0.0138990945696736,-0.00566038723106175
0.0431325896022565,-0.10547047690932,0.022399054668707,-0.0134899319654187
0.0970645126235629,-0.021017015712027,0.0210967235861048,-0.014161146934127
0.157429780647524,0.0104491691715901,-0.00614672967692579,-0.00875825769119832
0.167452161060164,-0.0293150838788841,-0.0303068601641001,-0.00318464454159714
0.0882209165891661,-0.0514510075349207,-0.0247313385156138,-0.0024611332034967
-0.0161772906870376,-0.0109004149859092,-0.006037365762586,-0.00555947977940232
-0.0690717890418042,0.046231661657556,0.0126840362338716,-0.00798636020570911
-0.0372297669863723,0.0829420763194272,0.0231911280816012,-0.00713373604978794
0.0335880527663875,0.0839028220552266,0.00960887828300426,-0.00309481080486404
0.0669885804599229,0.0407204840560138,-0.0135809521823394,0.00244392563142303
0.0727665004611177,-0.00547605502954293,-0.0251108623645578,0.00716319348484644
0.0659548886426479,-0.013185704111197,-0.0246584425227849,0.00876811001849896
0.0339183602549749,-0.00755602009385287,-0.0113633870322874,0.00634326604406786
0.00237544173567174,-0.0156462710426837,0.0127290267960037,0.00215480203522192
-0.03638578416177,-0.0402113997386439,0.0312530543280215,-0.000270420365195808
-0.102835112183819,-0.078015134470609,0.0361113779143777,-0.00015694423125856
-0.137380919548915,-0.102516236902404,0.0292267514193272,0.000473514400440397
-0.0944208224745003,-0.0748403119237123,0.0154178317849382,0.000546189818623933
-0.0123817281906439,-0.0199600605721556,0.0010909075618366,0.00109705699709299
0.0313713981978535,-0.016104770882961,-0.0103754841544361,0.00214811900538324
0.0142804573041631,-0.0561064630431591,-0.00563281490120603,0.00150159949922719
0.00863457158674109,-0.0700139285000936,0.023219289949834,-0.00171003620230721
0.0254868737100897,-0.0404506480173242,0.0550427052791155,-0.00488002821481246
-0.00142690154175257,0.00972126557023827,0.0647711710191915,-0.00510538867827013
-0.0509041623863734,0.0480617454755832,0.0511813428923785,-0.00292526957566429
-0.0768707696029888,0.0366538561760256,0.0333693961939296,-0.00130034713300974
-0.0897454238542586,-0.0200039019842041,0.0303601223878788,-0.00170101771592756
-0.0905529157441426,-0.0587777950964266,0.036803118114068,-0.00245969906863046
-0.0832038750278232,-0.0266628809428346,0.0205842027713835,-0.00161682353386119
-0.0743157557982075,0.0460944397781273,-0.0309974488672345,-0.000494554131306431
-0.0557054695044622,0.0874175726414525,-0.0877077805508689,-0.00168702702339237
-0.0279882825244704,0.0587553827789017,-0.115253289551939,-0.00389765914354075
-0.0076690071105889,-0.0381237123198319,-0.0994623849400583,-0.00349383246641142
-0.0312537286464677,-0.140267666300551,-0.0465684996019944,-0.00148638724671655
-0.0662723482877326,-0.161693787463778,0.00555761389055628,-0.00161823745287784
-0.0551559867284452,-0.0947139956724536,0.0140868073643817,-0.00303629006534485
-0.0395997798144117,-0.012143245487606,-0.0196862696174614,-0.00297030890887058
-0.00931184831362165,0.0322330598326639,-0.0461280279291601,-0.0014311460310502
0.0288289710510969,0.0413633000901121,-0.0177026204794417,0.000398960355952357
-0.0334004333170007,0.038554135856561,0.0398153937288099,0.000624119535290958
-0.118973840042685,0.0356842732578346,0.0679980696755907,-0.00188343218146641
-0.061375770281756,0.0147962538485771,0.0521956093207376,-0.00388644037055554
0.0814490192431442,-0.0207351888474292,0.0125256229983916,-0.00128783004527133
0.144478664390715,-0.0162152810316364,-0.0152397403146655,0.00385378968716435
0.0959285746218123,0.0431227860023042,-0.00938663335176423,0.00589412959849407
0.0199896230816309,0.101054666403085,0.0108337520858494,0.00361753875089065
-0.0469929706391155,0.121561639196954,0.0112889789260624,0.000631152008483912
-0.121234029035999,0.124097653766569,-0.0120165437387653,-0.000161003495262464
-0.153829613426436,0.129746179374042,-0.0249294371795856,0.00114215600857829
-0.103191911022383,0.129810121893715,-0.00440629463586873,0.00299269319066869
-0.00861844876570522,0.109011436105606,0.0297542732572574,0.00362748241142346
0.0909622532153171,0.04877332156933,0.0505007846043311,0.00215693532047269
0.163190790875072,-0.0214881515876813,0.0529415495227773,-0.00109469507369922
0.170822215533893,-0.0527228576953983,0.0373514818286589,-0.00505843709572235
0.151789321090288,-0.0870795158656082,0.00342854145733186,-0.00780649157697487
0.140656833722392,-0.129006237541809,-0.0243622694893115,-0.00747350905385227
0.101381558386847,-0.11527961566085,-0.032102918125927,-0.0033523646243249
0.0870840595487558,-0.0908211345513698,-0.051012490174958,0.00329130614058603
0.113950075937476,-0.117695079364801,-0.081709144206224,0.00876494051952112
0.0374100062514347,-0.10184220066948,-0.0716365110201312,0.00983185081552926
-0.150951595474465,0.0490538431625037,-0.0181534710849774,0.00705317440493768
-0.275084377621131,0.243851183399042,0.0140681729397488,0.00364319814006214
-0.263389699820754,0.353019550507089,0.00305901230033167,0.00147816869844381
-0.207594680563616,0.341285890097936,-0.0124911395278851,-0.00106288831568951
-0.146467625259203,0.240596675698659,-0.0158997878840075,-0.00594408292763184
-0.0611056402474527,0.123875827650371,0.00105105918134614,-0.0111544959579953
-0.0352141501560538,0.0344509456629879,0.0402464126757634,-0.0115663084867429
-0.114376576087867,-0.0459934421469619,0.062861309731617,-0.00395604833400585
-0.172925811344947,-0.132390326674976,0.0468812104229085,0.00827114158092093
-0.0949486590646866,-0.207537947568176,0.00360874795137404,0.0172209941291743
0.0580174796752705,-0.21131676797404,-0.0293540403385597,0.017552496707267
0.165016802432098,-0.0849229544382323,-0.0174448557556595,0.00973505217754684
0.224512305048568,0.0714939555482129,0.00894418823210525,-0.000700700230312736
0.299087815458411,0.0681325984547477,0.00139446553795925,-0.00703981912222599
0.367930821185073,-0.0681790448697049,-0.030693075411541,-0.00786920737534536
0.347478463343116,-0.136329913564488,-0.0417959097592819,-0.007320528358322
0.217866413218368,-0.0836995405042351,-0.0239999689057233,-0.00732088213441867
0.0660684454054194,-0.0163393616416747,-0.00427458640192641,-0.00586705091343802
-0.0426787384351546,0.00658582966752655,0.00775505629378628,-0.00261366967442334
-0.134886415675677,0.0126194010388479,0.0191494030310425,0.000801355761274205
-0.199559326764232,0.0262376572915272,0.0194855369086864,0.00407005368298069
-0.200994731138842,0.0380132704039886,-0.0147482984390437,0.00728131789771861
-0.148092400169598,0.0418262325869158,-0.0622089137790441,0.00911461367472958
-0.065072088410346,0.0473008667481317,-0.0719287738518624,0.00817908763879086
-0.00735534995591224,0.0578972132702358,-0.0492760711319591,0.00512375374995004
-0.0102854805167254,0.0575528450540946,-0.0344336075176194,0.00242946319316597
-0.0349712013819002,0.0396023532429179,-0.024007575639493,0.00135820137092
-0.0600902154009154,0.0149570527621674,-0.00290804267275344,0.000651855232458117
-0.0912678693953826,-0.0146194423297659,0.0153553180092021,-0.00167627989468788
-0.082452471679466,-0.0437702925307864,0.0288084961338457,-0.0064851813876494
-0.0219062140916725,-0.0542746881208685,0.0470976408296448,-0.011225349172318
0.0272993959984755,-0.044045313341826,0.0583104241027724,-0.0122011644573398
0.0498580105497461,-0.0339905293601032,0.0481847106862293,-0.0102705006712888
0.0766890999403411,-0.0379714085679346,0.0215812298719198,-0.0084813719149973
0.10474096177164,-0.0494215330447961,-0.00826244627184713,-0.00673538405317887
0.111665098015755,-0.0633412670172148,-0.0322713617701033,-0.00364338841779217
0.0921070831434423,-0.0802837879733561,-0.0475290042116122,0.000443052679794637
0.0578837671112368,-0.0870955183619135,-0.054601422286069,0.00460861040389059
0.0147008681225251,-0.0803555348150886,-0.0609898813706705,0.00787333587658785
-0.0321043759505187,-0.0781383134643163,-0.0757255740690821,0.00847938363977985
-0.0646297333445324,-0.0735892588179295,-0.0786438963802043,0.00558850851329442
-0.0577938514997636,-0.0455850457299336,-0.0484130972631647,0.00129649547637541
-0.00624348160725284,-0.00515966166042885,-0.016384514585604,-0.00103556775795062
0.0476895331812543,0.0296073985070014,-0.004619212673111,-0.000651950929513272
0.0748194027264735,0.0500886511272262,0.00709279626233039,0.000164954358416574
0.0735336218909261,0.0506957607053151,0.0207361677366663,-0.00022671748238616
0.0662119290104474,0.0450673830399515,0.00566916708473925,-0.00138719722365945
0.0937120290946989,0.0493899648345742,-0.036549280336301,-0.00266833713452699
0.0844283057391021,0.059463405945369,-0.046358712006937,-0.00368006138569223
-0.0285870686827677,0.0581845890603237,-0.00240964525253583,-0.00382330869697684
-0.0742514199781101,0.0435264022558915,0.0409836486271072,-0.00225069578209662
0.0506209011787781,0.0259748632279379,0.0473552495034746,0.00177577717489599
0.137813739834597,0.0120588760090157,0.0383941285645155,0.00717369802222813
0.0447368663093014,0.00752134433244266,0.0336564566572417,0.0105022407730631
-0.106047046232599,-0.0021443629478236,0.0262046603568968,0.00944388266067872
-0.140816396976901,-0.0169507697213949,0.00884534103016742,0.00522110478510065
-0.0319323257974827,-0.0119408608381414,-0.0100492980038226,0.000649268012823502
0.0785946376754717,-0.00311998957896745,-0.0121580060202464,-0.00230919663288315
0.0789175311641053,0.00149872409834255,0.00313309012306105,-0.00398210145349199
0.0328064719439482,0.0417061049884549,0.0220431413735564,-0.00516833662609909
0.0277124131444014,0.0937972851907416,0.0397750788842125,-0.00465331222500132
0.028896919966395,0.0716379505959278,0.0552327716797524,-0.00265432046174723
-0.00741284105421806,-0.00959645537258375,0.0591147586371103,-0.00197422499684117
-0.00469501491448782,-0.0966396538626639,0.0410854106046185,-0.00244187340300596
0.078350815692134,-0.182043594918342,0.0199729008332378,-0.000754429422607636
0.133608729889945,-0.178247913896483,0.0362396786921234,0.00361275849388568
0.0982382591341492,-0.07562251523084,0.0854073680378225,0.00793761739659954
0.00244060555906919,-0.00191480590746329,0.10748541185804,0.010099184646076
-0.112494125190331,0.0287346614157556,0.0812694419928409,0.0103637939391033
-0.16755390345301,0.0421638722791533,0.046353161823164,0.0100913491664199
-0.131021516658541,0.0120476728935836,0.0298180292933482,0.00860057335572577
-0.0915604846876724,-0.0136901559751049,0.0337373114105772,0.00439308744039423
-0.0988424333327836,0.00902748906297166,0.0329429252551356,-0.00134083968996973
-0.0660873206475515,0.0346279841800074,-0.0161912093557636,-0.00598381223085984
0.0219164133315462,0.0490222586631712,-0.0864749587001964,-0.00819953078082045
0.0339309135326616,0.0646147327060559,-0.100308389163934,-0.00848423488778345
-0.00222609866268761,0.0675145901525876,-0.0658035929691204,-0.0090897087770402
0.0591392414134331,0.0573362345297372,-0.0438239333404261,-0.0117078823217335
0.140260411802042,0.0461784829595224,-0.0435404306663324,-0.013830988435045
0.117997895854847,0.0342674596875384,-0.0556004645780534,-0.0113535073203427
0.0526197431007393,-0.00177146526850738,-0.0661311421755033,-0.00472415640688001
0.0149541729083388,-0.0593984949392705,-0.0353499405734403,0.00214498169033611
-0.0145343478773688,-0.101832579530865,0.0367182860618367,0.00651078206666098
-0.0168928015180037,-0.10909378291081,0.0997517788226103,0.0080329371044779
0.0166120277304528,-0.0825680152706166,0.126166105130335,0.00858006130534464
-0.0274880184654326,-0.0398385251057535,0.124609239713066,0.008904921125705
-0.128373188217406,0.0025804245022532,0.0956653549714334,0.00649020789184061
-0.125634366158899,0.028649489942455,0.0464251721681217,0.000609033926271998
-0.028396555824735,0.0324905727898049,0.0152767246179885,-0.00479136109472839
0.0311472658112546,0.0425023033789397,0.00834327469685111,-0.00584849154932619
0.000525987529492114,0.0651682838295881,-0.00874329782589558,-0.00342187399737984
-0.0517061247868528,0.0645516682763912,-0.0394807802461384,-0.00194947098334874
-0.0441888678641946,0.0291534167743756,-0.0530380711681271,-0.00386417087207636
0.0310824337408472,-0.0210580333630778,-0.0519726196386757,-0.00653937376766878
0.0907270555509645,-0.0571066776441996,-0.0701326621075095,-0.00628368595854975
0.0667748100062852,-0.0488358733941951,-0.0909642253330979,-0.00328529983722543
0.0407150895775404,-0.0186420568245084,-0.084133983871755,-0.000425347381480222
0.0623761806263353,-0.0317545775744703,-0.0803934087287759,0.000454020195559993
0.0461016439192708,-0.0727763996072147,-0.0919704191570433,-0.00105465586651293
-0.0274734804503073,-0.0611909477392465,-0.0823275561478267,-0.00448142433472748
-0.081413212524275,0.00615098010258559,-0.0529867975394698,-0.00807274011997994
-0.0994340766451933,0.0677718108954353,-0.0292254086870547,-0.010022978579698
-0.09351697431265,0.0929276770352588,-0.0129724186722529,-0.00948386569215291
-0.0614383335874045,0.0923699292310163,-0.00195476027979846,-0.00622902369570568
-0.0370324878629687,0.08994488810359,0.000881499841258637,-0.00168324738488116
-0.0149989909256721,0.102772018635964,-0.00399919260165314,0.00215105068821123
0.0170396711578397,0.122538939189091,-0.00788571191960795,0.00537013875444122
0.0329582967690565,0.126017950758939,-0.00458627785347292,0.00837564281506499
0.0345803033163283,0.106943401612145,0.0033874773254852,0.0101507349632764
0.0270283546436981,0.0700487927200428,0.0120618025830246,0.0100530061238122
0.00684119430110108,0.010767155327074,0.023457571151779,0.0084456396722873
-0.00239180649429263,-0.0583419252748625,0.0334468352273315,0.00576516504252783
0.0226286138857683,-0.100707128147742,0.0304743689331513,0.00254698588879605
0.0507976277364065,-0.101110631723112,0.022719135567369,-0.000138150876621662
0.0506781576530319,-0.0700229074259593,0.0196161694141911,-0.0014395755497617
0.0451562313507143,-0.0352416561689363,0.0132313144423301,-0.00150677855098757
0.0577902539237086,-0.0349015990362072,-0.00166898508968319,-0.000714655954656924
0.0622926579919321,-0.0689084323311279,-0.0233534780698104,0.000928597345695374
0.036486337823335,-0.0918167076123774,-0.0365097439588116,0.00288315884741037
0.00953262451487971,-0.0706932863100731,-0.0227026292967187,0.00415666086801579
-0.0255562297144032,-0.015967296212469,0.00228554803101158,0.00459147391123986
-0.075841932756172,0.044229761450113,0.0130553997018616,0.00448213625081688
-0.0985377009386039,0.0955689982481922,0.0174122218387207,0.00379848483485633
-0.0725139786098709,0.121008077041112,0.0266448247479794,0.00326258084198688
-0.0233314764234936,0.115372008161773,0.0331025675917479,0.0038503374591117
-0.0118243469061998,0.109213910401391,0.0293730372525856,0.00476951741302538
-0.0482897136856067,0.108549856839212,0.0233842323509712,0.00447453555345117
-0.0891932927772786,0.0899020973340394,0.0236648743640493,0.00269085658478605
-0.0977160293055394,0.0294784294498714,0.0201519299793665,0.000571433585771214
-0.0472734490673265,-0.0599480405956582,0.00953318406801683,-0.000853369666542422
0.0145489538453571,-0.0983100845016549,0.0125719681398337,-0.00186926425198538
-0.00306872600464847,-0.0590516505581716,0.0411199591990326,-0.00322467105641773
-0.0329870193158241,-0.00787017131641373,0.0730003609605522,-0.00527019130878481
0.0232189105219177,0.0226512693482426,0.0880968157435355,-0.00714888595139923
0.0709046801937829,0.0394140885551957,0.0881176520526496,-0.00622961163332831
0.0382536569812208,0.0338967986010329,0.0693799225935165,-0.000764225166200332
-0.045794038162422,0.0139562975571402,0.021102101469598,0.00685415828941932
-0.126556146662214,-0.014759453180331,-0.0463264962767716,0.0123436127168905
-0.137178817385956,-0.0779681566076659,-0.0826182027801221,0.0148697315325245
-0.0839663100303611,-0.130943046180386,-0.0564015036959422,0.0156339736415983
-0.0167512224969798,-0.108236252423727,-0.0022061255992748,0.0132239414835521
0.0229155405923424,-0.0509430482388205,0.0331719604482525,0.00631192258715761
0.0282111581629202,-0.00171196379985082,0.0396659880281561,-0.00276247566894698
-0.0149544262898141,0.0437563094904047,0.0343465099549795,-0.0106444073103661
-0.0628173520354869,0.0638680115015443,0.0177468489287899,-0.0159764285076889
0.0280555076763969,0.0428294558444507,-0.00720964693269742,-0.0181475299194775
0.175939693566674,0.0176931204429375,-0.017139015314245,-0.0164306904483785
0.173463579682133,0.0316670611978583,-0.0203989793967347,-0.0111326879925274
0.0997622605812081,0.0632923459046324,-0.0383538646665013,-0.00361649178747591
0.0653893324412481,0.0550126816127531,-0.0637482210798221,0.00351007161733953
-0.0310246583787758,0.0150683481462155,-0.0731798194946826,0.00697493401762255
-0.156068330000515,-0.00395647803733402,-0.0641166024091057,0.0057251225269956
-0.133967611070941,0.00857756274335018,-0.0523922428095751,0.00270263156924285
-0.0397059760212383,0.0328010220530075,-0.0368195215372233,0.00172482911863566
-0.0592860277597996,0.0419976026728745,-0.016639633558954,0.00130203983479152
-0.122978336179747,0.0240247451375724,0.00466633246329903,-0.00283533237361433
-0.0739825581261606,-0.00690600225482393,0.025808272365082,-0.00804168481489394
0.0195636001320499,-0.0401073291127028,0.0384913705993703,-0.00766583334445226
0.0263392489706129,-0.0644382709901989,0.0422675144790587,-0.00199537526492342
-0.00927049443977185,-0.0565009851755482,0.0412872335632748,0.00254640508127064
-0.00112517665948418,-0.0162861136879434,0.028116639790074,0.00275567418323457
0.0348567766550664,0.0106352529292318,0.00161084433460531,0.00129772398696982
0.0532871438066972,-0.00107273553462966,-0.031282433254629,0.00052718164701304
0.0457927802198513,-0.0320639560133885,-0.057443899144897,-0.000803338913804493
0.0377320350409276,-0.0691398542342108,-0.0584824367376001,-0.0043359221806796
0.0587075485901591,-0.0889282012903049,-0.0426689778334784,-0.00917539465978305
0.094194073839938,-0.0654578150182715,-0.0194231271382636,-0.0120248031888358
0.107636648928935,-0.0157518708119546,0.0141496501255735,-0.0102119780642384
0.0938987266738509,0.0247203419217788,0.048800339568462,-0.00458482590524654
0.0777393345000766,0.05305892140379,0.0613583173592783,0.00178014282626737
0.0783512842375587,0.0810071696404813,0.0405811083852012,0.00685459218797099
0.0962271649128912,0.0863252620772151,0.0102217120120886,0.00978374147736709
0.10403026320863,0.049315508357796,-0.0153336943805316,0.00970313492537934
0.0643127486461879,-0.00161551937833827,-0.0383205572445632,0.00699548231848734
0.0129756529694537,-0.0290114499994112,-0.0516950851195497,0.00357159634784163
0.0166573903385459,-0.0564471655165562,-0.0605538413436626,0.000668750065738419
0.0352209616085395,-0.110143697074902,-0.0798865837621868,-0.00186729245567279
0.00554758483130122,-0.129853018515825,-0.10006342770809,-0.00354453363751497
-0.0386341718751269,-0.0797870415966024,-0.0976711471020663,-0.00212330152995375
-0.0470424761476552,-0.016965065940993,-0.0572077205112338,0.00226180704694041
-0.041389853894157,0.0153426350529386,0.0192247990536944,0.00434443320677768
-0.0857632688393598,0.0398793398405058,0.0813110441118342,0.000491412827372925
-0.146601371611937,0.0749768428625632,0.0762813690345318,-0.00618838182243308
-0.110057938157645,0.0763758944399127,0.030543926640971,-0.0103649275070732
0.00949633010002165,0.0241906195440922,0.00652449709431943,-0.00874326423455309
0.0724572008050836,-0.0178002036899479,0.0163481816366387,-0.0011940264217984
0.0423883595248495,-0.0144778377827797,0.0306714458387401,0.00774570134504908
0.0282970972972816,-0.0159171978670187,0.0262798835008991,0.0110660989239
0.0620053907211153,-0.0587720402201579,0.00791506033064989,0.00636928622204419
0.0594742099009584,-0.0922670893542106,-0.00687932176903318,-0.0018633806142005
-0.00784991224644851,-0.0587934933617198,-0.00704401707493692,-0.0071189827684387
-0.0702902647793226,0.0129896721868878,0.0133726416557007,-0.00566600490131173
-0.0620639913753974,0.0583404907927366,0.0413986638968787,0.00109442792855289
-0.0158863607154291,0.0635355899716827,0.0504066992790486,0.00801438580165205
-0.0097808677267474,0.0578683346392842,0.0401072494533449,0.0106841235413242
-0.0269920313332842,0.061702793533027,0.0366408080713355,0.00908309706727955
-0.00537204736395556,0.074425558703322,0.0405934534968199,0.00651391121786828
0.016611506190762,0.0741858573516755,0.0237923872763907,0.00511150830000608
-0.00568808644447069,0.034400662611554,-0.0193959235478313,0.00378792474870855
-0.0545080977577768,-0.0325360264570797,-0.0492261790498619,0.000750237198167988
-0.0879437725291551,-0.0886189911269772,-0.0465673321384622,-0.00362003913143279
-0.0529489839995791,-0.11646692048475,-0.0440749326362102,-0.00706094246541223
0.0253482655960706,-0.122221663523109,-0.0511159386379395,-0.00777803312300023
0.0958868293578902,-0.113490039145632,-0.0630312078892233,-0.00683856403320259
0.166081191010192,-0.0748042255189323,-0.0769907867408631,-0.00709631069073185
0.201531071917905,-0.0105364999715065,-0.0648661267872947,-0.00951243515723614
0.107649183919351,0.033668865657856,-0.0274865733730039,-0.0124217220988735
-0.0763653979958977,0.0386575706936847,-0.0040681131193625,-0.0135351365676181
-0.178855618522427,0.0346791037592353,-0.00364169308441166,-0.0110458117669098
-0.173158530438544,0.0438111073186686,-0.00397219072802826,-0.00417936051714242
-0.131486197634026,0.0454751060051046,0.00361169825316055,0.00551974061691626
-0.0666541217713065,0.0221220655353751,0.0203872666917039,0.0142039870229397
-0.0253707156906552,-0.000870384592030411,0.0404785065161979,0.0185822686351042
-0.0448901266884987,0.0136262872780811,0.0403239487211098,0.0181912331627004
-0.0763502266444896,0.0462997043961592,0.0175374849768367,0.0141654323184059
-0.0686630644737488,0.0410691308338354,-0.0038144652624611,0.00781208635728186
-0.0238099280207214,-0.00655566680255485,-0.010146962798686,0.000940382188848544
0.0176149062372086,-0.0498219754916558,-0.00850244062496538,-0.00420181723813992
0.0461216933157827,-0.062976032819594,-0.0128665640845894,-0.00662856410153654
0.0790840480335905,-0.0559912409043975,-0.0216854170822453,-0.00723047079797955
0.0835394911340903,-0.0440741054327628,-0.0182594175085758,-0.0067023967537059
0.0457680686883658,-0.0417125723069717,0.000533057003990398,-0.00493413509174706
0.017341244413982,-0.0501490126520088,0.0162042358614037,-0.00275034719558031
0.00456858038803424,-0.0538788016511414,0.0179245421679609,-0.00169560455719895
-0.0238266862501827,-0.0422589669189697,0.0191869143703653,-0.00207762511738601
-0.0541686617975633,-0.0203445921945963,0.0253279684904842,-0.00277250251778514
-0.0485112791780901,-0.00581278485833357,0.0207920974845516,-0.00260013070313017
0.00396963327028717,0.0023049411876463,0.00878306175213264,-0.00204424966136167
0.0693752858348055,0.0243194941284017,0.0076841236376985,-0.00187909931118892
0.10869603701423,0.0472306646108711,0.00721663802462277,-0.000448291954282792
0.092806721088662,0.0432985736028261,-0.00459727210410883,0.00320391805591117
0.0247292684921344,0.0321379468498734,0.000869025842489997,0.00628754104776713
-0.0247246653102396,0.0327164873108458,0.0431095324960589,0.00639475274702159
-0.0364288644943606,0.0240710048160143,0.090737322634372,0.00444114988173721
-0.0827342472776658,0.00635076518486133,0.105579831200823,0.00170484844225382
-0.136216783765123,-0.0240509384774482,0.0780189731276439,-0.000921493096113222
-0.105049507568678,-0.069060497598501,0.027010429579067,-0.00155802775498519
0.0101653491779234,-0.0790110091119642,-0.0184292383326363,0.00113845209831509
0.123359886016606,-0.0434635719644539,-0.0419138186952358,0.00653033061454982
0.0839807352170068,0.0086877245273802,-0.0373335152831386,0.0110942654474405
-0.0718615690676181,0.0737589459848255,-0.023760352323696,0.00991085307415784
-0.107228560182158,0.120022408738655,-0.028934423945259,0.00276785514907597
0.00401671972197628,0.107234719845344,-0.0464495177735448,-0.0048361574366405
0.078120798368581,0.068198351235189,-0.0488442782995591,-0.00833804564888062
0.0595367555158606,0.0266738528198248,-0.0195297318351634,-0.0077174603022342
0.0535842555688288,-0.0542949422910046,0.0343995459762899,-0.00551774191482568
0.0759734620635338,-0.138996492848242,0.0740819939206217,-0.00395947992139418
0.0520584933058326,-0.16289250762139,0.0647183427265804,-0.00355297489553759
-0.00551126745170916,-0.13895706864828,0.0268350708197958,-0.00314303490301335
-0.0332330363368327,-0.0964915228855714,-0.00190626817901585,-0.00158036119935084
-0.0167371016054792,-0.0365428757220244,-0.0130996265211049,0.000269946944479836
-0.0079108895809244,0.0559318289818984,-0.00962643705704205,0.000677067706966562
-0.054667694878472,0.154946281056302,0.00362510800717851,0.000485971980745601
-0.100556460796134,0.202989303583564,0.013466393013374,0.00172963033981308
-0.0771339319353058,0.189027351614947,0.0179090298786035,0.00366633307114128
-0.0325460022082928,0.162235188703281,0.0271867674836209,0.00463461713366288
-0.0107704107269141,0.14088624577083,0.0363954926691848,0.00482156794587203
0.0472735947009491,0.0885440148540183,0.0379955063332679,0.0047328002331724
0.159442030980129,0.00828792687157406,0.0339692715651923,0.00337626053726244
0.247253746883359,-0.0477265506107943,0.0258675887565683,-0.000462901508389475
0.2568642392748,-0.0564535727163961,0.0182499830498852,-0.00591972791004401
0.152045240814235,-0.059216221544805,0.0110683828802894,-0.010823574693806
-0.0538771884244726,-0.0767027275528452,-0.00352832668053392,-0.0137045079858351
-0.205734516196026,-0.106397719832594,-0.0327893025516071,-0.0131964489700311
-0.188795533532561,-0.153999343161442,-0.0667363551289482,-0.00836470018427155
-0.106914188850779,-0.151702186335687,-0.0748204847963201,-0.00100196459498985
-0.0931655950532172,-0.0582309337683082,-0.0429750833197534,0.00555375361253765
-0.10705376122667,0.0489638356119221,-0.00364076709704163,0.00930886284930833
-0.081340939028184,0.108623354477383,0.00995470796305785,0.00976358693066866
-0.0301836221315527,0.124526823668352,0.00677065116926634,0.00761798550340337
0.0252960861660229,0.117069592083676,0.00500619669787864,0.00441632550657556
0.0680949926953079,0.0808829738541834,0.00938996797964878,0.000763152909048595
0.0995045240626139,0.0163259162835098,0.0111903717291057,-0.00350349701879671
0.124216746954735,-0.0256107704608353,-0.00182413443617936,-0.00669506288495362
0.114053572972143,-0.0302646238945781,-0.0203223549334952,-0.00640504328568612
0.0787651766538185,-0.0338011841038028,-0.028746127461531,-0.00333350142850238
0.054461835649153,-0.0319620130459582,-0.0258201370983038,-0.000376812947111613
0.00314667813482876,0.000596039996416907,-0.0202438273098024,0.000924502157588788
-0.0826745264141079,0.0319738314068412,-0.0212356343804266,0.00141144572417992
-0.138950565181407,0.0273019877632572,-0.0175166524514809,0.00262661561891737
-0.178397295547604,0.015651126486107,0.004190172429788,0.0042669219406621
-0.215041616029283,0.0182556374460503,0.0329495237592658,0.00487308384741928
-0.177412039195928,0.0122833000727369,0.033781560795848,0.00473460315295146
-0.0535096273239641,-0.0141577840960048,-0.00362176116300271,0.00504120230495109
0.0624653038000013,-0.0389572935438679,-0.0324476193488868,0.00578984528348193
0.0866701509558084,-0.0379019299066489,-0.0230572977623102,0.00607722474027147
0.0511553255551094,-0.0148973976274601,-7.30673240938451e-05,0.00425506826254002
0.0255909614958896,-0.00284896483058064,0.00623883191193234,-0.00114350930993674
-0.00426061135247201,-0.0157015571799203,-0.00634233620285134,-0.00922637799702765
-0.0507535074580062,-0.0150249532760416,-0.0180130757617132,-0.0161332129531574
-0.0783012618619442,0.00918284427638672,-0.012487928757553,-0.0173105037802119
-0.0462476144424781,0.0183094701507556,9.64627669069254e-05,-0.0118996550554034
0.0247993452921756,0.0122493937092416,0.00240037524664197,-0.00303663717931409
0.0522672951864372,0.0177954671615758,-0.00117068184915959,0.00618893785946841
0.0397762025263647,0.025573970897657,0.000941488864988339,0.0137236177414241
-0.0133078595078702,0.00766314994563023,0.0140201517469471,0.0181381654108166
-0.116659826196705,-0.0202507267062187,0.0345835438710751,0.0188456078572691
-0.108249966676852,-0.0348604323065221,0.0446114144875895,0.0163226017577972
0.0659048199496498,-0.0721100967758442,0.0321276253186959,0.0126839271428145
0.195941100381576,-0.121621272459355,0.0201223773505303,0.00895644825265372
0.189379661509672,-0.104282304077965,0.024629802407715,0.00388929797472387
0.155069830073316,-0.0402865064635244,0.0230755741872462,-0.00181082375439348
0.0766890583178899,-0.00962340328067406,0.0181982293644492,-0.00541005968795295
-0.0930363682170168,0.00654075931476136,0.0333406022115991,-0.00675625058306929
-0.171277011412705,0.0563191288198845,0.0455429660144985,-0.00775289289149911
-0.0378453903070251,0.104728152650374,0.0213636414449802,-0.0083272885773339
0.10707622915635,0.104890345310944,-0.0227639292218601,-0.00734280984693256
0.0538010386657648,0.057172447344182,-0.0489351361457257,-0.00578180923380844
-0.0808448914335141,-0.00604131559048403,-0.0595982068584842,-0.00473141386707183
-0.0831215293858494,-0.0435776576431188,-0.0715253855306802,-0.00255006991066221
-0.021636354439238,-0.0490774098984582,-0.066100317006275,0.00185584166816799
-0.030498206230064,-0.0333976772388965,-0.051501956626671,0.00593725956236651
-0.0303082703770833,-0.0129737857955277,-0.0595325002247942,0.00615418546111307
0.0103379036129088,-0.00271008289762921,-0.0587785917911799,0.00131288595005613
-0.00626347389139677,0.00560651733820342,-0.00503866271743932,-0.00588538054882001
-0.0509053967164844,0.016620178124421,0.0677356857064577,-0.0101310608037928
-0.0102265654606211,0.0199601699907876,0.0936647282741638,-0.00846558915000625
0.0790470017731648,0.0134528917327811,0.05969276663439,-0.00306220071986704
0.117483875326252,0.0176701283487074,0.000444523481999595,0.00139811276696219
0.121419227651356,0.0389838182763896,-0.0403566758736095,0.00280202008712772
0.131828375401087,0.0540245699539353,-0.0484083975639494,0.00317737546633524
0.128258941301222,0.0469822675395011,-0.0389034316733661,0.00433467578209283
0.0981681453378095,0.0262773012260102,-0.0179327863320758,0.0048482323566079
0.0696989838054281,0.0163449880457594,0.012108040462234,0.00343294796295864
0.0258349760598662,0.0270917481638249,0.040784054897822,0.00165632008804084
-0.0690298315256611,0.0360223708391182,0.0521642129358766,0.00100576620080271
-0.171178993563887,0.0131075724224264,0.0377412267769208,0.00078835204413416
-0.201663461934618,-0.0418326106622542,0.012258166792274,-0.000430653604099214
-0.161467995445775,-0.0713963463135917,0.000749121914366411,-0.00261968806238108
-0.117699684454232,-0.0303758144986118,0.00587825717951711,-0.0040541044130519
-0.074123047565644,0.0276033267137842,-0.00221930309635087,-0.0038430202926761
-0.00790102636972995,0.0256330828543905,-0.0336430287328743,-0.00277418313533932
0.0497442471608209,-0.0132310880242819,-0.0594556829557232,-0.00215517314071795
0.0749286354601076,-0.0132124627889435,-0.0728143868540381,-0.00306244171015038
0.085455335533104,0.0170423447525709,-0.0851101949230396,-0.00554536497214414
0.0825460067765708,0.0269025236271951,-0.0788748923354456,-0.00833905930358407
0.0352667443398729,0.0225856316431693,-0.0483144295914181,-0.0095579563470495
-0.0287634256317415,0.027386237553983,-0.021693853825684,-0.00786395397808029
-0.0484991037691388,0.0292763823112539,-0.00947623891196883,-0.00302963110000755
-0.0390415986456091,0.0143338499101662,0.00219069223672453,0.00402699060073003
-0.037577378183342,-0.00977147903621215,0.0144180427243064,0.010408636508586
-0.0428280557767108,-0.0302384247550373,0.0209613464875152,0.0124351269210354
-0.0411055213586234,-0.039660839119624,0.0238670957792522,0.00939594045855589
-0.0199261637262671,-0.0525336362789142,0.0210278083519772,0.00396715507383942
-0.000328327234759167,-0.0575661158151801,0.0126544224126221,-0.00103721111516877
-0.0206016617573196,-0.0209221712520751,0.00571959507649471,-0.00400699500631035
-0.0701072666577604,0.0380718704042387,0.00263766740172548,-0.0041282183910674
-0.109691996990965,0.0855684814482638,0.0188038609630514,-0.00241657262476108
-0.114268739979403,0.112816566984986,0.0625240154643832,-4.82243292032301e-05
-0.0805443691124905,0.124046791291773,0.106952384866748,0.00359755637244449
-0.026110244327373,0.121252558529923,0.133662250999265,0.00787153934836803
0.038093102626387,0.0794537535524805,0.139513835859098,0.0104928755905585
0.0949684554126108,0.00234767773113606,0.109671321109235,0.0105115946558154
0.143482243762122,-0.0703855065509153,0.0395303359010458,0.00810258275426906
0.247384268638879,-0.12978060630432,-0.0410930469978888,0.00268022608680412
0.388673163546068,-0.187183308658409,-0.102902019228333,-0.00485673540943927
0.37557685845314,-0.202254466085909,-0.132562685567506,-0.00946783856404717
0.119280847720012,-0.111019474081892,-0.130373917588993,-0.0069655487325578
-0.197448796104931,0.00738590668725073,-0.118864496329886,5.42635016059674e-05
-0.374063798153152,0.0477270578223305,-0.0893262585233738,0.00400984948880632
-0.37589665693164,0.0562775225688747,-0.027804168261471,0.000862160945171342
-0.243625806379943,0.0831993444887846,0.0250896561139134,-0.00508906897186764
-0.0261121711961586,0.101206045709273,0.0439583537692002,-0.008594062605333
0.154015981500105,0.0594449861100789,0.0562754900410381,-0.0100423313704109
0.215690144857461,-0.0553387858907309,0.0848770154326794,-0.0109600495680281
0.227971692979062,-0.168181005093381,0.114891400881688,-0.00943373612163026
0.198588750051597,-0.187699149044127,0.119087949353129,-0.00218794169992437
0.0940058106081378,-0.119038938068028,0.10115353349365,0.011083664746095
-0.00891918247561355,-0.0279370698917983,0.0885580386835373,0.0257797473842309
-0.0665632736347102,0.0600956650488362,0.0843191665197772,0.0345037919635967
-0.121809987642508,0.13443189726392,0.0674955475632317,0.0322209129311228
-0.158576321077857,0.143103261176149,0.0210609582376485,0.0207192267667746
-0.114298791763495,0.0791686672310814,-0.0530767849478516,0.00574197232946299
-0.0208874456180065,0.0184815237475411,-0.119423245984845,-0.0104425259037522
0.0651263827821177,0.00633032635649168,-0.130616587218543,-0.0275418244211027
0.126988756190842,0.0323723884158773,-0.090611169164194,-0.0400277524506795
0.118173301002507,0.0473035027962898,-0.0477347962714655,-0.0412842496870428
0.0534362573427128,0.00222550905389952,-0.0239416914270141,-0.032666608173048
-4.12693828518162e-05,-0.0516509138938681,0.00547194440080392,-0.0200302676851943
-0.0283217140220377,-0.0518190961318188,0.0605680045707196,-0.00609205601916125
-0.0201722513904458,-0.0369435249255143,0.0990335824824781,0.00764827720416224
0.0026572569098863,-0.0345338775637303,0.0774778437526924,0.0174112496753523
-0.00657335001287569,-0.0155231862342222,0.0240300617388933,0.0203041468404881
-0.0154037292770737,0.0104776885981776,-0.0160749646214218,0.0175203209981981
-0.00566402752436132,0.0154807150480486,-0.0287904498924229,0.012917892282298
-0.0328217911177153,0.0103685637734045,-0.0259856754602681,0.00894586266569593
-0.0796353206582129,-0.00518250147144306,-0.0395476881977741,0.00460895165053177
-0.0855274272520327,-0.0316626327788409,-0.0657973305972652,-0.000969960130091745
-0.0895799442847528,-0.0219225139810119,-0.0501651632682699,-0.00588890554324582
-0.121995806444186,0.0436565708658497,0.00807812369381264,-0.00824843630174673
-0.128521472995745,0.0706117441632259,0.0413190899047345,-0.0089081098072537
-0.0873931932378317,-0.010639875678378,0.0225716229248526,-0.00997086461655956
-0.00854503918780775,-0.0998851112948111,-0.0194887259411441,-0.0116377111616661
0.0959033387533575,-0.0922172612827808,-0.0593096663255595,-0.0118809380206518
0.172205641450356,-0.0212987287597083,-0.0784592814378723,-0.00903860705973199
0.165640563732183,0.0217966081820431,-0.0659218446759066,-0.00415656554704926
0.0784113667693474,0.0200059843675522,-0.0315643652523765,0.000260179579037643
-0.0297028134153338,0.0177229317753468,-0.0025769499437763,0.00345250553867248
-0.108969422265658,0.0318415287732673,-0.000678468924685913,0.00614937867514308
-0.141227179521387,0.0622792184253477,-0.0170039175970217,0.00833634674447724
-0.108916472024233,0.0851049558478011,-0.0316095279893705,0.00937054302949667
-0.0223776271202326,0.0618172954574932,-0.0373850199276012,0.00866830943992648
0.0585901525546997,0.0177836799119947,-0.029503726338007,0.00569253159688578
0.0799087098214061,0.00466987859976354,-0.00125034685293407,0.000330382293174144
0.0659063008525727,0.0211972408574824,0.0363879380394684,-0.00570929315764538
0.0391674375088927,0.0434253021754919,0.0569845520769567,-0.00902738810092717
-0.0128688021144684,0.0437254176926358,0.0493501057914679,-0.0081877360266955
-0.0520650187351214,-0.0188790607435131,0.0213442946023034,-0.0050578365082608
-0.0423072721384022,-0.103134964697548,-0.0103936567713271,-0.00211341965134209
-0.010637054527075,-0.117232698130611,-0.0353781407174665,-0.000399419938984956
0.00755716548785532,-0.0778653377885658,-0.0492321219387817,0.000527250822271176
0.0160877523713675,-0.0428601578932294,-0.0413599811930245,0.00177325762919219
0.0402222576793744,-0.0223336787629377,-0.0209547549542678,0.004290500318323
0.0689666305181409,-0.00708917464227365,-0.0124881820994068,0.00768856093470474
0.0612161398165613,0.0111756970941223,-0.0215339058559371,0.0099251817750693
0.0233487045003423,0.0315477687177688,-0.0431820731148725,0.00885713906196093
-0.0199484797856631,0.042431201267625,-0.0664587869872073,0.00480697089899533
-0.0867689906777035,0.0378050627863406,-0.0674271327297068,0.00123931405122861
-0.147633663594442,0.040323532309437,-0.0434505526182517,0.00141421374841352
-0.11806258196399,0.0563260510340333,-0.0227945640205538,0.00519586525084587
-0.0382361947306649,0.0575917978343248,-0.0116191216478154,0.00944936520290043
-0.022414727461042,0.0385816360919185,0.00359281556902579,0.010414104933258
-0.031076298355433,0.0177370830724366,0.0174222526942065,0.00671291552219427
0.0652985831316139,0.0041989455356299,0.0173709586040369,0.00141920591830019
0.237259030238559,-0.00885996039346457,0.00667114898322414,-0.00132323055750047
0.286141731944852,-0.0388641574842673,0.0143353648599274,-0.00183050752606324
0.140492120528446,-0.078205551407947,0.0470450250343026,-0.00409741865505454
-0.00240341001350722,-0.0908495513432001,0.0695351981516327,-0.00967288060103018
-0.000640002936449321,-0.0719950482460176,0.0738857867353921,-0.0145458646043768
0.0386158294391807,-0.0441604476129624,0.0788499139572991,-0.0138878569389554
0.0175163700334475,-0.0182918774811009,0.088551102266439,-0.00697552714618824
-0.0280584926787492,0.00298220737534702,0.0979827956004274,0.00317210601309506
-0.0483096092492389,0.0213142514947084,0.0914944234492361,0.0117479245978284
-0.0377073361489735,0.0227353414195183,0.0436108563491461,0.0154779331271299
-0.000752485492272846,-0.00808020567776079,-0.0306545784795464,0.014768312064002
0.0544242749195531,-0.0288374019185913,-0.0734308845934564,0.0114203060239361
-0.00499672830152349,0.0143980270211416,-0.059647887307028,0.00641276233560393
-0.200590025890938,0.0829301108189978,-0.0271803124539233,-0.000264055999094286
-0.224309774005431,0.115833286768078,-0.0248437053608605,-0.00772231082157228
-0.0260485516084439,0.124291258538606,-0.0286703511882438,-0.0122329960724598
0.0817888999724719,0.121268247640783,-0.00468544019176583,-0.0117687343384419
0.0305857497241042,0.0983630768838908,0.00846804565646116,-0.00886481850513305
0.0174503114426087,0.0272297592738567,-0.00796871013340609,-0.00538029608991788
0.105457594859571,-0.0919730305777563,-0.0324116881671899,-0.00107266655092498
0.159407969543996,-0.168024829714939,-0.0477369343876155,0.00308034554256185
0.128877409655559,-0.148217369065482,-0.0314676098209268,0.00474245115938512
0.0623508523457461,-0.0795249187142339,0.0159399222517868,0.00333319402154258
-0.0475074853492172,-0.0162407556007343,0.0630796114595978,0.00159441307210253
-0.14364777525963,0.0294020702092243,0.0838522644259967,0.0020750910809712
-0.137166206028055,0.0673040809330168,0.0733543441529164,0.00462412881628472
-0.0849074914302642,0.0934827774766306,0.0485062679222739,0.0075110820556893
-0.0492400997020109,0.084072181333548,0.0201490599655142,0.00845695102176969
0.0126867972023339,0.0403530439933349,-0.00946111023267479,0.0060070319909481
0.0975154670534282,0.0019819519641521,-0.0221047852866618,0.000325558057487841
0.114565142385686,-0.01239923401302,-0.0121486777131332,-0.00689215982232752
0.0566656561081161,-0.0162928299906755,-0.00103554569338805,-0.0130918640075219
0.0081358942832465,-0.0280266369495966,-0.00214461039341506,-0.0161913952267077
-0.00219246177852069,-0.0582978407160007,-0.00555462170704964,-0.0151708826156247
0.00688438810545064,-0.10240568235744,-0.00455361283536982,-0.0103417134478386
0.0130851772321377,-0.13655347323519,-0.0101896220390707,-0.00365304504229126
0.0128436700615484,-0.132117996225014,-0.0263352768491651,0.00265633538064796
0.0386779307254874,-0.087937000525863,-0.0430590027842886,0.00809535248938826
0.0687609159117227,-0.0353261384242822,-0.0505887818088766,0.0124686473384908
0.051385797589929,-0.00329642004260308,-0.0490126144236689,0.0138466076886224
0.00748697289852863,0.0294568063921173,-0.04611126922813,0.0113438434075148
-0.0239580812855467,0.0861809419850765,-0.0388950848426828,0.00650705877245047
-0.0211032158017626,0.122515740960564,-0.0286570189324097,0.000421631918090113
-0.00339974890703438,0.118204537932012,-0.0331150696179455,-0.00665698553412032
-0.0116339961410867,0.10242260224179,-0.0396742019182962,-0.0120426754739392
-0.029999112880915,0.0829712815283069,-0.01809768393445,-0.012098556182008
-0.035676869009238,0.0627153546934995,0.0143186779784631,-0.00784793220452757
-0.0395269225971525,0.0491087943720721,0.0411600891675414,-0.00302129802873089
-0.0358168351377841,0.0569213257960704,0.0735548283058165,0.000706580655055647
-0.0073526751789739,0.0768336059886752,0.0839155003683014,0.00384107777412495
0.0371090828765746,0.0633707973435672,0.0435026834718321,0.00698560573883598
0.0890299312602485,-0.0189618239883738,-0.0165859161908166,0.00844902720041444
0.122938352694365,-0.127808426736841,-0.058265040578765,0.00549317672649002
0.110204560323214,-0.157341844540241,-0.0754745720281993,-0.00090958354675519
0.050765044206902,-0.117279160144998,-0.062923607085727,-0.00594966552523126
-0.0354946021959814,-0.100546063271386,-0.0307228152943211,-0.00700750023345583
-0.0720754627415508,-0.128042246595408,0.00128100905044624,-0.00522703635468904
-0.027443676651023,-0.162474105863347,0.0412880525829105,-0.00232097510399703
0.0236828997944062,-0.154519715806604,0.0854227386623363,0.000441052348645395
0.0173240322772799,-0.0926666504916305,0.111188750309599,0.00230085690370286
-0.043030564762102,-0.0175888665488519,0.103061938572642,0.00310146160205118
-0.0818190575449832,0.0334068069783232,0.0631868264799282,0.00267062975690315
-0.0491271384184222,0.0522148855490597,0.0217120798675771,0.00128187309039724
-0.0186498998328143,0.0576443947151808,-0.0100088162648373,0.000238353795051347
-0.0186685157726047,0.0771791537639318,-0.0514446902018739,0.000553200657279094
0.0116030339035677,0.0951777665309866,-0.084074963466882,0.0017349978502752
0.0561786739305249,0.089246199048468,-0.0729612588555653,0.0019901656737576
0.0781542131921237,0.0649939184914518,-0.0337488247390003,0.000462033383813243
0.0885000861646711,0.014107793757183,0.00966821346581706,-0.00152263159296538
0.0921869431694192,-0.0524710115800365,0.0436577061097414,-0.0028061255385487
0.0705445106823594,-0.101441428156237,0.042403791005933,-0.00376392303858799
0.023262170621615,-0.12673309187962,0.00864302773502789,-0.00472593424773416
-0.0343192990330242,-0.113463404591972,-0.00781977701943731,-0.00467824452367236
-0.095517866524746,-0.0455661831200358,0.0190954915683047,-0.00236759984158996
-0.125840957532989,0.0483864756010433,0.0442634590296605,0.00130630137789747
-0.0969393126819723,0.1319324586609,0.0245305683453427,0.00388701061656849
-0.0425405779947457,0.180174063272401,-0.0124793798105248,0.0044069611487666
-0.0155892785603045,0.167134531809078,-0.0242127354498805,0.00351118866902035
-0.0175007718301136,0.0870141589438673,-0.0116372655412349,0.00155987419738801
-0.03077842379858,-0.0106108095219184,0.00872812412736035,-0.00196814662974837
-0.0500323265028065,-0.0644941761507387,0.0243500681201213,-0.00739963047513388
-0.0240190593009745,-0.106777576552995,0.0255475979970834,-0.0126632037871126
0.0636275643508944,-0.173479466936896,0.0111429353502317,-0.0138526103219974
0.114809555353114,-0.203545309704761,-0.0135523331239944,-0.00985195763034479
0.0812834975705126,-0.158539538596962,-0.032362528318591,-0.00282116576083411
0.0245395694501421,-0.0626050198415727,-0.0320502049463757,0.00523614224907713
-0.0338169673722327,0.0326076454293129,-0.0358207256729463,0.0122980914194685
-0.0947942570693933,0.0733517080666271,-0.0663386307793262,0.0153504309852513
-0.1042499797841,0.0578219171704836,-0.0926632249310328,0.0130376985903646
-0.0592342032906165,0.0289228252699749,-0.0794005969911252,0.00833445710103377
-0.0154023371545072,0.0201801858215695,-0.0456084824664777,0.00533423068756804
0.0127558917370993,0.0239673170880598,-0.0220724526994035,0.00460741801625084
0.0271941168547652,0.0198327591896909,-0.000754095747608062,0.00404315285919758
0.00338416003340208,0.00508452252823599,0.0300814016393217,0.00178266476378573
-0.0620175393744068,-0.00723855930394061,0.060602848071105,-0.00263408618761619
-0.103044692593859,-0.00472702076480928,0.0748086345754753,-0.00794552396059374
-0.0791380856669301,0.0104011948651091,0.0618513725059157,-0.0110079493631867
-0.0408271148059548,0.0284878495375026,0.0364045698739724,-0.00909335187244918
-0.0242402754328664,0.0330183547650731,0.0246367072327147,-0.003583836485283
-0.0212835570136102,0.0247468215742187,0.0276824757685074,0.000734716037286421
-0.00991267956360354,0.0236091153124738,0.0183540864159763,0.000669174579485654
0.0388163378459552,0.0344265402001249,-0.0092571608903381,-0.0024448210607201
0.0824540146959108,0.0689886417397942,-0.0164511092326275,-0.00466965595365975
0.0224823992951583,0.117797425589381,0.012235720142994,-0.00406412398710952
-0.0977751107020666,0.115369514917792,0.0457373221613878,-0.00253306002437133
-0.102756935057695,0.0593955268345986,0.0461849881554394,-0.00143750214706718
0.011354648139448,0.0352952450885585,0.00820798003364655,0.000663240615590386
0.110716393783456,0.0440384907045556,-0.0446772645774388,0.0044472985584581
0.148086264112232,0.0272845095959002,-0.0843807584308446,0.00849078974492638
0.0958170932384221,0.010066954418604,-0.0825946197619443,0.010480551725921
-0.0260234314436688,0.00195055106471591,-0.0452862659770414,0.0086817088415728
-0.0916323851865795,-0.0430594557444631,-0.00541082258389455,0.00332997608914938
-0.0335054472699866,-0.0930309563020035,0.0175359470989793,-0.00311211020777487
0.0710834288047243,-0.0808026308010539,0.0291232714640673,-0.00667552659528668
0.115288612820523,-0.0240739405676138,0.0447504929529584,-0.00535966556458157
0.0650380251728696,0.00206003589587163,0.0546250288901058,-0.00128636650612786
-0.0151895113800389,-0.0321558974851006,0.0502311470221875,0.00259789689872981
-0.0850584501155772,-0.0733507713794838,0.0485226478315885,0.00506553388142723
-0.177897758692117,-0.0671219282569862,0.0522789000508585,0.005717588186212
-0.203346961904067,-0.0269863718572898,0.042912836565646,0.00525270193886868
-0.100525756055264,0.00946211501903077,0.0152536636098684,0.00530184270988022
0.0266543890373389,0.0391771448163462,-0.00388029594321824,0.00524685307908336
0.0936047363122493,0.0654499052794378,0.0148317931353396,0.00217749039546223
0.0807094382254807,0.0870878212149941,0.057156240351596,-0.00452185871772366
0.0297749231465194,0.115299690540103,0.0772274032039083,-0.0105361224851223
-0.0102154401733932,0.150997064124132,0.0565385342762553,-0.0108745631647571
-0.0476381431188983,0.181180869315521,0.0204993413483372,-0.00616187189763952
-0.106178557291664,0.17315303317644,-0.011192555823091,-0.00127227025407892
-0.163652018334795,0.108597220948869,-0.037492080319082,0.000715746141164826
-0.158006494549481,0.0100339354737009,-0.049628424591311,0.000454479119039048
-0.0823738647223353,-0.0821534833039536,-0.045250910421336,5.43082663496616e-05
-0.0234678334302289,-0.12239929324289,-0.023209888931873,0.000976704546893072
-0.0282105278689559,-0.102791730247698,0.0118610055122551,0.00351906869301596
-0.00401051159542026,-0.085340620322669,0.0209234944949242,0.00650842839152954
0.134034113208133,-0.125536368832355,-0.0144329179552493,0.00741024913351103
0.284390349753466,-0.160537235553832,-0.06419534120392,0.00411873975603336
0.287536626325332,-0.0883121467263303,-0.0946385400306134,-0.00255243072137499
0.153855268154279,0.0564377162214812,-0.0921836666819179,-0.00864937766406053
0.0121333011062827,0.142385126979938,-0.071480480841395,-0.0102648888770484
-0.0417620418661251,0.118847046753692,-0.0489548450198727,-0.00701909207960755
0.00645950158787115,0.0234282733356991,-0.023157501919193,-0.00166644021251244
0.0762152968882582,-0.0887056180063971,0.0159780489935053,0.00267753276631376
0.071012498523193,-0.156576947875149,0.0711080155194692,0.004118711889301
-0.048594438672039,-0.141094192886361,0.124823222671049,0.00336790616673298
-0.215916155128654,-0.0613072708154624,0.151921939563446,0.00263349271776905
-0.265031774790528,0.00812979880417139,0.151795645630012,0.00230525969053031
-0.166757246763006,0.0303430865878704,0.141783514402818,0.00226780227830052
-0.0517622116163853,0.0136324269082271,0.122117583854567,0.00390270518988157
0.015983342467747,-0.0405889466360699,0.0857446925605262,0.00630609091371986
0.0480660365753585,-0.091833699474331,0.0374259094251216,0.00527541170282237
0.0504997266877693,-0.0916568535826038,-0.0135918719600773,-0.000205909728665809
0.0396797740028193,-0.0410318397892036,-0.0858208357156353,-0.00604906554174442
0.0681401020901121,0.024429566196135,-0.189478595841675,-0.00821657939064854
0.132529998417727,0.0572092794922448,-0.263569930196402,-0.00584801097726544
0.140153605138177,0.0548392017024523,-0.23677341634087,-0.0013841830457687
0.0711992598466488,0.0473013698529144,-0.130421856218698,0.00143236080961546
0.00626240558521662,0.033745021455477,-0.0397432861805813,0.000684783786242358
-0.0123479478620081,0.0132219881922568,-0.00832866077720187,-0.00270852940795431
-0.0076669517527901,0.00220244543960785,0.00413579122329782,-0.00580599365192142
-0.00830952119848315,-0.000871968666203649,0.0276528659788873,-0.00568899043959396
0.00272127253184694,-0.00692470810727557,0.0500338985312032,-0.00194579712793373
0.0572234934087996,-0.0113851468945502,0.0595157585264351,0.00305830033930229
0.0966565958296013,-0.0262547519737232,0.0567551370887577,0.00606317537809348
0.0611244749952494,-0.0633283762293447,0.0488423844942543,0.00523887956597787
0.0249807187828518,-0.0762296694775403,0.0407896514410035,0.00159093198350642
0.0519906686442952,-0.0512060621278277,0.030274806502093,-0.00164581005598085
0.0906185384863017,-0.038636936316228,0.0131393774290826,-0.00196555553870498
0.0727602474354858,-0.0575603423604158,-0.0121699767203145,-0.000404688473101942
0.00633058688898209,-0.0825949775931449,-0.0354656607039915,0.000230544434072715
-0.0418718151437558,-0.0622907765211971,-0.0427542541737346,-0.000225024340763888
-0.0296957010351051,0.00615438251987334,-0.0333641707984263,0.000722288617091583
0.0144120754556619,0.0625594658871063,-0.0196391879818325,0.00404333665009415
0.0316786016936753,0.0842242037303576,-0.0138668516051035,0.00739375467292941
0.00971599206908166,0.0732319845800254,-0.0206263710193073,0.00786806082313257
-0.0288048885924489,0.0380823696604453,-0.0381333836397683,0.00507029159126575
-0.0539397044445573,0.00461841153113177,-0.0521145790475326,0.000889463780443264
-0.0582519380645893,-0.0161568572493825,-0.0484007002783519,-0.00262997211901968
-0.0705752468139405,-0.0127351619093549,-0.0293244850761212,-0.00458582279260039
-0.0724313434500361,0.0142276045096881,-0.00865879851835026,-0.00481391102914539
-0.0280911934966352,0.0481727892283464,0.0082346749578315,-0.00346302593228675
0.0168138044757643,0.0767725346023342,0.0294546191594893,-0.00130184333442712
0.0356440081917868,0.0829381817917999,0.0523213113310717,0.00099469295287148
0.0475535796469337,0.0514776325204298,0.0587332402761588,0.00322504115376479
0.0647260951107673,-0.00803471306150327,0.0375693523262022,0.00449724445677662
0.0842445360358964,-0.0300774823482213,-0.0024436011046087,0.00409630521373962
0.0447896234350733,0.00827790019499336,-0.0403226278656247,0.00254122146853888
-0.0287283926391789,0.043119958730555,-0.0665346601952903,-0.000228889777820126
-0.0386744248716338,0.0356835336547852,-0.0899953253076972,-0.00388485405787183
-0.0154738288114596,-0.00709414305710581,-0.103819226312123,-0.00610744566388702
-0.0289553861719244,-0.034144997884543,-0.0848248119742442,-0.00561245078256325
-0.0681597458872559,-0.00989418545780783,-0.0431069113144213,-0.00365756642375496
-0.092351699857885,0.0282076721091081,-0.00991696299252956,-0.00167624824260661
-0.0724073537449771,0.0471644517089866,0.0135054409706339,0.000440991106643409
-0.017615684196022,0.0430308425971115,0.0372511168677802,0.00367991666223944
0.0258003347624119,0.0242394789698774,0.0551379278261461,0.0076661519460493
0.0410414345055853,0.00252384973353675,0.0590104254690547,0.0101439283966461
0.0256938397846276,-0.0291945174820399,0.0515776077208507,0.009370795065925
-0.0211101140246222,-0.0471180318294394,0.0466803958892549,0.00514254993129698
-0.0537705490707624,-0.0228624570873833,0.0512329476852608,-0.000761983417974083
-0.0299341199083599,0.0102514796085568,0.058036344676025,-0.00412904832162694
0.00371954522307512,0.00869006964817745,0.0605768468220177,-0.00195935582853666
-0.0289974861597521,-0.036466730319285,0.0563195336785037,0.00300788114410084
-0.0888799743827056,-0.0817892892044218,0.0422648528074211,0.00504432993075025
-0.0969707640450893,-0.0660502149934452,0.0154007473060694,0.00265498619164322
-0.0644034434683748,0.00287793544079532,-0.0106981736206001,-0.000872050182717512
-0.0243860636330953,0.0559609006273856,-0.0163542546907033,-0.00229135387189886
0.0306913200057788,0.0528907091249385,-0.0163982150756107,-0.00132274626872465
0.0983212289219673,0.0166221066813714,-0.0300618688256349,-0.000616530666014683
0.149513416908015,-0.000224877909717335,-0.0424274869509159,-0.00385765587600952
0.158439963372749,0.0188931714277764,-0.0370606788542849,-0.01149517113743
0.101467274388971,0.0342485888118317,-0.016118315209801,-0.0174270159678949
0.0122718547744089,0.0200761325763863,0.0178060287892409,-0.0153918761092897
-0.0545923200293339,0.000406697682846457,0.0539086486132213,-0.0072843271355004
-0.12409555350132,0.00188226293288997,0.06832189507489,0.000761836924296426
-0.193237716012987,0.0291850764827365,0.0629118022943256,0.00560511065171562
-0.17265295103679,0.0582361016154476,0.0581205350166796,0.00691282769666959
-0.0736637212936337,0.0599243527014938,0.0550089851034602,0.00532898318196868
-0.00502411949318529,0.0486875613531221,0.0412160800328476,0.00290439834303339
0.0554651523118426,0.0409435254633411,0.011366175305986,0.00210151000293995
0.157663891085955,0.0244559641781149,-0.0293377472721078,0.00405782401119796
0.19004644581362,-0.0117090049129535,-0.0676551324067687,0.00704931486179477
0.116496096422289,-0.0502549029702024,-0.0869611095095766,0.0066823225033299
0.0829260907398659,-0.0881526487861307,-0.0826084546827705,0.00172513446641063
0.106420569897749,-0.137739449229906,-0.0530227985946386,-0.00333823313467277
0.0569045342435666,-0.144812893681218,0.00580660426543086,-0.00412767855516356
-0.0530846371393565,-0.102031399810532,0.0750677488534937,-0.000903987142442728
-0.133394120404754,-0.0859251319152148,0.118296840341608,0.00304013552222186
-0.180420177824411,-0.0900097429981612,0.120867975129842,0.0055453505598184
-0.186214173382892,-0.047595265802106,0.106043073895226,0.00706663282908619
-0.128906252960667,0.0398249519148657,0.0940304347735747,0.00772742506806005
-0.0455441335749664,0.111716027070277,0.0693244418151888,0.00544539955523745
0.00334117075847734,0.131451180224814,0.0287412465808022,-0.000816239722701109
0.01746857195932,0.0985980440870272,-0.000306630203137676,-0.00909579888621609
0.0312258805297514,0.0445367701586285,-0.0189732336163991,-0.0166674426659508
0.0357013516512408,0.0140504576586249,-0.0468948845405637,-0.0214455439078508
0.0150326434148688,0.00741226388801044,-0.0686723445896795,-0.0222397142553082
0.00475054740908566,0.00611982058944816,-0.0765774870104522,-0.0194468019396379
0.0235155496092773,0.0106905807122942,-0.0895714179702618,-0.0138102907940386
0.00590391525458413,0.0253053933056164,-0.0879984483263577,-0.005299865046788
-0.0585136236083716,0.0498030218706582,-0.0597620809527921,0.00513322916521778
-0.107948669148704,0.0706341070725211,-0.0386653223965006,0.0144032385662442
-0.117700479539391,0.0610964421752713,-0.030141088482226,0.0193275928563073
-0.042101089162646,0.015194850836255,-0.0205927392660024,0.0192488779861217
0.121646039975093,-0.0421527525106368,-0.0113418530418012,0.0163021699639765
0.237606327221436,-0.0932563640566452,-0.00307541249986358,0.0130940275914557
0.184361914017791,-0.118483751765345,0.00760622276087394,0.00978396801457184
0.0117621910444443,-0.0829946432166894,0.0270668435238188,0.00528977674939029
-0.12645094738663,0.00400789133802587,0.0526316926549034,0.000434470255956524
-0.15382262943318,0.0829272397790107,0.0696674625751708,-0.00316720547222083
-0.112664435525864,0.106332135541133,0.0729358070707666,-0.00505999350993599
-0.08625895506268,0.080294121271386,0.0717687066452705,-0.00545478063124878
-0.102712562811243,0.0483640246416215,0.0658420921733408,-0.0050475194498986
-0.0636639361415824,0.0334075388357142,0.0365575770148089,-0.00441066912560835
0.0766028004703962,-0.0080284613063992,-0.0149935298100349,-0.00352858699573637
0.187836959616782,-0.0861539827308149,-0.0518988457358295,-0.00271998595531397
0.151343883129638,-0.13259521632678,-0.0459022602856325,-0.00266362805101705
0.0432282053567361,-0.163469427359122,-0.013996180373531,-0.00354019505211895
0.0394411613485268,-0.210577752205938,0.00323074916891947,-0.00436380913065519
0.102822682747052,-0.211012937196935,-0.001704226055352,-0.00331440909025709
0.0700476206801063,-0.134529051785249,0.00419763081051516,0.000190833298947238
-0.0605774783738415,-0.0320995056153345,0.0294310794727736,0.00450036052731503
-0.183321038584898,0.0407066335443175,0.0297408837362644,0.00709365181816642
-0.209134303413962,0.0717402684305175,-0.0133429102528448,0.00633149686352317
-0.130477293975521,0.0948632053884739,-0.0616546637412333,0.00335232238862539
-0.000177919300047596,0.138634719446287,-0.0904637907212818,0.000918589593487825
0.119364658489424,0.172788236956267,-0.0891559423745277,-0.000409852098886625
0.17079866274893,0.179066295333195,-0.0501925312162097,-0.00171469955112138
0.146595319166569,0.168709214594506,0.000586606474908755,-0.00295057639972533
0.0677329938414938,0.123227964582813,0.0219076653537704,-0.00332773631431644
-0.0016277320436435,0.0300662252383401,-0.00367017651805319,-0.00301028461695127
0.0053584364418883,-0.0570581785367679,-0.0382903993197765,-0.00316820120912826
0.0382513087765436,-0.0776218989492337,-0.0434701390534717,-0.00365207859231678
0.0261497221617087,-0.0628578297694167,-0.0395780176526534,-0.00292865554885316
-0.0141438170222466,-0.0728824014882148,-0.0383402580524663,-0.000566210527015554
-0.0107614090518526,-0.0930645336476936,-0.0233770609971071,0.00281936033675348
0.0596504033037615,-0.0833158578270078,0.00255212052602236,0.006539853383701
0.118914875994524,-0.0604408728164332,0.0269240739545908,0.00946378267105681
0.109543784755265,-0.0500421984058586,0.0450258389402682,0.0103649753183072
0.0742684047357129,-0.0420809145268924,0.0517928204278045,0.00890479895424731
0.0573947438647735,-0.0393039195791211,0.0421499234105322,0.00551420799310773
0.0393366019947472,-0.047666695543597,0.0229735970845638,0.00141924999859976
0.0128712261636803,-0.0462997014102336,0.00665602877994139,-0.00158719289965057
0.000961467292319379,-0.0239147839934469,-0.00282543086756113,-0.00266598046368805
-0.00527089037004462,0.00821709309298539,-0.0181930947605675,-0.00266008264938542
-0.0226945719941337,0.0329192522293434,-0.0528877710568906,-0.00307515941644247
-0.0299465762870324,0.0363016531777626,-0.0810986003307371,-0.00466471210802346
-0.0135175133137277,0.0278082236415573,-0.0645302042145322,-0.00653175518935948
-0.00791839033096398,0.0424472012386923,-0.0201058631514609,-0.00629951836677919
-0.0333861798680922,0.0845228981806632,0.00134308818039563,-0.00307482422282833
-0.069472007022651,0.112259858219635,-0.00742960954914278,0.0007342434656888
-0.105018304442458,0.103457484659832,-0.0137120476910815,0.00265399583408072
-0.128014277378561,0.0781582617889781,-0.00746411071988079,0.00273068605501893
-0.107444389484274,0.0590769397359108,-0.00954058119634148,0.00150395434187648
-0.0450298442741886,0.0524377134593735,-0.033843017659731,-0.00183339734658453
0.0197003490388408,0.0317425612409954,-0.0640404168689706,-0.00738473389751712
0.072038779224298,-0.0338304858828059,-0.077846598416263,-0.0133879344585899
0.129638733238065,-0.0807846342071803,-0.0697837998600259,-0.0175017920475712
0.189863613388013,-0.0456412998478973,-0.0422908025577816,-0.0163881631950233
0.207610456775947,0.0161703952134624,-0.00897127794313834,-0.00742822036537392
0.142659637524767,0.0660653724709968,0.0128501821177471,0.00673145975016188
0.0198730064556577,0.112309410568804,0.0184267113102877,0.0192599840795187
-0.0810389367936834,0.131018323512079,0.0127175013826012,0.0248416964344786
-0.12092601916416,0.106769853137472,0.000477874979021107,0.0230878062491226
-0.141659649522318,0.0511522225081696,-0.0108330106656295,0.0168487426540843
-0.171654528454844,-0.00888053748828307,-0.00773676444776751,0.00823567350714184
-0.1663407421767,-0.0435966112819134,0.00759247891563137,-0.00154368296966649
-0.102875980835842,-0.0466085321313805,0.028562759187622,-0.0101524184124178
-0.0256613183270335,-0.0377929431591692,0.0523420086054171,-0.0147656929447513
0.0298117027137493,-0.0449357571695254,0.0653295938221928,-0.0144446844060504
0.0297094187298583,-0.0482119062014999,0.075081555173582,-0.0113776068437444
-0.0479885911349388,-0.0157027334257795,0.090735035593323,-0.00855840404869065
-0.0993893750628451,0.0112799649755517,0.0923832174254759,-0.00617364247453294
-0.0197014245607759,-0.0105959006823297,0.0724111504707826,-0.00236845184145743
0.0933926779172572,-0.047245010432197,0.0433126991198779,0.0031156832592625
0.111800790938755,-0.0424169199790634,0.0102369207188524,0.00778475921674555
0.0615444849454703,0.00078026096874198,-0.0217606302606911,0.00889527346084666
0.00758511606311982,0.0284134448121467,-0.0383562457897235,0.00570829586743377
-0.0502151782342809,0.0246715159139611,-0.0337896560295074,-0.00103697373869261
-0.109279775546261,0.0122129770705405,-0.00224768723880155,-0.0090239525312297
-0.127354568642977,-0.018249985463878,0.0475312633679345,-0.014110255836345
-0.0854488209914231,-0.0538682104719084,0.0787735477599681,-0.0134048995496184
-0.0104871793888176,-0.0529798964718816,0.0803101538835255,-0.00818011966859948
0.0603475810841528,-0.0217571953062215,0.0660606631005395,-0.0014611742687778
0.0957968100581763,0.00288919473279065,0.0383838167553667,0.00519621076552866
0.0712915321275888,-0.00334409891321719,0.00320726949613552,0.0102798430632159
-0.00148690028509385,-0.0224867907647067,-0.0303867447212316,0.0113251571863021
-0.0901789188397377,-0.0179920425790645,-0.0604600172075233,0.00773365726605116
-0.155561237735044,0.0170713629333013,-0.0772268445559466,0.00234459480045896
-0.148564562374829,0.0631173603325781,-0.063568484418869,-0.00100109119798009
-0.0812121086042471,0.0970685224647495,-0.0321874299038931,-0.000422361965669855
-0.0200026723078941,0.114461861639206,-0.00226801026757056,0.00267649432261699
0.000410925466511516,0.124075344662648,0.0437674548402937,0.00529343009490392
-0.0168326639537589,0.117808877653184,0.0897466937359777,0.00609248379723346
-0.0130627400456549,0.0595498243620437,0.0817716384877217,0.00510057719284956
0.089431436671328,-0.0539021309432969,0.0237509580603745,0.00230889011319943
0.221872032495998,-0.171116551923196,-0.0259576732006794,-0.00215901938689301
0.225984742598208,-0.242478830250113,-0.0333295211785557,-0.00771166270291766
0.100744013853355,-0.212040276145705,-0.0153952511759257,-0.0121727983998287
-0.0159209815258632,-0.0976805220667551,-0.000418507931213674,-0.0126027635119887
-0.0669266865931883,-0.0142233233999666,0.00623129248712708,-0.00882699830117031
-0.0807093628979664,0.000502557934597456,0.00550017378301633,-0.00385651963737819
-0.0556367698212763,-0.00603106409627654,-0.00709758536458583,0.000272088856045703
-0.00707869999819957,-0.00884118683424853,-0.0211152925857769,0.00405571350646734
0.019896987480809,-0.00184186768782296,-0.0201331608408362,0.00727275864280261
0.00879592333583647,0.0231841387154595,-0.0152195825984115,0.00831516837311837
-0.0391161412505232,0.0560947677462289,-0.0194957867844298,0.0069515966917602
-0.0826381187270788,0.0733281939842158,-0.018592340304674,0.0043926296174619
-0.0479667098321546,0.0786350807689671,-0.0117466494064601,0.00219858701953037
0.0509492479275122,0.0855987461490016,-0.0155461660764766,0.00167165110397389
0.0953956517338153,0.0689425986392016,-0.0267373114827209,0.00182824136590619
0.0404541457489002,0.0156232610521639,-0.0302342687605355,-0.000208056315857905
-0.00986775127245881,-0.026634854300536,-0.0245376263809769,-0.00550138459371595
0.0194883503591773,-0.0211195816816908,-0.0167090792315358,-0.0107394166362303
0.0633775932332493,0.000714004190401636,-0.0233015632856639,-0.0109422165522573
0.0580340738909866,-0.00281338382368553,-0.0481767665696487,-0.00539960807343476
0.0283526186341957,-0.0301347562745517,-0.0523324442879399,0.0017450008470655
-0.00123072372660289,-0.0468480966652772,-0.0206602995007562,0.00673124878941974
-0.0323428168672184,-0.0251065988931907,0.00721456774408134,0.00889600741699151
-0.0470300832279926,0.0264365999139998,0.0078031382205781,0.00858270132335054
-0.02751936079627,0.0744847583093359,0.0008787726788075,0.00649121759956443
0.0060926214501745,0.0848766102560336,0.0029838895363294,0.00437101905780248
0.00897491682126943,0.0529368018537792,0.00444073621255181,0.0027069614008613
-0.041135545153749,0.019826629431301,0.00592679314029225,0.000302244083601513
-0.125006869816732,0.0209360780177619,0.0163718834398261,-0.00319183596226337
-0.204032282832811,0.0209619784332829,0.0255692534111483,-0.00698258504720759
-0.239530224141151,-0.0239359532666833,0.0221856110969474,-0.0101242136088058
-0.213161837552705,-0.0926413282370716,0.00801434763414481,-0.010964066578976
-0.12564715857386,-0.133157330070458,0.00118589689620811,-0.00761370002270862
0.0162327098374733,-0.107816143593508,0.0196167781968113,-0.00119649909493021
0.156236097728566,-0.0396958240325956,0.0374030816849693,0.00447858083898867
0.205648434084284,0.00832667993950907,0.0209817120761102,0.0066317443084619
0.184439190129671,0.00448137791082133,-0.00911803991566836,0.0047714281522329
0.18405803861923,-0.0237519376176265,-0.0278195119414308,0.000896721665325198
0.189536247194528,-0.0195090707004796,-0.041046774280032,-0.00174705994558786
0.134436321524814,-0.00733238999501191,-0.0472446300008753,-0.00177389445588782
0.0389712275714372,-0.0385430103702725,-0.0355807176120811,-0.000193973472031541
-0.0223743186952037,-0.0554603502824854,-0.0172736144798086,0.00146896566615863
-0.0180024686766605,-0.0225611397931279,-0.012404617783827,0.00313626137270404
-0.0243119674734284,0.00667664501906787,-0.00910359007005491,0.00560229420970566
-0.122637845813169,0.0222272375278333,0.00878461085067006,0.00752857432851292
-0.209881066510892,0.0492912920875872,0.0240604033159499,0.00700323572984887
-0.152676287358776,0.0620114868314971,0.0186708756508445,0.00556957526426423
-0.0288109894957645,0.0315433171019529,0.010040011194399,0.0056377452230117
0.0186425459316881,-0.00622065057510303,0.0309370845193342,0.00506938292330476
-0.0189065013560997,-0.0250023872693839,0.0697816474025852,-0.00106814998269531
-0.0388630738791226,-0.0389107231438026,0.0842403499293387,-0.0119212744129723
0.0122549871504706,-0.0353265916908679,0.0718536088122418,-0.01961401810724
0.0584053248643611,-0.0139226244576407,0.0618553843143864,-0.0194444361937061
0.0486284370002696,-0.00995002921434351,0.0610546423413964,-0.0139193231931622
0.0124537961269343,-0.0193056917242538,0.0552236234704494,-0.00720569749299034
-0.0399498755836425,-0.0141457376182231,0.0319424941206823,-0.00117975927057281
-0.0461967088235874,-1.88602845350994e-05,-0.0125072424108673,0.00518506002029051
0.0446684011201279,0.00778354109354232,-0.0607333632353543,0.0140573803396526
0.108022480033678,-0.01549980332191,-0.0881332840132266,0.0233902863135508
0.0609739181470855,-0.0693236223248392,-0.0843022060732322,0.025958475204545
0.0182622913366981,-0.0833297241654484,-0.0592842036699753,0.0191396446979505
0.061052843580173,-0.0277548563275762,-0.0390852464777327,0.00958901626456685
0.106373650170145,0.0253523578277336,-0.0312798451763465,0.00350237444548958
0.0981457473744721,0.0124402682975642,-0.0198365911758069,-0.00188937952200985
0.0905486360338486,-0.0428146995207785,0.00322448248078672,-0.0119094173383453
0.0993709061739473,-0.0783518616741088,0.0309482452284117,-0.0226185481031695
0.0806124334634141,-0.0618718687577385,0.0517376282827731,-0.0249222522808845
0.0342383009444257,-0.0199070036355534,0.0580370531757485,-0.0177142624042284
0.00366244503136774,0.00138836459932896,0.0494054652901843,-0.00691742800824986
-0.0173232998208589,-0.0006096177110782,0.0353563672965451,0.00241112478236957
-0.0472720201599726,0.00146222162711854,0.0195674742433268,0.00799383534539829
-0.0502801834174775,0.031954433159876,-0.00595423118770352,0.00938427271825703
-0.0149191284326467,0.0830171853295867,-0.0338317264330234,0.00738823351734076
0.0345722249465508,0.106092319559943,-0.0471518873725612,0.0040084463544606
0.0649886034072213,0.0813685885367452,-0.0441460730646311,0.00113039663755339
0.0319567863092315,0.0364497977019398,-0.0296865531183858,-0.000151641297884904
-0.0551325767352043,-0.0105826157417713,-0.00393972204789959,0.000947360438695431
-0.128502834245808,-0.0601347324029342,0.0174382142886731,0.00376354125803015
-0.125813733444607,-0.110260149920092,0.0195725767896568,0.00579647271149651
-0.063815990441032,-0.130922801543983,0.0252839130896874,0.00543828334443905
-0.0069859875248192,-0.0839169164240882,0.051864817684312,0.00324726905598862
0.0403707218436008,0.0133232965047154,0.076267355533166,0.000430351489832169
0.0553165367524798,0.106382588633673,0.0829154165097597,-0.00167994226165501
-0.00867159591336306,0.145192693144976,0.0729598626567255,-0.00235511708210957
-0.0392335358812738,0.0850843893916432,0.0311353224091306,-0.00220257211279028
0.0625857346833318,-0.0346330238511795,-0.0387923264756695,-0.00224602383037188
0.137255369100507,-0.0840775498740149,-0.0883784377284204,-0.00321798716359635
0.0602056023258582,-0.0366580390647463,-0.0858341740277108,-0.00523401874135209
-0.0424393336916694,-0.00133132705847658,-0.047416738124096,-0.00734964498870312
-0.0860419680651549,-0.0135540488422974,0.00628982607251542,-0.00837674425229396
-0.123373338099384,-0.00718988003477503,0.0675188062634102,-0.00775688636998825
-0.132781355455798,0.0354560657117181,0.104736784184324,-0.00501721189303678
-0.0816807739914552,0.081046067874821,0.0880953740211193,-1.78015941577885e-05
-0.0234196435232919,0.106099169499166,0.0446406123915614,0.00556034913243156
0.0157620492260709,0.0986304964737724,0.0107162200137221,0.00873488511459463
0.0481112509988647,0.0680556400910739,-0.0139203499497161,0.00808581625512206
0.0750696802773376,0.0314856350913086,-0.0423999584601399,0.00485067221095169
0.0959949368193791,-0.012064709834059,-0.0769761428083543,0.00128159319238065
0.0877234499046084,-0.0474185384021368,-0.0990882987201099,-0.0018169357354854
0.0320828026409859,-0.026996244416971,-0.0860318292672634,-0.00481371185599616
-0.0258618958015647,0.0366390855717178,-0.0456856519132003,-0.00669774647337788
-0.0508688342974621,0.0686742116598237,-0.00539611654630791,-0.00580454026448739
-0.0266117687409895,0.0488031845119265,0.0149978017871559,-0.00245778134832497
0.072652018407305,0.00914333758857713,0.0125130984169569,0.0014527590266415
0.183389455810144,-0.0311058640678,0.0122641153240224,0.0047325888974397
0.17988269497118,-0.0581167104704085,0.0315815400434779,0.00700399408050529
0.045717499190591,-0.0573137154445225,0.0465552413127579,0.00790082687869877
-0.0997759401824216,-0.0376192999485071,0.0248196295954164,0.00743343337089526
-0.156252474009158,-0.0154342050382612,-0.023132135270916,0.00587228216590298
-0.126232554890184,0.00525879067696269,-0.051469922922388,0.00338984378666939
-0.0697379924188235,0.0249618370968816,-0.0455219149654661,0.000408067738929905
-0.0345589624706626,0.0345748741716861,-0.0268959601103754,-0.00239400482509403
-0.00453369217582873,0.0226704181106149,-0.0103533267991902,-0.00459320042599476
0.0545253263820546,0.0111027765608781,-0.00457550306362508,-0.00598950026453022
0.0915505562652206,0.0261665125365897,-0.0193404892510134,-0.00599533520335692
0.0532397666321798,0.0489873384970148,-0.0389380929893104,-0.00435093649620798
-0.018609761552524,0.0522068057312102,-0.0305533910842519,-0.00214722347545711
-0.0631219141676487,0.0378555046184816,-0.000455027721179516,-0.000336078012721879
-0.0484412548453539,0.0325426037811642,0.0189582067965068,0.00158443795595602
-0.0157364407444269,0.0505115601120782,0.0175504561588877,0.0035565697333487
-0.0548544544134914,0.0633570546926573,0.0121797157163391,0.0039250738833379
-0.157169221047611,0.0477706513714361,0.0185555854360507,0.00279360031232697
-0.192745987866576,0.0225633262708202,0.0235422626186322,0.00274430713604019
-0.0696707971429429,-0.00108398237850378,0.00276355985400957,0.00412085515096524
0.142325058104855,-0.021227324069885,-0.034959008933331,0.00415884665567062
0.26320690477507,-0.0180393616069856,-0.0453546939292415,0.00217730383506337
0.232818052165595,-0.00620406564165556,-0.0216296707128262,0.00116762423936955
0.138418745318958,-0.0100969578584062,-0.00187529784418812,0.00293502615380964
0.00197328940965324,-0.00101188243686135,-0.00150816486082142,0.0055841496497268
-0.122069938263672,0.0135496873070817,-0.00545174152542457,0.0060139852429263
-0.109572426230117,-0.0107532020423786,-7.78316192170669e-05,0.00280158235276127
-0.0067556675368974,-0.0448230623605634,0.00927921323579197,-0.0025149170964024
0.0281544576236946,-0.039997179676504,0.0173105566613231,-0.00729840535648556
-0.0263519337717757,0.00634180101153956,0.0272854081321914,-0.00983074741668229
-0.0972283405824351,0.0634630942449347,0.0363470757444853,-0.00860167510580774
-0.161324044554452,0.0932313124375002,0.0356419619978615,-0.00384107463204271
-0.145084995020248,0.0713874022825331,0.00383995947933385,0.00112684365691259
-0.0146475081825378,0.00936637944182436,-0.0605797876918744,0.00371231074063971
0.0951579771760978,-0.0563297546618165,-0.113853437356924,0.00386838724238436
0.0892011261811421,-0.104068892665074,-0.123827151056247,0.00211579269425567
-0.00648008941903014,-0.108506468410239,-0.0802174922870633,-0.000561786244219371
-0.0916129548556812,-0.0496516031825281,-0.000214009387094122,-0.0025365317341889
-0.0719602619495241,0.0402725308215285,0.0586661076243891,-0.00197600010931212
0.00134471452820653,0.0802399881181654,0.0708032898712638,0.00176531230677632
0.0071132369914242,0.0322160533579469,0.0636847293356938,0.0057811557928761
-0.054950237585856,-0.033094338903077,0.0635924915672005,0.00575595120506707
-0.0755796305809229,-0.0458890303143777,0.063355752345886,0.00107063877151968
-0.0228329814709864,-0.0246541254527759,0.0496674992671025,-0.00419633046588155
0.0369676189446332,-0.00170487380446364,0.0298160251994816,-0.00584867807752342
0.0718419784891468,0.0143194939664953,0.0113050628721998,-0.0033221266188586
0.0834055645662695,0.02270397098249,-0.0100104562559002,0.00165384943749111
0.0867685567655437,0.0302873059454693,-0.0332183210693663,0.00690772573720393
0.0859930511181253,0.021560182607844,-0.0433024209482386,0.0101133197735892
0.0662968897143967,-0.0255229628630781,-0.0304535441358369,0.00881574267437847
0.0397289189075516,-0.0747318718288452,-0.00186868325107555,0.00229955421385791
0.00731100150072939,-0.0819226932258456,0.0223986436999675,-0.00698959060049219
-0.0206701093894344,-0.0726098950001505,0.0252854317986445,-0.0161071756022317
-0.0087805172559704,-0.062730643707547,0.00784383380925552,-0.0231496391946542
0.0231738481024851,-0.0291878840141791,-0.0136090763764847,-0.0259843250023658
0.0128559499396092,0.0133436473438459,-0.0212166883873814,-0.0221163749814942
-0.0510995416297991,0.0318572840823477,-0.0120670697218174,-0.0114655310288565
-0.118740994295946,0.0245244418071712,-0.00453414548753261,0.00132184979069715
-0.134839357926264,0.0115264682825209,-0.0114304250278901,0.0106088319285221
-0.0683348258607133,-0.00385889602801554,-0.0154508004344018,0.0148441925916881
0.0204928914746934,-0.0373282672886159,0.000998552078444612,0.0159551120027245
0.044464792142672,-0.0837360113179659,0.0338254829474126,0.0152923884339744
0.0554825645408644,-0.110740775482777,0.0645671558755619,0.0126320787956164
0.111763759749802,-0.0973613749943417,0.0762646525192155,0.0087412704405248
0.140041120302878,-0.0623744446376195,0.0747387009765181,0.00571826191039282
0.0891570940604605,-0.0260444103158627,0.0834567399937435,0.00415434221049164
-0.00514660856104815,0.00543666546996927,0.108006878953617,0.00230972427782881
-0.0970149897209681,0.0224124760812215,0.107714959871651,-0.00132825073898951
-0.12763525883178,0.0337455803871332,0.0364707135855468,-0.00650419259700548
-0.0753176958641808,0.0497728878957192,-0.0927370323239458,-0.0112898559493987
-0.00684983583746095,0.0360513289864374,-0.203869756594229,-0.0130474569468756
0.0224400612949964,-0.0412643869704892,-0.231147330224063,-0.0108785583986565
0.0202128987120484,-0.122022143110655,-0.172908901065693,-0.00693376863249839
0.0254289419835443,-0.124569568646583,-0.0616847180127004,-0.0036093023305654
0.0246401259146678,-0.0735986478300886,0.0574577689134301,-0.000678659216099059
-0.027863628938682,-0.0260146038112251,0.137700935961088,0.00273645833384213
-0.0764970194807372,0.00806917014377878,0.160005536082589,0.00601658701594852
-0.040120238331253,0.0305434858173058,0.13610818151754,0.00780309726915946
0.0600952882439026,0.0552852826234766,0.0786616621163897,0.00696306615655483
0.118688826525036,0.0939745263555674,0.020154650716115,0.00328103392268733
0.0853500905142182,0.109777150292781,0.0130387667726744,-0.00186129707331407
0.0273096259659003,0.0859324894114179,0.0405024034198423,-0.0063770029943407
-0.00152584159382928,0.0669648110384941,0.0323343810902416,-0.0088899635766196
-0.0200222009272057,0.0637600118587762,-0.0157780591522832,-0.00826641299826437
-0.0872226534526321,0.0339614492562786,-0.0477609272282957,-0.00359383127837179
-0.193193762258529,-0.0395807786207358,-0.0451496207634623,0.00408387263888025
-0.205749484043158,-0.114850807631655,-0.0407661253344875,0.011206300238887
-0.0990017836158561,-0.128760212888853,-0.0521940403508894,0.0142351157895706
-0.0241355375662345,-0.0711977807195659,-0.0568941044873379,0.0121855448458138
-0.0329892607893187,-0.00754217166553792,-0.0411898169556806,0.00632445963806492
-0.0384303767475191,0.0187223412384583,-0.0202258037368594,-0.000817939924484083
0.00641922828163875,0.030455526057254,-0.00547591227707343,-0.00635218760529985
0.0615111114413797,0.0471240779074169,0.00180870474674329,-0.00806173134889738
0.0697246980441043,0.050578005483876,-0.00256476746444623,-0.00556822930987066
0.0668795235044225,0.0231378554253942,-0.020425512591883,-0.000261834226031268
0.117753083758693,-0.00982191022712484,-0.0451936485370046,0.0060452203563689
0.17090840732902,-0.0136141139168943,-0.0646444934846777,0.0100135593182178
0.111404985540438,0.00945818519269408,-0.06430410148075,0.00775975792740468
-0.0354360979341045,0.0386127291500522,-0.0401405839318263,-9.82299160273217e-05
-0.0871346718723264,0.0532047621020897,-0.0150653061274203,-0.00801489322193766
-0.00720400392391723,0.0513063477536341,-0.0122799538824977,-0.0104018592439408
0.0540815830031876,0.0425480825387795,-0.018442326878604,-0.00602911875907433
0.0371876256760677,0.0198518637580082,-0.0149471386586486,0.00135189562249709
-0.0216054662473326,-0.0132959484032603,-0.00630642765217244,0.00632913725750953
-0.0646959820232298,-0.0328259647564821,0.000294086838532536,0.00637181747448081
-0.0269570538223755,-0.0222403930991253,0.000906429709613101,0.00363528383978077
0.0305249513063643,-0.00944469102632878,-0.00684195204595227,0.00196746156853855
-0.0433868413609603,-0.016875927487999,-0.0110242426021412,0.00212473589022757
-0.197372833948481,1.03989561658982e-05,-0.00655312237764383,0.00167508677513545
-0.219621558296454,0.0567092314892147,-0.0107158216380495,0.000399896869022175
-0.096961855020355,0.10903583791264,-0.0183606519304563,0.000853052806997479
0.031616107698743,0.130148122391071,-0.0167748471399547,0.00312944486140105
0.103640244462326,0.120368016176684,-0.018924655289364,0.00495156893416094
0.128699596258072,0.09136083836754,-0.0237482497878197,0.0051820354093767
0.149733878074248,0.0609027507233963,-0.0144601999413653,0.00352829942317624
0.177600792646861,0.0130376411987254,0.00800160371369205,2.88767817210591e-05
0.163081813744072,-0.0758268545064443,0.0297075661604476,-0.00392352386284637
0.136920647855858,-0.149535680014762,0.0461470860293281,-0.00656921803934997
0.146459143974933,-0.128124029110544,0.0580929961165723,-0.00660589081788811
0.12865769758818,-0.0286330011607854,0.0597908746693608,-0.00248913355293984
0.0926649744977332,0.0559326374355844,0.056945170041033,0.0051242703325299
0.0443077781606281,0.0743816748428119,0.0715867191431007,0.0112696570120121
-0.100313949178591,0.0536467057948289,0.093729820308862,0.0113401123431653
-0.209503864620262,0.0477953540950771,0.0829072945934396,0.00596508684702245
-0.163381225665741,0.0663582031282919,0.0315783646886651,-0.000218358737568217
-0.115879549130766,0.0445491218198304,-0.0381669407777437,-0.00345747021339238
-0.0997690245079748,-0.0467987856359432,-0.0814500269789097,-0.00396805893432066
-0.042821838516238,-0.123989169115683,-0.0544478478407296,-0.00479784630831277
-0.020075314456882,-0.136337465056137,0.0118446804730809,-0.00718820270179322
-0.0767361329805743,-0.116209734937969,0.0498274558639017,-0.00783515578371644
-0.14970924453992,-0.0591483663443078,0.044496047280779,-0.0044569178873143
-0.146423091862175,0.00839765386692354,0.0270793940007597,0.000495277911966742
-0.0399158038476367,0.0191834634155688,0.0245086473873727,0.0042443411515581
0.06549855097423,-0.00401195270819314,0.0394698782744574,0.00589264854677538
0.0992086466538153,0.000446609868706191,0.0559382922829974,0.00499992850320309
0.114923069875058,0.036909190071352,0.0538953226026396,0.00178985761779355
0.176409154809272,0.056808156855434,0.0226332500946988,-0.00228624407904103
0.234175313159236,0.0596924436552971,-0.0220619157375643,-0.00579510026642077
0.17751000231084,0.0798432380538794,-0.0538921581129069,-0.00801536263224207
0.0507633559919387,0.071440145722801,-0.0725589471450558,-0.00864314616227363
-0.0156576560893886,0.0121033748706683,-0.0846117119712196,-0.00792889485548343
-0.0336169277868655,-0.0296139337936075,-0.0822131650420947,-0.00620067660401441
-0.0600131093871192,-0.0348492754330716,-0.0566341227546114,-0.00348193558671699
-0.0766605687879406,-0.0404785698200502,-0.0151578420916262,-0.000504272899298431
-0.080391718726522,-0.040736084083124,0.0189656293830066,0.0012691420458087
-0.0883010242233854,-0.0248135810255767,0.03088823301518,0.00124422005146948
-0.0931452199156248,-0.0154210855087912,0.0284919724700967,-0.000179370861287094
-0.0880798678609896,-0.0119607303533136,0.0251802702420274,-0.00195003021800188
-0.0736538419698798,0.00103497838427112,0.0226722332894133,-0.00277073161661776
-0.0568510320875882,0.00598844345962836,0.0188052169070328,-0.0023434594549107
-0.0354881081104439,-0.0110428386474497,0.0136550344343315,-0.00180874784785381
0.00879405892278478,-0.0262869561332745,0.00494523235304536,-0.00206842834053615
0.0582529077874767,-0.019172569401443,-0.00800968401622682,-0.00199772099313918
0.0723128509115891,-0.00729110844510675,-0.0223056026653686,-0.000995957192293121
0.0595899554918335,-0.00876391067054881,-0.0348898590182787,-0.000935374213279151
0.0552558084900058,-0.0171688249699942,-0.0418448013310345,-0.00323860791972267
0.0495039105199488,-0.022046704824007,-0.0375578636779039,-0.00639119017409389
0.0135934869963577,-0.0161738692298976,-0.0287293090169296,-0.00793025703836172
-0.0338609722702236,0.00893753155176188,-0.0238641800231466,-0.00742385172183134
-0.0763447677570246,0.0494773651260082,-0.0160799889233759,-0.00481047852475332
-0.123599386831213,0.0762407547797934,-0.0043162412258126,0.000644227897434425
-0.129812422894216,0.0528307252004597,-0.00149404377966197,0.00690210380922677
0.0101612826876717,-0.018738395108554,-0.017838788007183,0.00961741502837555
0.25504811810317,-0.0707571020121058,-0.0474743328646732,0.00752510502394492
0.346317331117209,-0.0455454878143636,-0.0618758225294255,0.00290943640049718
0.184886539395066,0.0156912998442643,-0.0421188455454893,-0.00321774595594422
0.00755232011559792,0.0388721894351555,-0.0237908238710066,-0.0103507642334782
0.0213429182577217,0.0200966631962554,-0.0411013018525728,-0.0139191334386163
0.0961660834245319,-0.00405492251627245,-0.0577517491116024,-0.00934124982464359
0.04982514219282,-0.0146660766605584,-0.0306308138534862,0.000978512541413621
-0.00408435279423534,-0.0119196842499445,0.0162944877573969,0.00973569769828986
0.0102804012743466,-0.000908322124327655,0.0496305841263438,0.0117636876752044
-0.0596165452480653,0.00963293288096161,0.0728395841997524,0.00754826080614702
-0.190568222097738,0.00960469920936616,0.0848824119820149,0.00227858331381312
-0.173376005621121,0.00279640109335175,0.0734353106674568,0.00126763995488761
-0.0204207619215452,0.00100568451690103,0.0385859687132145,0.00557356150840365
0.0710912658279129,-0.000634781218176778,-0.00685783803576968,0.012046103678931
0.02074407906352,-0.00553580606033888,-0.0398700570150835,0.0151953566964042
-0.0689437014281399,-0.00975589436637391,-0.0253601385459037,0.0115585171861483
-0.0520286632206026,-0.0324223760232354,0.0313075697876369,0.00375373069311079
0.0561523836111386,-0.0555030243616053,0.0718962325875385,-0.0022097444673312
0.120713645032907,-0.047118709375293,0.0705887723976222,-0.00310282225280697
0.0954636305213154,-0.0363375678601376,0.0413853363926032,-0.00117779197775772
0.0445100744050593,-0.0215537482128641,0.00100596059823216,-0.00089571672564623
0.024022617955452,0.00372124444206703,-0.0278852108988408,-0.00382398342393832
0.00203339022919198,0.00477445197667761,-0.027688307900653,-0.00746695485867798
-0.051414413373896,-0.00667642156060536,-0.0119126453441653,-0.0083960337279483
-0.0707671786154738,-0.0145689725882544,-0.00299683522130732,-0.00474164472921362
0.00595146579293141,-0.0484697821217977,0.00345476694301887,0.0025224757997516
0.116973337935215,-0.113415030603553,0.00567856778197046,0.00857867119476902
0.116861967013381,-0.153116704834768,0.00638456676104308,0.00863362587449375
-0.00359530423955756,-0.126289733984178,0.0260036185115269,0.00366582436579726
-0.111443151832654,-0.0566799388528991,0.0569405019860598,-0.00125889652138331
-0.160914699587761,0.0153589168047135,0.0892913862396612,-0.00276834265206347
-0.150727286049849,0.0676089123409653,0.110174853244594,-0.000756914858324916
-0.0575815165003648,0.097621656269461,0.0738267153237993,0.00303362045145628
0.0563431808497877,0.115924169612881,-0.0209798354323287,0.00581270741936414
0.0921206364605118,0.132349165655876,-0.102973985659599,0.00516791299558939
0.0199273754169274,0.141920382651751,-0.113036423700148,0.00138007805214261
-0.0989607079527093,0.125867063970528,-0.0641695863372312,-0.00316259088373775
-0.147450093815676,0.0970472132908177,-0.0135284737763361,-0.00637285897073277
-0.0833986500059195,0.0918437912224699,0.00796731485398276,-0.00672718630919866
0.0114133868187626,0.096646654338469,0.0126184287765827,-0.00347610207678334
0.0437609091726174,0.0844919988185798,0.0187858848925699,0.00133053515490648
-0.000707959707671388,0.0625329035103865,0.0294482308447403,0.00394468813688364
-0.054497918481584,0.0301109939557776,0.0441246299458696,0.003351744597637
-0.0864611068627174,-0.0235727684924474,0.0584416946464894,0.00243031118338919
-0.128118672889087,-0.1134818064884,0.0658025429255902,0.0035539558189232
-0.139113208022633,-0.242983823565165,0.0610474924751752,0.00470226564796219
-0.100625542233709,-0.311755938427505,0.0437956592667292,0.00206245948254019
-0.0846998505140786,-0.210666209979521,0.0328718602843798,-0.00489211510427938
-0.0557008008840583,-0.0283338392994588,0.0328672170901081,-0.0123891966894964
0.0305502732338309,0.0767757290588491,0.0218142839735041,-0.0156252437892785
0.0967604158019918,0.0890021997777697,-0.00682646858828131,-0.0132295413808735
0.135914093424888,0.0923408125399666,-0.0407671851228015,-0.0082198425241393
0.135172397102957,0.12808626701887,-0.0658821479598908,-0.00365298637631468
0.0501912456281729,0.150728473031606,-0.0843780553153124,3.70604629838043e-05
-0.0254397844456126,0.127433802440878,-0.118480886307191,0.00349943458251099
-0.013659105905437,0.0849690376669239,-0.148532080392804,0.00676667878526226
0.0154099942341579,0.0534037303634987,-0.112931192629635,0.00880755312502314
-0.0224202196060599,0.0393302337444229,-0.0226008307325298,0.00902824620050388
-0.0904582864943647,0.0282447590398908,0.0466808192601643,0.00802845506249648
-0.112066579258522,0.0137932069422585,0.0699178465801833,0.00553056989039761
-0.0912371608076199,0.00687010734080805,0.0700691161162407,0.00070398475797182
-0.039670025487597,0.00924551305884604,0.0540771755442413,-0.00529737032179047
0.0363938980648707,0.00205989198617232,0.0262495936583598,-0.0108504256999663
0.0841235827517559,-0.0201438653637423,0.00820673780285988,-0.0150231358025487
0.0758119388682044,-0.0206402860195689,0.00655096134245062,-0.0155369822288912
0.0460459586165888,0.0123562569958843,-0.00162449438557678,-0.0104405530634683
0.034621279708539,0.0286066926896954,-0.0387640507345663,-0.00165392737342104
0.0488601791807575,0.00660579313048345,-0.0751474870752355,0.00651367529563352
0.0627986574455747,-0.00908082453596109,-0.066483071057838,0.0115929462794555
0.044316622337269,0.00332690964909683,-0.0290256654029411,0.0139898471879726
-0.0015835989383728,0.00489064251386157,-0.00549409758572398,0.0145365037924508
-0.0184903410681667,-0.0437838051807428,-0.0148158186294857,0.0128691610849765
0.0289207095348659,-0.117921286539061,-0.0342494164056245,0.00828211308196577
0.10585754770998,-0.146112258383416,-0.0352000278615734,0.00126961471121145
0.12851488120085,-0.109076180478069,-0.0317776532712065,-0.0056495120391939
0.0733484277340833,-0.0537542148813926,-0.0425331085481421,-0.00984514614977462
0.0539083893997746,-0.00612869493767007,-0.0557116859874943,-0.0109891370693365
0.105321777480695,0.033546442598106,-0.0534074179881804,-0.00974393866918712
0.118539022973167,0.0592911458100209,-0.0358952878363238,-0.00684962356823785
0.0403954777223027,0.0788553791156382,-0.016216755175976,-0.00325898009950954
-0.0656967942429313,0.08172416849938,-0.00122670760639244,0.000517100184396307
-0.0992217908957517,0.0302332808492499,0.0109413454678441,0.00346683877848928
-0.0527064493927081,-0.0553924068870193,0.0237617509758757,0.00463156873283633
0.0148815835634085,-0.105623902511551,0.0393004701603236,0.00488545926357086
0.0745116169897602,-0.0966473576851391,0.0481014999507109,0.00589102236495374
0.0893464517125926,-0.0515862160761315,0.0384528011056454,0.00826307736405123
0.0492612977958402,-0.00423980229324597,0.0155726298458238,0.0108841634838077
0.00157415339829171,0.0110094810209098,-0.0148016407887763,0.010994314076117
-0.0335275610854163,-0.00368255222823807,-0.0421634507930366,0.00649749659562144
-0.0416146780663178,-0.00670931977057135,-0.0455584086154347,-0.00124994071060069
-0.000539127506553175,0.019839631075228,-0.0347673681508066,-0.00837310978071844
0.0309264593414252,0.0416222474338109,-0.033820421431166,-0.0121131500303031
-0.00035135831861012,0.0351382097362514,-0.0363868945285165,-0.0122265718350178
-0.0214186399776622,0.0154767149504632,-0.0367562111492182,-0.00943768919943574
0.0252648305281984,-0.019465013931388,-0.0439554081395911,-0.00515793818186645
0.0715804664193905,-0.073563708331906,-0.0473906158702912,-0.00147008429525164
0.0607752133817115,-0.093352623253446,-0.0257792646443146,0.000284919209371966
0.0137885793225481,-0.0447526585274529,0.0147841136905989,0.00055393338139622
-0.0394622351353566,0.0152308969966276,0.0408175035773854,0.00137758580653644
-0.0738353483411911,0.0408817354684098,0.0272117681991425,0.0039530079649183
-0.0685360721653111,0.0425061737991994,-0.00278266784634112,0.00678631455620548
-0.0397203791220006,0.0296292298008749,-0.00338229658019051,0.00790744742656071
-0.0282433886406129,0.011984329416151,0.027469649693112,0.0070960557635108
-0.0417870857306404,-0.00269812640986811,0.0524217321451189,0.00503971734350326
-0.0439202481914731,-0.0235657977865624,0.048448776302886,0.00256269330399153
-0.0171659989307842,-0.0376718930743257,0.0311744037557629,0.000527052011909853
-0.00434852912681827,-0.0227635134735013,0.0213062607672628,-0.000809722267968683
-0.02340607574358,-0.00060650393798806,0.0193048237606988,-0.00192896939915044
-0.0343520118346441,0.00488664715728786,0.0150900501438381,-0.00267059333780979
-0.054632439924916,0.00130297018172622,0.00932531367690893,-0.00213366326481355
-0.122005349718946,-0.0138395082150536,0.00776505921944548,-0.000816853689752525
-0.139430558820354,-0.0400368251791364,-0.00893144158332856,-9.06343424939179e-05
-0.0511787643918944,-0.0515406940863722,-0.0461923315980039,0.0008384382321969
0.00716888234571257,-0.0519877296815246,-0.0597903006092133,0.00328999858871658
-0.0310466017671956,-0.0636776655819073,-0.0211742724795194,0.00524795354216598
-0.0573544659297537,-0.0711939094497344,0.035899952612061,0.00410289305900311
-0.0117858635538166,-0.0698012215299682,0.0629908475544049,0.000596297994728024
0.0448629478157637,-0.0729785164356314,0.0543719147068449,-0.00334571429591809
0.0845365511488619,-0.0595981573293502,0.0396286414280607,-0.00646128650773208
0.0897312164334785,-0.0141189207814398,0.0413175071593432,-0.00695250829312141
0.0262396456071377,0.0368925215299415,0.0597950348889516,-0.00384867492283722
-0.064138778889346,0.068478056170705,0.0756081433569518,0.00155626794099498
-0.115366691695055,0.0895003162787668,0.0705397527155461,0.00688321427844921
-0.100977692051697,0.0977715715838241,0.0524064286273212,0.00937565493409134
-0.0678626459993877,0.0685579865701045,0.0474200003553661,0.00705983559647317
-0.0755845974815345,0.0368029687108638,0.0616452168721641,7.8426141908867e-05
-0.0721893173523562,0.0620403826693985,0.0648151951352335,-0.0083860338465821
-0.00526847857624069,0.0886293643721813,0.0279761510441772,-0.0121456549546135
0.0760166411788093,0.0193908342106428,-0.0400872177868374,-0.00839265709314435
0.122052701619256,-0.0747992238441839,-0.0943586804643946,-0.00270881167486416
0.115542138395203,-0.05146158969269,-0.102390250136149,-0.000825407205350709
0.0729847286686339,0.0315613421387537,-0.087008698640703,-0.000739090383992488
0.0432484095473579,0.0263593054268481,-0.0838182198361533,0.00106224684378745
0.0220808868104799,-0.0597401000403828,-0.0726568555753624,0.0032403917239209
-0.0308713824972204,-0.109925740693922,-0.0165963953851663,0.00347078815666018
-0.0970896699658832,-0.0719443316473352,0.0608797435874327,0.00252440589118851
-0.12097381666965,-0.00905393029990849,0.102162528387712,0.00240704497684885
-0.103376965348785,0.0170163101983023,0.0952860316481253,0.00309997814030081
-0.0888309681437162,0.0195386169755983,0.0760248465003648,0.00304263618804459
-0.0616169593885607,0.0367770347245139,0.0627928173418978,0.00196238385024617
0.0176041610125617,0.0607894283975423,0.0434783738330724,0.00079901923504489
0.108962509091639,0.0560202406253113,0.00952565014447981,-0.000416565869485646
0.147514694549582,0.0395825440836395,-0.0307847443659671,-0.00202827775743276
0.10734680092196,0.0475819979753855,-0.0625277876852152,-0.00379094144530459
0.0226899799779314,0.056374240621602,-0.0774945069565793,-0.00569103179726767
-0.0573032321415301,0.031511950489771,-0.0666516149201433,-0.00757233947879114
-0.132152984471473,-0.0073029067687824,-0.0324019597835049,-0.00838037133599145
-0.157933306301863,-0.0256322972586448,-0.0082113369537876,-0.00727051132415965
-0.0913821036295672,-0.0253607535022811,-0.0108772637362669,-0.00460619615507538
0.0102239633626619,-0.0132069919317391,-0.0225965984051706,-0.00158834921034353
0.0733895998197873,0.0184731965826774,-0.0271713093567685,0.000723401220623765
0.0688979730032208,0.0467973594593985,-0.0221264450594764,0.00226459843486305
0.0347202222182384,0.0359827428062748,-0.02008341694716,0.00300197305590631
0.0379383694959891,-0.000644219642091739,-0.0323176052717643,0.00236597131741844
0.0824245333412458,-0.0242860056431426,-0.0486754148758951,0.000457311884434667
0.107024180044775,-0.0274083615909304,-0.0481339896406997,-0.0022180662778535
0.0688187829248467,-0.027497733403901,-0.021084766645497,-0.00460328604204994
3.74665855311374e-05,-0.0193598372661476,0.0207423207367205,-0.00450382410195954
-0.0377723828124432,0.018274823891567,0.0499206937751552,-0.00110915307066552
-0.0228982824185783,0.0539545858670079,0.0493408839073518,0.00389527086333357
0.0281804279504496,0.046655426924032,0.025645756076321,0.00903743542676903
0.102041328933286,0.0158929924220242,-0.0028859480788838,0.0132630680628336
0.118813462911979,-0.00223406148567212,-0.0139946188234629,0.0140836218851374
0.0324942037615425,-0.00785771970908375,-0.0109281575477223,0.00891964775855669
-0.0158813702782774,-0.0340843948168914,-0.018787522218028,-0.000815852108743985
0.0245181029033226,-0.0654606361106903,-0.0376325651917804,-0.00894677654312506
0.022224214154579,-0.0517937891353351,-0.0464373316103669,-0.0115334758095047
-0.0607116692649351,0.000873955894987594,-0.0337835100908088,-0.0110186774240602
-0.121358173465676,0.0617104627560325,-0.00941109384940655,-0.0102423577590817
-0.106629561096473,0.0982201040243153,0.00458201811365515,-0.00797900840677716
-0.0549059512371955,0.0974925670054741,0.00376514941160612,-0.00200412562508656
0.0022404953650248,0.0760841083355508,0.00797058547969479,0.00704239913074038
0.0411069844173085,0.0425006731690262,0.022282046975414,0.0152409483491357
0.0339395421066463,0.00755966869765011,0.0373417872984005,0.0183041132025849
-0.00247142416613824,-0.015233848460948,0.0613769030680885,0.0149924328833401
-0.0119544384488364,-0.00582299900328377,0.0924242316352372,0.00832520391944432
0.0148472803950661,0.0336514013686011,0.108072821463644,0.00304922484570529
0.0161830983042672,0.0330882582051469,0.107082290967735,0.000365661356210346
-0.0219074774994067,-0.0318261651418189,0.094710401651614,-0.00232510097705741
-0.0118447252925377,-0.0729803693650341,0.0719069369494248,-0.00550846634119557
0.0528132164164618,-0.0335004148927818,0.0575576997421071,-0.00611792790736224
0.070245684237763,0.0498713283807972,0.0562233309808107,-0.00288192923296572
0.0282271810890683,0.113154631861993,0.0442600509849616,0.000720837746154771
0.0127281128770918,0.108083721165676,0.0129873729219856,0.000617376173466399
0.0532401924518504,0.0133972429102288,-0.031166689678726,-0.00252218384626372
0.0661540348929895,-0.0933055081908324,-0.080162038414223,-0.00596313978703069
0.0261969902018116,-0.0718047522172774,-0.115771506654927,-0.00853411412042745
0.0255803583262171,0.0378763829404062,-0.135648369616897,-0.00873814628086161
0.061733060378295,0.0778351578415833,-0.134734706787322,-0.00571885318418546
0.033550935809467,0.0350952609995933,-0.0884330751012519,-0.000985743673586951
-0.0633653622321572,-0.00970819950081057,-0.0171078563643072,0.00312870851785862
-0.151994921638547,-0.0191913790776474,0.0297711717956789,0.00540527607045996
-0.18271297511815,-0.0148958590591168,0.0454205045728227,0.00609774085490351
-0.128986737295044,-0.0309630996489919,0.0466825359274971,0.00547537361235054
-0.0127713828778614,-0.0533087363153618,0.0417456824963522,0.00380265261835277
0.0656905384022646,-0.0475699457551522,0.0387966036499517,0.00195129588557537
0.0692660350425241,-0.0182264579865726,0.0368074209810637,0.000312805069682317
0.0664594481747185,0.0149042042995933,0.0322697609405785,-0.00106688551836445
0.0704972623463691,0.0469720298066478,0.0331429493632589,-0.00177057879055238
0.0625431515717132,0.0664283947677779,0.0376019823501854,-0.00181878412014078
0.0541133242314592,0.0627840570574586,0.0317732022436181,-0.0017912198645242
0.0509917497794625,0.0466688399142892,0.0128405975950191,-0.00203013800335282
0.0540350489049831,0.0303646881528321,-0.0109131512522114,-0.00207134151755148
0.0249865248540764,0.0244750689869667,-0.028894188155137,-0.00180044194792046
-0.0521660392117037,0.0339293157373623,-0.0304196116359133,-0.00231913502980998
-0.103090389068441,0.0487865638958249,-0.0266698542400421,-0.00392822905073564
-0.0793494725761237,0.0626287919601536,-0.0362304624209116,-0.00495508485429767
-0.0193344390287042,0.0669412477495202,-0.0419490215164542,-0.00362453375195551
0.000290381244994767,0.0534874836591214,-0.0161816580657698,-0.000841724355083378
-0.0466996542520051,0.0310077149292744,0.0202665098219119,0.000685475968126323
-0.0710844141404176,-0.0102958381127256,0.00954064817793956,0.000259288847536619
0.00921878832343875,-0.0986193714501369,-0.0533047868148017,-0.000967982550247052
0.123083617469291,-0.187856278649246,-0.111995677999058,-0.00254699787496382
0.146627683746369,-0.201492078383641,-0.126177155059571,-0.00382951812777398
0.076051941586561,-0.165731376229364,-0.0901548176673228,-0.00345486460171597
-0.00609664163033208,-0.118813965524846,-0.0273182386370867,-0.000750793501101928
-0.0321109063564555,-0.0460009127118407,0.0247383769724467,0.00429046038126666
-0.00327777075875374,0.0209636873968021,0.0448765539167514,0.00971024628962162
0.0216294163511578,0.0446410413199198,0.0396022794268574,0.0124255185975265
0.0160751890652518,0.0469898903571695,0.0352244145822104,0.0112862031724564
0.0391211810842822,0.0448460181450159,0.0519283404103909,0.00584333442952406
0.123603741365907,0.0256460053313348,0.0734051405651211,-0.00295956434409085
0.16024216346029,-0.00198953685202766,0.0667999526391353,-0.0103354215118297
0.0819277199822149,-0.00317046723891622,0.030872547109184,-0.011805476388779
-0.0162280946644722,0.0149460303262616,-0.0181398838086705,-0.00779431251383675
-0.0663717909270531,0.0112917266223567,-0.0553375396176211,-0.0015474494849768
-0.0894420398518139,-0.0122864866300434,-0.0503464219550073,0.00403880302562413
-0.0964246530080286,-0.0364556618162192,-0.0126417636221912,0.00673232030768631
-0.0752178379248456,-0.0559643163623084,0.0215875159899577,0.00513618998102499
-0.0277116476117268,-0.0580588251070871,0.0328487302392309,0.000695989883783619
0.028794792841786,-0.0371786555657093,0.0246118761178922,-0.00258554947329127
0.0716899954874656,-0.00375661814822462,0.0160756834980119,-0.00329849636325598
0.0617004217796507,0.0285141213536976,0.0148293132547799,-0.00288898004080747
-0.025467081873555,0.0358178950604055,0.00472688203146075,-0.00125586974016097
-0.141578100393834,-0.00253117480494416,-0.0189728134719461,0.00197040096998882
-0.198476793149785,-0.0540332330788418,-0.0302422157220168,0.00507536575768234
-0.156919218697673,-0.0633545497444948,-0.00236286291733866,0.00609882062279068
-0.0576192909682008,-0.0277753041767179,0.0450311372858125,0.00532379959657842
0.0357072318303658,0.00614617139943434,0.0590648524458558,0.00489138884803271
0.0916793303518116,-0.00454428660691542,0.0326119274272534,0.00503297889808245
0.0942014983029671,-0.0444413011614073,0.0111022376121298,0.00307327512629455
0.0597587807005217,-0.0564367953103888,0.00953459525545722,-0.00156048232985119
0.0580606260709487,-0.030213532815403,-0.00182567461789823,-0.00492416060194189
0.0921753088534143,-0.0238905695149304,-0.0335873001052836,-0.00451662499133516
0.0843983796134113,-0.0508888362298953,-0.0606016052427973,-0.00312450393365668
0.0433604883713612,-0.0535691358380725,-0.0619579625778014,-0.00368406839502869
-0.00221786667533104,-0.0206551813914598,-0.0389456855357182,-0.00526893534049342
-0.0753977804134112,0.020141128755251,-0.00777895593321855,-0.00519845466854035
-0.0991745347254947,0.0466277534411005,0.000836108271293934,-0.00222876888379868
-0.012701983102716,0.0293766298293716,-0.0254585059954605,0.00172505493013206
0.0673172724926163,-0.0117058989425822,-0.0517270348598355,0.00310904705385592
0.0539897761986217,-0.0257419952499226,-0.0426558393924518,0.000788082590899408
0.00247754896565586,-0.0451485589008934,-0.015299326975344,-0.00280570804108489
-0.034929372859047,-0.0892761744908315,0.00200337748736194,-0.00513646949938004
-0.0497066884865333,-0.0924188507346999,0.0121798474517808,-0.00525028553462708
-0.0508239853127397,-0.0475274313470123,0.0192854841479731,-0.00285824975313624
-0.11080136725432,-0.00203384640668171,0.0236205634454406,0.000589226320182272
-0.239689175991588,0.0236479602293968,0.0263691702288506,0.00216876531068715
-0.262887137009109,0.0476971920281923,0.0235168140910139,0.000807697835290114
-0.0942130944431221,0.0875693402024823,0.0146962281472786,-0.00039557137075676
0.0964809702910118,0.124388063358003,-0.00305902499851567,0.0023886267582316
0.150446986753858,0.128315507892396,-0.0373470048606974,0.00781595965487539
0.121348067960704,0.0849473941587877,-0.0759890212589774,0.0102921856495424
0.102232150682337,0.0342087088134778,-0.0816539792176992,0.00700762700043975
0.0778445653772686,0.0233002615660648,-0.0481566409849351,0.00123509650868359
0.0463675286598091,0.00711145020941976,-0.0156729879922112,-0.00272864357786129
0.0370703486679336,-0.0659976803922675,-0.00382745420542816,-0.00416338285402033
0.0350027921075704,-0.143406411314332,0.0101993750900032,-0.00423264244990866
0.0379678357469014,-0.161958749533665,0.0394639629434551,-0.00351306694152501
0.0700897030664782,-0.122469855376861,0.0595965509560418,-0.00153562059891273
0.0496014581440919,-0.0523188405833344,0.0482629300777883,0.00218478785603715
-0.0822995277427978,0.0119602668239966,0.0176378232688047,0.00617117547405423
-0.167042243688695,0.0430962261759736,-0.00446590198249708,0.00754459740510982
-0.108338456137497,0.0577678114291542,-0.00790982860601025,0.00522255126170087
-0.0138518221277919,0.0884355352112002,-0.0114767903534563,-1.24993654847493e-05
0.0393721430035663,0.114264922203215,-0.0269593102479856,-0.007489255311155
0.0736711007972937,0.0907319267324039,-0.0311332937239932,-0.0146550771817081
0.106887960977525,0.0319948295969238,-0.0112538298068594,-0.016374470670036
0.111466857650397,-0.016268432586636,0.00848427069222815,-0.0104542930023806
0.0503688789598638,-0.034792792855945,0.0252678083932616,-0.000598934953210905
-0.0617454787339363,-0.0266234714459141,0.0550702369335938,0.00776018374778524
-0.140975629794707,-0.0054045378939232,0.0773117473117383,0.0122173113724764
-0.129453614673087,0.00971085513949356,0.0744685396502657,0.0134999964850301
-0.0649120807174708,0.00261466478263621,0.0547120584772123,0.013194225263985
-0.0283133704538691,-0.00784950434620676,0.0294622929849205,0.0121737303507248
-0.0335857291713283,0.0136635544489246,0.011428266202342,0.0101881117013927
-0.0146495889018546,0.0437740099549764,-0.00319484111414771,0.00743405754251583
0.0375848002211971,0.0360885862820865,-0.0197878484230873,0.00481226168304327
0.0936277580416313,0.00751341096129406,-0.0271779381318025,0.00225663707129408
0.136960109465661,-0.00247209253805827,-0.0248447115174851,-0.0010010596374499
0.105559432434029,0.00733181050625459,-0.0172296008154844,-0.00539355417639457
0.00226757917647513,0.0361164987870311,-0.0113003331991246,-0.00994562569196092
-0.0798071097032862,0.0629619135913415,-0.0272630437492873,-0.0118486459764376
-0.0603991886940451,0.0352643118312211,-0.0562954784624618,-0.00974668878722622
0.0484697625007338,-0.0206723733510904,-0.0601146579571763,-0.00573532715936362
0.0486235614765627,-0.044750273679011,-0.0167183775705699,-0.00287230594097622
-0.105660205599335,-0.044920755889097,0.0536469772031621,-0.00347416148207475
-0.118177843759255,-0.0264011922332995,0.104747559929561,-0.00685839249902119
0.0487556224600976,0.0147039187171365,0.12528212099259,-0.00814305577572638
0.102642665212928,0.0387013951529111,0.133999483974331,-0.00321326325276531
0.010266243037894,0.0350997471018026,0.133951756265046,0.00652260404700117
-0.0201037162830188,0.0443681203614857,0.111985256469429,0.0158757002190799
0.0269704665817744,0.0710494263464339,0.063187021338348,0.0206387417900093
0.0212606342213484,0.0683211532676312,-0.00158711080499471,0.0190944830848182
-0.00824019307356957,0.0222135730402039,-0.0583103453244703,0.011624770249902
0.0155731054402908,-0.0204350143204527,-0.0828491680633931,0.00161388126255402
0.0546440324226075,-0.0404901380347603,-0.0803632632560724,-0.00663510959627481
0.0628688778553222,-0.0299444074967332,-0.0654116944073201,-0.0115658796757982
0.029405209878566,0.0251271334244193,-0.0485280205963268,-0.0140576511870331
-0.0570471202010361,0.0755444120902055,-0.0406077831725415,-0.0148553875238562
-0.148915606977302,0.0630796212963651,-0.0447505339581396,-0.0127533317147952
-0.17332524361422,-0.00784258983388271,-0.0573987404839719,-0.00683712693335024
-0.139035698974111,-0.0762144139541043,-0.0686422361215711,-1.86499328866246e-05
-0.0700448199280126,-0.0722095521282481,-0.0680009040146355,0.00415450156692023
0.00231896714984409,-0.0078690359473727,-0.041142224104602,0.00583623758550616
0.0395308762825049,0.0461751066860801,0.00375685026856917,0.00594422163392789
0.0688058044938585,0.0627370300847627,0.0317703615311913,0.00390620474264861
0.0940883531539753,0.0591622807885133,0.0299905058785519,0.000674579695975833
0.0931152603310199,0.0516086312804978,0.0132937834013229,-0.00190784600152233
0.0856997009141834,0.0422540663382254,-0.00359393947544234,-0.00386902605717704
0.0746518473710531,0.0481267684261201,-0.0102287238356403,-0.00509526872478807
0.0418216256213935,0.0583747919944736,-0.00381654307809859,-0.00433146736199366
0.0106403140291821,0.0218841132828321,0.00448683954411961,-0.00187309739181833
0.016478042830932,-0.0357505278421691,0.0122920061282297,0.000356620416828984
0.0196474944331649,-0.0560300437477036,0.0232232764089018,0.00123417297193694
-0.0411546380951157,-0.0483529481197956,0.0327544451212075,0.000282048736803852
-0.0918513634786391,-0.0511221160047599,0.0360152075490328,-0.00240024260441201
-0.0479661631809565,-0.0822916366021222,0.0385467869329475,-0.00434796795705962
0.0172490717492231,-0.105319032345616,0.0509913650432572,-0.00302166134347927
0.0493331537811388,-0.0740885392553402,0.0663914446979008,0.000575809065374156
0.0761873432491333,-0.017419694016293,0.0653655459138986,0.00355549992615252
0.0947922632181512,0.00206993681530615,0.0375835152333995,0.00437777523199682
0.0900241841626791,-0.0100166950977227,-0.00449241262713326,0.00277719917639945
0.0323994164252469,-0.00952241329750388,-0.0359884361261212,-0.000789483827858816
-0.0881998893689638,0.00750575681610567,-0.0557648076797292,-0.0043947201044861
-0.15636601640711,0.0202468479005789,-0.0875192978182054,-0.0062277781412798
-0.11502101161018,0.00842230094145331,-0.118232634861566,-0.00661475158574768
-0.0718519957144944,-0.0257579768126613,-0.11239554522731,-0.00661248413185074
-0.0655800649346698,-0.0472146080451604,-0.0790310478931275,-0.00572884939803456
-0.047759373768668,-0.0391105552917428,-0.04037692797533,-0.00301119992968527
-0.0093492620623177,-0.0270321576990502,-0.00928772182002045,0.000461611073836854
0.0395860936922916,-0.0252145494945551,0.00412372004080404,0.00272003907251427
0.0740449313225914,-0.0132889677708781,0.00716798700335168,0.0036842393085498
0.0658069031488959,0.0103752558746427,0.00803036814140477,0.00471317740422802
0.049538823698555,0.0259964946915848,0.00929734051634452,0.00602551129270857
0.072660368852137,0.0310133881147467,0.0134965051141122,0.00625356617123255
0.0829435713241344,0.0329779631095908,0.0176238645983976,0.0047462493203566
0.00374647501053345,0.0265004673647613,0.0248299286701602,0.00229447898654492
-0.0980762898696612,0.00478069008192031,0.0326210563742713,-0.000856771640073148
-0.0984091112476867,-0.017999529563869,0.0276872639696762,-0.00441262892642036
-0.0159643091469281,-0.0307509842807056,0.0119235891143926,-0.00618319051475914
0.0632689279300796,-0.0406889806491044,-0.00111755008997396,-0.00371641181902884
0.0962213754349709,-0.0656979926272514,-0.00875520937881112,0.00263780476217398
0.061322606036212,-0.112719002645394,-0.00460311132830142,0.00895317545247725
0.00570996973869814,-0.14634884320598,0.0282855920320233,0.0110658245767613
-0.00609716435867445,-0.129151204989509,0.0651343833876619,0.00885136037074957
0.0108683426347817,-0.0692588424588357,0.0671087995216617,0.00450549979324264
-0.0106538387743581,0.00144320840287365,0.0512231429701882,-0.000794815405073162
-0.106169755126746,0.0619112698004473,0.0375551902987573,-0.00508015938893551
-0.219581322150175,0.111020394853224,0.0163967357376226,-0.00546722959404757
-0.264895457178787,0.137643344880906,-0.0179171325522667,-0.00269218186894579
-0.22004148028644,0.125499063588724,-0.0565093270006665,-0.00202169222740706
-0.123228034774707,0.0789964331434607,-0.084191460151254,-0.00624556692677206
-0.0169479235293977,0.0197883410069596,-0.0963118991549873,-0.0106593359252862
0.0851155938786467,-0.0233087187613942,-0.0907564800097201,-0.00965047329372598
0.174203710039589,-0.031757093387039,-0.0659164621603572,-0.0045089482806739
0.208199171788223,-0.00109801236919443,-0.0277542092495892,0.000280688278437925
0.159266312602678,0.0349782164341038,0.0117510321102296,0.00365321941934051
0.0613040358591135,0.0342421228573987,0.0332145452974892,0.00655581440694296
0.00550894520914014,0.00557421716581354,0.0230337841043749,0.00844000258299069
0.0398485255443552,-0.0110682218283649,-0.00282870925777482,0.00871696908400772
0.0492433254382153,0.00462129526124908,-0.00931621288728972,0.00869859024435708
-0.0812169464887097,0.0124326659154058,0.0074403236439971,0.00951193525062495
-0.243996375523803,-0.0228309143961233,0.0181230500174432,0.00990778685152937
-0.271467949586512,-0.0657981365915778,0.0151022345320094,0.0082683306959124
-0.185764769841643,-0.0686962816808618,0.00641728926480144,0.00460550295859796
-0.0987888896800402,-0.027572008918373,-0.0106368958025342,-0.000319319554866394
-0.0352118082647053,0.0188082541232441,-0.0215192682496353,-0.00513212087014497
0.0400107584231983,0.0403059227574028,-0.0132451367216068,-0.00801443836825379
0.133904495866559,0.0343233400272855,-0.000846389650342089,-0.00776215602058915
0.172451552681797,-0.00521066549368038,0.0143943177121442,-0.00522713076939508
0.0612577828263911,-0.0513178660787344,0.0491764110240639,-0.00353650107629911
-0.112558717716773,-0.0583819378119721,0.0843438302001758,-0.00432538787101786
-0.137752693651759,-0.0445247738715429,0.0795061050883582,-0.00493222815076157
-0.00102147557157879,-0.0412738946661912,0.0538406640042543,-0.00133489462231506
0.109322348705257,-0.0373149622382661,0.0496643893542199,0.00642517241366375
0.0773139765263755,-0.0222990431038569,0.0438361835578223,0.0123537105743008
-0.00218532256360587,0.021844453736071,0.0154351063627561,0.0095923087761315
0.0212674252055786,0.0993083965200803,0.0017462753424333,-0.00137043767217947
0.123781129294024,0.130727373508799,0.0138181594167917,-0.0121768986969109
0.204886901813569,0.07446891464963,0.026951677928739,-0.0168586052497557
0.237930123334877,0.0033657219175012,0.0391876945351646,-0.0169202921451462
0.185392631496728,-0.0267658801314977,0.0474167166472028,-0.0144606461581293
0.0317493281749345,-0.0265277322724865,0.0317606708981079,-0.00865685506302487
-0.120270805508239,-0.0181360978810711,-0.0167244154540558,0.000341032138811207
-0.170458404661966,-0.0122415828627741,-0.0920032961918952,0.00968886041651678
-0.142489569700386,-0.010893216798062,-0.143028843831849,0.0154680229645584
-0.104188106753098,-0.00430195101602887,-0.123951980066728,0.0151617624059879
-0.0600766965833063,0.0118808976124289,-0.0817238302660494,0.00959448609570617
0.0160634084371497,0.0210898282113177,-0.0631405255392056,0.00213073763558086
0.0617297325261801,0.00859779360223681,-0.0438569601841401,-0.00386203823954745
0.0238905508086634,-0.00384368150908682,-0.00114264385319117,-0.00670993183444131
0.0186266546478571,0.00489017187384327,0.0350232481485879,-0.00595813342006386
0.0886053767200864,0.00895636443014465,0.0399638259318556,-0.00211851307689756
0.100700845230989,-0.00336413680464294,0.0371828689393532,0.00248520459263818
0.0173263878778211,-0.0018004101240582,0.0462142864241602,0.00525165805789202
-0.0565290978666862,0.0248614436972527,0.0565268636151378,0.00557824453079255
-0.0520626673658173,0.0455285460769716,0.0522835885721653,0.00440006543715629
-0.0124941804331029,0.0242194089513069,0.0341248773264738,0.00280794190361921
0.0150031295541893,-0.0322623213355092,0.0117040200806651,0.00162709108611666
0.0547505308102501,-0.072926251374895,-0.00898833571839892,0.000829408830991278
0.0997767591425485,-0.0574213967560656,-0.0221188999037318,-0.000177049812136915
0.0901882563618731,-0.0161010715555556,-0.0301714322697641,-0.00144407168475459
0.0327348335070788,-0.00414459278837183,-0.0421597208104429,-0.00300781045700842
-0.00179382875189492,-0.00914252093622777,-0.0565334441097309,-0.00465525202566626
0.0324502986239993,0.00433186659149941,-0.0666030304607987,-0.00474370462757472
0.104721592535538,0.0357978426172985,-0.0653747547645174,-0.0023636217830629
0.137042008209363,0.0746486237700221,-0.0486549562800207,3.53555581030277e-05
0.112257447063621,0.101990196783567,-0.0246961103415006,-0.000329706705919523
0.05881396639206,0.090133321323835,-0.00426582363889032,-0.00227216172266351
-0.0149677755536721,0.0482890449585034,0.0113047696197433,-0.00303126110753492
-0.07421834623267,0.0205442712110329,0.0228782226549782,-0.00197264432784202
-0.0841212330895519,0.0231014302115318,0.0268147221123854,-2.07641505732591e-05
-0.0824686907219139,0.0339650810780893,0.0248716282844242,0.00119392644777132
-0.0915102453223729,0.0272092849110388,0.0160064567956501,0.000895782128987919
-0.0745265738741905,0.00034723417204191,-0.00459694353004739,0.000233636813020031
-0.0507645188680478,-0.00795471743484478,-0.020646165447593,0.000645922118596765
-0.0635894984738841,0.0197591511178349,-0.0196712086654774,0.00286418311001915
-0.0960864045874816,0.0437930827191673,-0.0216536771619443,0.00668277062599842
-0.108972954117352,0.0418703958943197,-0.0394482563780803,0.0102974806991949
-0.0662033498161002,-0.000543270857710838,-0.0514751536893503,0.0112095293360658
0.0185547819128068,-0.0912547015195109,-0.0413475142979201,0.00845053820120172
0.0547718537389476,-0.15984056839251,-0.0190373960382433,0.0035257718827561
5.61706324966917e-05,-0.144183892204709,-0.00236248479114006,-0.000779366996161671
-0.057792786339261,-0.0862106391078432,-0.00233679224999789,-0.00279626581160792
-0.0522357446469914,-0.0401402209221714,-0.00292573451743509,-0.00313469827809618
-0.00442408505737038,-0.0147953801551137,0.0141254917191676,-0.0026981928767206
0.0484269608928458,-0.00241458943246561,0.037034776912049,-0.00116842358025125
0.0549853103677199,0.0216672768181057,0.0569845810333269,0.00104646380225257
0.0249155392475866,0.0625245537383537,0.0709234987413537,0.00252123865963783
0.0318074180145453,0.0906398361009246,0.0700751759744821,0.00276094696187588
0.0622530392791946,0.105009923167219,0.0594100484179687,0.00170780780533533
0.0475130866034978,0.122041438820177,0.0555774803642089,-0.00145917799803265
-0.0149734935724168,0.132528990114027,0.0684638863326834,-0.0067507930520058
-0.0940032178399282,0.116550518601131,0.0815208145223301,-0.0112656072752514
-0.168229642986049,0.0741464664370815,0.0814645742692275,-0.0121417152746895
-0.198758690289774,0.0341271054495966,0.0778017591166745,-0.0102973068691746
-0.168778924939258,-0.0080581986340203,0.0655069760911479,-0.00707809898038176
-0.12949925087695,-0.0623423969728809,0.037238354036583,-0.00197421841288907
-0.0865624732155642,-0.107263070429964,0.004691661259329,0.00440138390231646
-0.0084454862402123,-0.148967461781634,-0.0185005191426174,0.00963629813545069
0.0550550665814689,-0.181392548687295,-0.0332672184355339,0.0114296467380108
0.0890834676710114,-0.163778801756183,-0.0476669434101475,0.00895211946044172
0.119615503687499,-0.0999666633775692,-0.0487172752707649,0.00362928392621779
0.101849965316034,-0.0493439248450946,-0.0267158005810852,-0.00140094328937805
0.0465942258952381,-0.0254008985737982,-0.0095335771800004,-0.00438619726423108
0.028666044970806,0.00753191680020479,-0.0214260396634035,-0.00585640402931382
0.0287300098840772,0.0442240716363277,-0.0473622230672316,-0.00653190740334282
0.0133880243556958,0.0672189158307234,-0.0566340330037086,-0.0067654571298544
0.0212404748338752,0.0794820036349045,-0.0401787865687833,-0.00631822045781327
0.0115191991005165,0.0805987532005641,-0.0164349034007999,-0.00462639868348654
-0.0625902269421818,0.0748271176481152,-0.00551361014281983,-0.00254031320867683
-0.0904067504285511,0.0556592431248483,-0.00412008923575041,-0.00123737303072404
-0.0231893705890068,0.00397384982365936,0.0106180524899951,0.000747845769005798
0.0379681305739802,-0.0619176271697816,0.0419850710415355,0.00530016880937452
0.0372423918004301,-0.100962195571129,0.0623256584066317,0.0107116242313768
-0.00708348301480297,-0.0994057327598506,0.0564237933159254,0.0134896982352024
-0.0610588499245669,-0.0730062142286997,0.040884428566528,0.0123672975671502
-0.0806018192015658,-0.0427096864564331,0.0241989516393684,0.00829646730847
-0.0579934387966543,-0.00931607506776813,0.0013045362827873,0.00236612762839654
-0.0126202752707403,0.0254126769370036,-0.0196605826170114,-0.00446077320927799
0.0382218505211022,0.0399886149528891,-0.0404674867592891,-0.0112898546958172
0.0342945421004376,0.047479634854541,-0.0643952586847985,-0.0173322342871851
-0.0239587653187371,0.0708587302297402,-0.0619857582688926,-0.0202566090343821
-0.0482648479459412,0.0799284704309188,-0.0257559345085005,-0.0170085798642066
-0.0251189312622317,0.058211913265616,0.00231972470937697,-0.00846428180656885
-0.0048205903743293,0.0217705994680934,0.0017416381007913,0.000270419061595712
0.0283034827710643,-0.0102548270417925,-0.0119803916130889,0.00513224277314287
0.111606121993996,-0.0112545155734877,-0.0305812533069837,0.00646562126319367
0.177499294231094,0.00512334864826171,-0.0582930850890845,0.00742438351830405
0.138981799463152,-0.00276171622687983,-0.0834245576375989,0.00911768201936666
0.0325419461696761,-0.0152874580688604,-0.0786997272411871,0.00879397018665114
-0.0534578486237639,-0.00218854784179122,-0.0488684664222698,0.00508366835908297
-0.114841940106095,0.010720577095859,-0.0294274140264163,0.00125054960392797
-0.153943018219397,0.0158539549451754,-0.030585706186222,0.000591570476219699
-0.13573243210351,-0.000527888981495764,-0.032688593452379,0.00238437974540407
-0.0876604704574139,-0.0592709013544545,-0.0259194451344822,0.00329559917612646
-0.0463969818368208,-0.088594652893143,-0.0123331938710887,0.00154883814644821
-0.00949034953560482,-0.0528170582731957,0.018065587305963,-0.00173581003267877
0.0399614518577402,-0.0459266287318429,0.0649951299957781,-0.00456877675056931
0.101092131774899,-0.0840870174919756,0.0954681374990403,-0.0050898520673313
0.112652599587882,-0.0618647504214433,0.0908772273336765,-0.00349761227014153
0.059475358312667,0.0411226935998819,0.0688389588430945,-0.00204978256213864
0.0152840400624744,0.139548375872612,0.0468443656031104,-0.00118270691334392
0.00595939365035324,0.174412354019612,0.0167124269930104,8.62657027147465e-05
-0.000165671175069,0.156835818788674,-0.0367421095908321,0.000939824369135265
-0.00361756667672748,0.125247884393503,-0.0940464969518056,0.000306199622283554
0.0197787343417538,0.0968364896824603,-0.112539258199087,-0.000783659116704643
0.0518993833926462,0.0605282475060716,-0.0829426899621098,-0.000909315569476827
0.0414063705878431,0.00972872589489616,-0.0344279947469333,-0.000283308804694402
-0.00629220473281103,-0.0312389505485445,0.007350482474273,-3.17796755804891e-07
-0.0418066065587542,-0.0389224164166707,0.0308931822708455,-0.000405170619692456
-0.0508056004911495,-0.0208461542135063,0.0345610016791615,-0.000970666478356939
-0.0438336767774096,-0.00442682506661889,0.0292292323909098,-0.00119000259507463
-0.0324591684464679,-0.00412265485349641,0.0254209573450261,-0.0011908561322293
-0.0201897226847525,-0.00888740902761028,0.0238820855194928,-0.00125607360056096
-0.000986287450298311,-0.00606826744639236,0.0307483707708466,-0.000789580821795038
0.0287241575463901,0.00405586423886198,0.0450767042349462,0.00114635234803274
0.0590189232656126,0.00337738416355065,0.0504114979369592,0.00396311954014114
0.0800546093248984,-0.0209970244932569,0.0448581324676498,0.00562333035052339
0.103473358530742,-0.0350945539005495,0.0327713332429094,0.00516283979643726
0.114676865386665,-0.0100010910633214,0.0151133020693966,0.00369034786254829
0.0925108761389988,0.0196058706232719,-0.00302623775656866,0.00258139063515999
0.0584019288938954,0.0171684342112242,-0.0271647009966472,0.00158653436981487
0.0215865893162335,-0.000265027590840079,-0.0582103229661978,-0.00081527596451713
-0.0189126619094861,-0.00342301454297456,-0.0652565854589774,-0.00500437698288902
-0.0326411712459809,0.00869260203241331,-0.0276948468008834,-0.00895092807465605
-0.0135073063031742,0.0161006494675055,0.0186890111182834,-0.00998075370632701
0.00564251220307639,-0.00926534859689862,0.0307756517441978,-0.00726606568661688
0.0170388045524516,-0.0559251375469198,0.0180401355101691,-0.0020994860002841
0.0353812380859072,-0.0824702115240043,0.0116744273801184,0.00320621769899794
0.0650762646004776,-0.0814583913867407,0.0142705098479098,0.00682891081013452
0.0939047928116667,-0.081961463475723,0.0161863629758915,0.00879199438229539
0.102838780361775,-0.103252291340736,0.0189537160019976,0.00960808712499403
0.064874766302521,-0.106197902526267,0.0171760022339529,0.00814275692505816
-0.0329245161718319,-0.054940354370532,0.00429134075020488,0.00296307489347401
-0.132219592990492,0.0122520710648485,-0.0177314058345786,-0.00398939033480785
-0.142476953762958,0.0415275250109238,-0.0500534062429105,-0.00774417083263323
-0.0677954211124955,0.0337353832246343,-0.0699957145813643,-0.00602651375296481
-0.0160184421001124,0.0292998925307642,-0.0481851384693953,-0.00187957714107837
-0.0271283593349204,0.0349342537283255,-0.00625014391569034,0.000749459277165369
-0.0408296216695179,0.0133049951311937,0.0266128656583871,0.00114324462277658
-0.0190080267698346,-0.0245390777055571,0.0534868475883907,0.000514048749934875
0.0524922395960271,-0.0321217300301082,0.0698174591296166,0.000177182297426773
0.135522833782981,-0.0235851552650258,0.0619045808943459,0.00141398286465617
0.152301974031296,-0.0295047776716163,0.0366966874216713,0.00393014122409991
0.0981248039480149,-0.052159017105809,0.0132019149956309,0.00605761275836069
0.0421709964970188,-0.0861507209289818,-0.00157462878330733,0.00730159207341306
0.0153346504728356,-0.11044752550372,-0.0156998345316753,0.00807617286289239
-0.0390991527429107,-0.102057589549903,-0.0370108433191845,0.00759659537426076
-0.123068177746977,-0.0708990416442711,-0.0537473947862289,0.00351311667008175
-0.132301047759296,-0.0372918867629271,-0.0537716128618067,-0.0044653438334361
-0.0558689345408414,-0.00133613642679276,-0.0406618925996894,-0.0110541109625099
-0.0101221286476171,0.0419405321480426,-0.0160322155596969,-0.0105960118388125
-0.0200517584763228,0.0782050113303724,0.010407538428809,-0.00459406188443748
-0.0273943650619118,0.101933562215695,0.0280231442607383,0.000631797712623023
-0.0239033035200719,0.137266364965239,0.0401482552691438,0.00186634552637796
-0.0225374818364897,0.165494452003967,0.041501927301758,0.000921195088103438
-0.0378024028860932,0.137495291738306,0.0278849695625375,0.000444968428111587
-0.0788470069533482,0.058059200492441,0.019608335051862,0.00139028889901325
-0.115599077308897,-0.0205609306454556,0.0292373294306068,0.00312838761222973
-0.103433494006231,-0.0579376630542981,0.0383876003819712,0.00404117318210008
-0.0611710050637193,-0.0497088966807579,0.0282089217858581,0.00327439711406218
-0.0432589146848346,-0.0525844044139579,0.000242890171081936,0.00145648974351651
-0.0328007726276987,-0.137463252236419,-0.0250244052449623,-0.000643427176840263
0.0181211630830182,-0.241019775839592,-0.0268140354892364,-0.00261687047467226
0.104554637942522,-0.230841896258889,-0.0144709072714436,-0.00376167211484186
0.163289604338856,-0.11380472148389,-0.00863019202377835,-0.00345965834224503
0.125893343112969,-0.000637011822663902,-0.00431940570140035,-0.00216503683522459
0.0319459208987853,0.0699597654572874,0.0108903404518677,-0.000674312658796797
-0.0289592433550539,0.123558709520433,0.0332460341682868,0.000926871906092983
-0.0361212063009566,0.155418918366839,0.0422417922127215,0.00280827028642837
0.00236176303096866,0.148491635216584,0.0150515064782155,0.00354359422605097
0.0168737643083224,0.121492477594908,-0.027125129603056,0.00100740121341765
-0.0557370948892431,0.0968432446697327,-0.0347488403275146,-0.00351179842602222
-0.114180812156986,0.0685902970672349,-0.0145006290642346,-0.00623945364923817
-0.0692315863773366,0.0552176324276777,-0.0114586134263444,-0.00562887143529928
0.00561848512971119,0.0644856190546238,-0.0287738906413395,-0.00348917292239362
0.0287842485892046,0.052284164137766,-0.0422766420277068,-0.00196249327020702
-0.00929605029003364,0.0226909152195571,-0.0367469773819863,-0.00115393083717816
-0.0744158085803006,0.00332955512385988,-0.015189153608368,-0.000462476865557613
-0.10779765355445,-0.015267815893807,0.000402406713045908,0.000330457007656083
-0.081382078916405,-0.0290322844862906,0.000982561752692165,0.00178546704166789
-0.0539168814763538,-0.022126539430867,0.00234978894056878,0.00442279848446905
-0.0846190250501662,-0.00922258062661481,0.016477129139952,0.00689505594095479
-0.065344335555223,-0.0394154340240219,0.0313547154849494,0.0067650797583979
0.0484451018838101,-0.105022295660246,0.0346834303978069,0.00428134275302919
0.0863244322058485,-0.126384721665979,0.0312775279531132,0.00192965122211747
0.017810369400748,-0.0906354652695987,0.024204953501582,0.00056774408939897
-0.0263900156672208,-0.047052439367661,0.014280822807672,-0.000801663515407467
0.000992249094301897,-0.013691077019227,0.00488370652400884,-0.00322250960088463
0.0443482917598953,0.0181805527932917,-0.00999516044704609,-0.00638004569546834
0.0811142392828194,0.0583006863711176,-0.032592538584924,-0.00834696562742893
0.143683528011832,0.0894162148983005,-0.0492143905256208,-0.00797801116980144
0.177070379096929,0.0878020049529549,-0.0565317364990516,-0.00641885307907855
0.10849057905598,0.0662299095516262,-0.0619784936687413,-0.0051255037234596
-0.0093105926771338,0.0365628428006879,-0.05919604911542,-0.00413096133912572
-0.0651040750500826,-0.0132056999226449,-0.0453437699864812,-0.00246979706157801
-0.0260127006350434,-0.0691966772568563,-0.0303793802688215,0.00136909354562124
0.0282914292443948,-0.0805655656570538,-0.0186309031297492,0.00733690613908113
-0.00184448035081013,-0.0349365590987032,-0.00112382897904925,0.0118426123841292
-0.0875550319241438,0.0115376724342714,0.0284384625191808,0.0113981147688686
-0.103849514366237,0.0252974904202705,0.0514191961457768,0.00733162826096992
-0.0423725652614879,0.0211945177316791,0.0478197572499268,0.00396268936059805
0.026152559997077,0.0118278937250826,0.0306523964887041,0.00301686391354489
0.116076625753604,-0.000423972512909113,0.0203557933505634,0.00307596474168187
0.192385867103473,-0.0130574483141702,0.0144338496196954,0.00285928386748772
0.138319446585103,-0.0196894206617274,0.00803829443686882,0.00161926985865682
0.0210891377934369,-0.0242491513027611,0.00657044387218612,-0.000844637656907026
-0.0105776156078221,-0.0357303979397233,0.0132364146693568,-0.00287437607173774
-0.012318373477902,-0.0537847789147594,0.012732849527162,-0.00226612958514788
-0.0750595984137978,-0.0462057530969262,-0.0078374920408218,0.000446071769768886
-0.105403180741403,-0.00663600539017792,-0.0310903143844017,0.00196538826781427
-0.0239037008809612,-0.00323421195825556,-0.0384663941602063,0.000360823229473239
0.0813917213210822,-0.0374739884350226,-0.0315437867459694,-0.00376267679917627
0.131398784817315,-0.024382607356896,-0.0161899956853645,-0.00930359272346155
0.09516748405554,0.0425602170694954,0.0010022048967909,-0.0130274507690861
-0.0207354893093875,0.0903817072448907,0.00983703918023635,-0.0107974957274564
-0.108321126346724,0.0805247553325983,0.0152641701682055,-0.00383894563566363
-0.0957397892660607,0.0278299299946883,0.0272687925290931,0.00280528184755034
-0.0360824905548864,-0.00856295463975834,0.0319898464587297,0.00648428443768186
0.0136392758803986,0.0154168044342784,0.0158332932730799,0.00750689099713281
0.0587499860214396,0.0627066113181549,0.00900935420949523,0.00687271991239944
0.0836584548077594,0.0916791027778229,0.0482130085950886,0.00475385543777064
0.0784322306214666,0.0794488683940678,0.100755729971992,0.00158344382654994
0.0919688063082436,0.0226413623297666,0.120077567580922,-0.00093509420644252
0.110710765326822,-0.0181461770160938,0.118189473406048,-0.00201164673244188
0.0644187507421811,-0.0197669348982375,0.110198435333519,-0.00163690426441949
-0.0309501495512632,-0.0377546781046805,0.0920884951280794,0.000707687100344479
-0.0746495782075933,-0.0772223552850653,0.078564117598494,0.00408808976464015
-0.0260866587247953,-0.0940261362573751,0.0798466353776453,0.00600161691749461
0.0552841572560347,-0.0779584363261994,0.0668518728628017,0.00558764762568884
0.0642750101549951,-0.0177607597572503,0.029783058502965,0.00431816393496857
-0.0413138204464993,0.0765035865897165,-0.00281971238962886,0.00296741541266156
-0.129261580076415,0.116593634056841,-0.0466448029494826,-0.00024761956061441
-0.0977536113978323,0.0608846720351206,-0.0991900401315575,-0.00756424221493463
-0.0310305192858363,0.0138860558567021,-0.100701251565902,-0.0166744342425522
-0.0393475164601178,0.0336631789167495,-0.0528139200224849,-0.0204648831083232
-0.102913919309049,0.0611346379601593,-0.0155943542581966,-0.0156354301809364
-0.103154981721088,0.089924480575422,-0.0152596633937826,-0.0065799259095373
-0.0366811477472749,0.114286785295836,-0.0296807163957001,0.00110711300142085
-0.0232202629706604,0.104133775724016,-0.0432238603925901,0.0051534328692263
-0.0789057421552433,0.0825007073542173,-0.0361570289017437,0.0060757213465678
-0.0890893478465933,0.0578966707279579,0.0078372764464742,0.00547973272605556
-0.00703860392104344,-0.00360062383505627,0.0540635322016119,0.00422633783041748
0.0523768123297816,-0.0879026795308274,0.0741644317351787,0.00234718150305573
0.0524237889904308,-0.129358651124007,0.0688178084958242,3.29351736359177e-05
0.12092135838958,-0.149459326178779,0.0381977975136338,-0.00203381195399157
0.201495706496583,-0.160156466409052,0.00675381204954989,-0.00282700070715877
0.111345858849012,-0.0844789252560609,-0.00479312240011627,-0.00158845224752869
-0.0503292903551569,0.0327262619341964,-0.0142085101303443,0.00124653087668468
-0.0638482625487402,0.0843283123433175,-0.0356056765794758,0.00442962592381433
0.0514868347028663,0.0769880863332149,-0.0637970898196398,0.00628916853620712
0.134540237237117,0.0730066925414819,-0.0779052596022239,0.00501886415296132
0.130144816516888,0.0885595800396669,-0.0614537944838767,0.00103237615010873
0.0972787707682902,0.0744377003541888,-0.0305800376119679,-0.00279402227609936
0.053348263723719,0.0148809617625941,-0.00752839376977667,-0.00382589075074373
-0.0148347029614456,-0.0383902422139261,0.00540452023384301,-0.00121686232797427
-0.056891056132078,-0.0510262245324624,0.0092112138571104,0.00347326937111699
-0.0446393640252653,-0.0324125980123828,0.00240696142851069,0.00736973286944349
-0.00985515426730642,-0.00450162388537534,-0.00409503210136827,0.00855381424251612
0.016244206702853,0.0231882714596578,-0.0100776566974422,0.00677341181678189
0.0195007084052823,0.0534806650338617,-0.0366804472233597,0.00240007476945248
-0.00264646117165539,0.0696987197715142,-0.0781958865587815,-0.00424337365731041
-0.00562183952662072,0.052178026078126,-0.100656177543718,-0.0113609171534867
0.0486232981923838,0.0400841046543098,-0.0831740659685785,-0.0148562354993392
0.0419739745800944,0.0701158691028051,-0.0359582532698616,-0.0118481664489947
-0.0795853156619933,0.085509627341088,0.00195990838831173,-0.004664420415797
-0.136138974355646,0.0188697199144378,-0.00202158190096,0.00197101589741283
-0.085252384933664,-0.0794508790610572,-0.0350774692711646,0.00576441450642314
-0.0609670242470614,-0.132407551284068,-0.0644791249930083,0.00686371610039531
-0.0516581626346892,-0.171292126676121,-0.0759948977328513,0.00652833630752637
-0.0100794223015662,-0.204112097130495,-0.0641052351671553,0.00620976874590775
-0.00509247563679405,-0.178191440787112,-0.0288598213458729,0.00594855739993998
-0.0627104586426488,-0.101469928082201,0.0153587875059447,0.00382772159560063
-0.0790150566743622,-0.0267594626733572,0.0411945608649058,-0.000648132750754195
-0.0152476492077345,0.0144162853734707,0.0360572256956905,-0.00428134054683264
0.0454782682384104,0.0635104446094793,0.0236232563268574,-0.00443957935184754
0.0975916299080308,0.133339856183062,0.0255736172196945,-0.00169072136611197
0.159703364464416,0.155374208545299,0.0262673906769333,0.00201491958882426
0.185928732852671,0.124837651841296,0.00781345243299416,0.00438030931404232
0.157057857569023,0.0923919770730144,-0.0159710205249446,0.00408188366914699
0.0930438380705738,0.0721080062970743,-0.0211151441472151,0.00235634550443153
0.0160480346085445,0.0413637765495064,-0.00671565369191963,0.00177988701238639
-0.044492006764187,-0.0017640565934024,0.00415578422666414,0.00286958678910526
-0.0613366473919876,-0.031308095925313,-0.00299010532382111,0.0029193358871788
-0.0240628762711129,-0.061473861133049,-0.0255396562133197,-0.000131234419730958
0.0331725303476736,-0.106644100403492,-0.0467016391239314,-0.00516791499872697
0.0281479977514229,-0.115202861302895,-0.0387936931430246,-0.0106461641059925
-0.0685284273497315,-0.0639210032789347,-0.000308501152986952,-0.0143035958030391
-0.171083268421796,-0.0154562142222344,0.031577680407104,-0.0125756531359917
-0.18818714402334,-0.00233853946107718,0.0313520579562453,-0.00537966732555407
-0.142807158334351,0.0103809014773696,0.0146997429525604,0.00320672940656604
-0.11050411884955,0.034571563758012,-0.00246892785753828,0.00914388171303887
-0.111540572684986,0.0518525725939448,-0.0186334781989975,0.0102113213093892
-0.0886308905608486,0.0568175563327532,-0.0269098096212978,0.00682698084985083
-0.0114061014262957,0.0517653686909041,-0.0237836728445421,0.00219351138359515
0.0657865605007781,0.0417051058913563,-0.0119318043654461,-0.000258217303218018
0.0950035397044661,0.0325967556545169,0.000379286907714563,0.000520721487108462
0.0793441482636058,0.0329432582091345,0.00665683565988703,0.00296575631994889
0.0668750215663461,0.0459539235860299,0.0119012309946687,0.00500991518457767
0.0786331268103644,0.0384898337590205,0.018444671092213,0.00567655817075042
0.0694825727821613,-0.0187371871612926,0.0260579986595422,0.00395860103972867
0.0234435426566012,-0.0821517436799071,0.0389823669392368,-0.000863683667541514
-0.0339990115875458,-0.0873795857183697,0.0496699968398455,-0.00698440317867756
-0.0591365183138472,-0.0580200844246371,0.0428079812294231,-0.0112922162290113
-0.0356763383251389,-0.0533132299176696,0.0282048568914304,-0.0119546090134566
-0.0178724274115545,-0.0484315117232382,0.0219734247546066,-0.00897021386868808
-0.0134428387377546,-0.00828274278431065,0.0104263906849223,-0.0040236965058593
-0.00490834270177458,0.0385589453677476,-0.016085988649075,0.000266825040198074
0.0145405933074231,0.0707473622301638,-0.0403746311589465,0.00300355400880354
0.0733441666953485,0.0911645923462358,-0.0519487345276265,0.00686175092260237
0.118923524942061,0.092635433780985,-0.0531457604317714,0.0132969189202327
0.0625827723511022,0.0738136334408518,-0.0414974655936483,0.0181992551214396
-0.0460730795644428,0.0466237047133201,-0.0209612458761597,0.0165742919371942
-0.0683833034039582,0.0149793423534813,-0.00592019127377369,0.00847031068014843
-0.0164611537878802,-0.0367130285142686,0.00378314537072745,-0.000958615512532589
-0.00843595804121672,-0.106187829190611,0.0228853636755955,-0.00593684366927877
-0.0368773474577946,-0.137982992107552,0.0459321137925612,-0.0051776609011
-0.0380906836202879,-0.129986688923288,0.057592664984135,-0.00305563630244475
-0.0373403634843975,-0.134987976165172,0.0631474573316127,-0.00418747176493868
-0.037514509629565,-0.109346095912892,0.0682907002425469,-0.00755711216584168
0.0216581611045007,-0.0131894756754121,0.0656405291992433,-0.00797090946555257
0.086322778945292,0.0794787264658635,0.0562418798863418,-0.00226538866158205
0.0770244681933292,0.12371683318065,0.0416754550563871,0.00644779819471522
0.0495547155202856,0.123516759903621,0.00422312810435308,0.0118480842196545
0.0385246096671078,0.0712803832917573,-0.0483555062205851,0.0103303868142706
0.0134575254087475,0.0210932750719265,-0.0686304811226681,0.00291479726692775
-0.0240224589578459,0.0321272587029218,-0.0424595126925531,-0.00490274659244012
-0.0710110488498326,0.0697662785975247,-0.0038216768560933,-0.00784460263294915
-0.0882295662153911,0.0727747761446716,0.0150009251452069,-0.00642777025232438
-0.0317901927696952,-0.00740415396587696,0.00674577931559257,-0.00343653901998255
0.00558341916525278,-0.125554751940936,-0.00746454436528548,0.000299586630408397
-0.0530409636362932,-0.158162776685053,-0.000953191191181714,0.00425239951372333
-0.124503575023777,-0.12818437212249,0.0274703532843589,0.00667289126848872
-0.126137457120039,-0.134426799016531,0.0525732163737207,0.00535284347234861
-0.0649032091668327,-0.152084723557641,0.0546021403831735,0.000164626060616181
0.0126616386187972,-0.119292968051397,0.0413456108462203,-0.00615938904313808
0.0809588877651408,-0.040756111335274,0.0337305624856758,-0.00983914573476517
0.122053808978826,0.0390486197759404,0.0305384138995398,-0.0083091936692909
0.0946281494658547,0.0737739380732611,-0.00422304865704637,-0.00273842874340992
0.0378590734824986,0.0735710734928679,-0.0738928907719733,0.00230361980244754
0.0499836914600549,0.0901514762548379,-0.126330591204026,0.00391055963863418
0.100827686732396,0.122924128265383,-0.129045295164059,0.00308037720772528
0.0694924160560143,0.131515070666673,-0.0884404114482915,0.000751190517298689
-0.0147345480049291,0.0838563249062221,-0.0318723388372138,-0.00328607495174023
-0.0237577070569017,-0.0058805295805244,-0.00146373702730383,-0.00799794393392077
0.022757224502961,-0.0611348095371034,-0.00226174666019613,-0.0112158533763926
0.0252763849814631,-0.0290727936823989,-0.000876977828894399,-0.0112725328933873
-0.0164706816680153,0.0301950388768186,0.00918384701188166,-0.00800068437667935
-0.0294075152169258,0.0356735962324501,0.0106325669630033,-0.00263788955990628
-0.00431662526512906,0.0214415271919103,0.00391323876035251,0.00325978427121445
-0.00628943595443109,0.0413907609927407,0.00522138328697108,0.00782627939912374
-0.0517754153695552,0.0682850216933636,0.0121728633958525,0.00855111358454788
-0.0674397508726017,0.0547950899036594,0.00818831015247211,0.00477064172278144
-0.0180541019292372,-0.0123568033906473,-0.00461684927521553,-0.000613556334604864
0.00684449705965088,-0.0941221276859177,-0.0108168565830354,-0.00419950214701602
-0.0306049997881374,-0.129037635794136,-0.00612182746410022,-0.00564310044687944
-0.0419920620833724,-0.0991186676554806,-0.000233083986359299,-0.00574629061427368
0.00468612396144661,-0.0443856558190631,-0.00118140748898604,-0.00369880495137602
0.040877823620375,-0.0208429911245101,-0.00117290727790104,0.000206810660194939
0.036355565788644,-0.0415424478829525,0.00923020410837417,0.00309533998383891
0.0416312406060419,-0.0627445445796648,0.0223674552848786,0.0027420179127313
0.0488767649896654,-0.0492262476729577,0.0347870170115408,4.76856372274813e-05
0.000234073964798485,-0.0176870825297135,0.0508819956146959,-0.00163854777302742
-0.0471568196013351,0.00205832968935921,0.0576858106223235,-0.000738418812334502
-0.0210670400380959,0.00882875711632929,0.0398785970151057,8.53821779015769e-05
0.0281452105864542,0.0220616055434437,0.00819870720297979,-0.00159456384240062
0.0545418907389766,0.0411685530590224,-0.0242324560263879,-0.00400636387375974
0.0651172965641736,0.041775222846982,-0.047838631455374,-0.00441016599301676
0.0278299969707942,0.0301545864112983,-0.0372224889842546,-0.00322849684667073
-0.0596732816134716,0.041379756866971,-0.00160494062015896,-0.00242974036239495
-0.102124923975923,0.0644325656519887,0.013011720436475,-0.00171611478764701
-0.0495776950550095,0.0659266770475276,-0.00428473416595299,0.000998742820541645
0.0320058094752125,0.0546506145753221,-0.0409620588850639,0.00581547153135895
0.0802850136329471,0.0430198010574961,-0.0722596576004868,0.0102159321577454
0.0824267434986063,0.0236799736121012,-0.0541778605795014,0.0114122273781981
0.0268591722758866,-0.0097143750498921,0.00595028799086127,0.00828099861730649
-0.0499300412413589,-0.0524836182318391,0.0487164022272255,0.00247485800794756
-0.0662331070476494,-0.0901144098003267,0.0485647068784707,-0.00245702490820771
-0.0243755468712334,-0.108733552511022,0.0281163917549146,-0.00409424427575473
-0.00526285513831697,-0.119553613627563,0.00775528082729913,-0.00343317860723305
-0.015269630342171,-0.136929726418261,-0.0110490387641379,-0.00237522573306587
-0.00501006357753479,-0.125370968207706,-0.0176777910232786,-0.000355612983810938
-0.00299473223507865,-0.0640254647276783,-0.00367654920809507,0.00295349811400784
-0.0446611796757021,-0.000162477145957421,0.0185092090177005,0.00492095799092553
-0.0850436764472495,0.0251911865806913,0.0399173527522081,0.00297654634250879
-0.0594427661614891,0.0278862389031728,0.0492948346732639,-0.00131841040561539
0.00434851280212317,0.0338195279092475,0.0432703997451077,-0.00306997961655498
0.00852256149751954,0.0389739214949536,0.0435458216893558,-0.000150969865934745
-0.0500973260377451,0.0442727974370041,0.0525636819682778,0.00481670624744281
-0.0848459972095326,0.0559052370294099,0.0589894125594597,0.00875227240805007
-0.0509482537039583,0.0505441145508761,0.0611566653057221,0.010098095781519
0.030132616278399,0.0193963263682722,0.0513807215882793,0.00838003954582999
0.0924057469227858,0.00421556234776685,0.0288830315197588,0.00443390925326718
0.0697609061206359,0.0133611767089555,-0.00430273514657524,-0.000117722346252392
0.0141477760070118,-0.0251070932483905,-0.0573738525526097,-0.00488005205125001
0.0293473511355601,-0.098901779069063,-0.107949087551733,-0.0103553892042102
0.0923114819569737,-0.109539899906182,-0.117903437410633,-0.0143594107194368
0.110975254703598,-0.0662232326703811,-0.0913155337118295,-0.0135555506635406
0.0553556602312598,-0.0124781212319885,-0.050499578638858,-0.00874138078425826
-0.0262471023975724,0.0526580502865235,-0.0119581451082729,-0.00371887876761895
-0.0883849061132112,0.108115600728626,0.0149390046684142,-0.000462782823391029
-0.112794896264274,0.113698562882215,0.0198588593751085,0.00190450882011777
-0.0933979993880707,0.0624349464356363,-0.00241926983273467,0.00483225791715182
-0.0733134773527252,-0.00613431528269652,-0.0253213886828649,0.00837646455953523
-0.0870408965678318,-0.0462286744151903,-0.0191453656092182,0.0112477570349527
-0.117130308229211,-0.0327013129768121,0.007000387678665,0.0128312417655259
-0.126570947671324,-0.0114034646061954,0.0234639018928844,0.013596815522034
-0.102636823735214,-0.0297539626437632,0.0204744989620492,0.0127213823752459
-0.0732806822344482,-0.0407431955554196,0.0173564039881388,0.00796210388060454
-0.0489862149657168,-0.0154708030308966,0.0286984788384631,-0.00144301092613452
-0.0107619077729386,0.00659106131059378,0.0375485098339008,-0.0116950063170732
0.0299555958658241,0.00676169664350414,0.0257104041738029,-0.0166470962786091
0.0609558417263892,0.0120731183492678,-0.0150774443953818,-0.0153334227057638
0.0837692739693741,0.0318541200263409,-0.0776526540869794,-0.012166673525282
0.0769074282507994,0.0382336825769709,-0.110505583332483,-0.00988435326230352
0.0169282157671535,0.0221532368043399,-0.0707912516595482,-0.00725081845529105
-0.0717159191175529,0.00605835793024722,0.00432830011668352,-0.00322484426556524
-0.0751853042461145,0.00047714551646641,0.0447605962233461,0.000584357755246095
0.0195474191978684,0.000863933939166409,0.0390642021907292,0.00276583212973456
0.0619134484003266,0.00665509197106971,0.0214245765662796,0.00373289767870394
0.031713909921351,0.0189700555818681,0.00904555977056676,0.00402149803256035
0.00296234824610491,0.0354671479130761,0.00337403892138683,0.00398063349306951
-0.0175106977577275,0.0417972270749921,0.0043235128544482,0.00420305284431663
0.0144392870084369,0.0224002687786683,0.00202795299712422,0.00471159973112963
0.0954463905657462,-0.0156867978087075,-0.00580602035196507,0.0052296960638822
0.0835228636131393,-0.0340434692025982,-0.00745923951418635,0.00495363739623254
-0.0640774053845805,-0.0120298587457212,-0.00346470548955029,0.00269137241460752
-0.20218966168245,0.0140009849994822,-0.000815083557050532,-0.000732341062787985
-0.220703150401526,0.00450522273896297,0.00395278444602989,-0.00290629007597686
-0.134479195177446,-0.0224541453916658,0.0136159759071509,-0.00271658405765369
-0.0412226393075492,-0.0201113348775233,0.018730099646428,-0.0011817943887542
-0.00686656116694861,-0.00505524667452626,0.00816533178953222,-0.000234952777220135
0.0146827059529053,-0.0210194129899154,-0.00640205660627888,-0.00074585452800072
0.0520578962073688,-0.0472940790875043,-0.0058442480974617,-0.00128536349384395
0.08965186769013,-0.0654788373349902,-0.00179336587759326,-0.000215222335566508
0.119538823655754,-0.0915517175115463,-0.00323268529966866,0.00140984492383396
0.108733604341598,-0.0898145290365846,0.0130441423464205,0.00181331118893956
0.0357616244459087,-0.00236628607329606,0.0485554145238263,0.0015709915139343
-0.041669953695782,0.129702079822562,0.0584940925185998,0.00213958737681863
-0.0451285045089889,0.2057611525021,0.0246817159776135,0.00315221090137148
0.00477515796666171,0.185407981543961,-0.0124488032737148,0.00315207879606818
0.0617678454833245,0.109377260977554,-0.0274964030334826,0.00152509623024049
0.12956225545155,0.0410203439731089,-0.0281905635144875,-0.00146881000690169
0.159995385156124,0.0131149242208372,-0.0156420548449783,-0.00506322634978767
0.0992047225489228,0.00534542865401436,0.00658849083981664,-0.0076118638367333
-0.00720623853172878,-0.0462692160853359,0.0213423847148621,-0.0073556758541271
-0.0841224088998544,-0.116826805858818,0.024164275474889,-0.00440473318904942
-0.0807499759211206,-0.113551468759832,0.0259009807349812,-0.000314923271919653
-0.0169905400744668,-0.0550253903543405,0.0229826267995124,0.0038925599720649
0.0195279963796013,-0.0117299377080892,0.00537679812976441,0.00730387478494739
0.00177478825484588,0.00232043472598307,-0.00875702020265377,0.00855441544123843
-0.036677155869172,-0.00352126781182983,0.00586029971720583,0.00801078627755928
-0.0456355468467792,-0.0318972919726309,0.032533365496974,0.00773535209989175
-1.02670167527741e-05,-0.0615369461760457,0.0428214940262552,0.00837679237573189
0.0690156456247716,-0.0447533490622573,0.0454622561904573,0.00853691383056133
0.124061167638074,0.00541895974122563,0.0545806461388227,0.00674227240159283
0.144023179351177,0.0354754087322037,0.0570979663944447,0.00291616858182069
0.124266861874916,0.0460075187350234,0.0362988313590688,-0.0029574935766547
0.0885927608868028,0.0548830191353705,-0.00107627560533164,-0.0105285489886628
0.0605283968446035,0.0454132872898316,-0.0312241347312954,-0.0162549548320987
0.0188376826306747,0.0201836102917943,-0.0410520022162763,-0.0163704584042314
-0.0491917117701411,0.0112089043322008,-0.0314103717595874,-0.0112695751547199
-0.0917999281424003,0.0086182984090822,-0.00833586602014619,-0.00364888388312878
-0.0699898501696399,-0.0310163297875192,0.0159491502067221,0.00452607966199221
-0.0304235362596506,-0.0861347635670793,0.0395835204626965,0.0111425220606769
-0.0454061249479116,-0.101082256740922,0.0761859343070452,0.0135193439768772
-0.10807831396818,-0.0913183505366284,0.118243354269094,0.0105989635860701
-0.11218757818733,-0.095272365299782,0.127411119081059,0.00438421478932239
-0.00333270775632205,-0.121551185228037,0.095161102562588,-0.00102847485038272
0.117190838815883,-0.138027449735713,0.0554638695832441,-0.00313935965075412
0.165352689083235,-0.0897240884375096,0.0209527792999612,-0.00251342548277906
0.159643081007647,-0.00639886690323899,-0.0309309651326047,-0.0017770407040633
0.109106463739058,0.0588647436241851,-0.0979705039340223,-0.0042319058180877
0.0151683052741815,0.123558026121175,-0.12539357591069,-0.00955926444791684
-0.0751177490978731,0.171467947171729,-0.0906410428191356,-0.0132085227174383
-0.104258866216228,0.169367186036095,-0.0456650648870288,-0.0123336080299733
-0.0915567844634932,0.134198782619442,-0.035861891385963,-0.00817968881554638
-0.0718682285345313,0.0678737207565357,-0.0569351577766398,-0.00310384850280089
-0.0326107004670263,-0.0234184660811048,-0.0738478551220541,0.000982998491985817
-0.00196625702377465,-0.0773605923890878,-0.0601400943344316,0.00240341258715589
-0.0105164554088349,-0.0630810740126739,-0.0321753128459417,0.00157305852121644
-0.0325131808174281,-0.0306247600005237,-0.0107952355190589,0.00141040318419215
-0.0403778400699845,-0.017723847359062,0.0058660608169612,0.00322665643748359
-0.0265689892792909,-0.0198430555649847,0.0165677746953694,0.00538233452637633
-0.0118713094452747,-0.0155122557852058,0.0269557716825809,0.00613373283830065
-0.0102294227878139,0.0149391587417627,0.0434973800780965,0.00532252068466037
0.00937204704360119,0.0446921971314211,0.0495675233794769,0.00387062152020854
0.0491575312808373,0.039938695391753,0.0339723686560493,0.00216117446437424
0.0704505695222619,0.0228197959068239,0.0123064787810144,-0.000163850162488838
0.0655766117842061,0.0167322282747151,0.00468805723932206,-0.00260773797138743
0.0698064917309003,-0.0184889731780002,0.00375136469601866,-0.00366758853356581
0.0787332259421497,-0.0896487342816022,-0.00594601305467923,-0.00346894371213007
0.00646222265107603,-0.111311062976864,-0.0112038290065501,-0.00461023237726886
-0.119234874862226,-0.0437125670533323,-0.0136331737075223,-0.00812846333990319
-0.129146721751138,0.041407424074954,-0.0316420308483137,-0.0105331672218131
-0.0248362660590176,0.0697338106235968,-0.052481632903932,-0.00821610935412276
0.0538794186662291,0.0582567810089542,-0.0656952217636355,-0.00310758705242837
0.10961729189566,0.0507595430092798,-0.0767496707207221,0.000764236594496359
0.169591345909147,0.0359835004688219,-0.0842961573128282,0.00351986311584904
0.133363375442797,0.0037520327230934,-0.0921639664650387,0.00692023508086443
-0.0135385579504562,-0.0184426316584533,-0.0948848192475057,0.00914704917466062
-0.121498072981374,-0.020863043020759,-0.0716989102330037,0.0075929455464001
-0.111736813471373,-0.0137547482758464,-0.0241956241692086,0.00369158675543502
-0.0664853495649095,0.00190803310389112,0.0244380352847029,0.000796420675829858
-0.0642446329351759,0.0196441692321397,0.052555142215277,-6.96902200677607e-05
-0.0824994543135994,0.0313491372786175,0.0557674827512711,-0.000403323596028613
-0.0697271047034321,0.0489634680029012,0.0458766888184218,-0.00181379800822914
-0.0143458529019496,0.0780966932380239,0.0248830647162561,-0.00418026123778153
0.0331246790828568,0.0926970137190451,-0.00197125059075101,-0.00627924516376304
0.00966603485782157,0.0821436523385636,-0.0168180753305232,-0.00710225571706147
-0.0693890970976691,0.0599205845467869,-0.0190790687934224,-0.00576237025450786
-0.138391567536238,0.0433529847183053,-0.0227427532261146,-0.00160435578774116
-0.170071199627208,0.0532632716033013,-0.029711977943289,0.0051748222227628
-0.132839566847612,0.0541746490666112,-0.0337242717057597,0.0129617794938077
0.0154478872995282,0.000262628495745626,-0.0328255707306093,0.0185934393314919
0.174516960998447,-0.0546315907933852,-0.0172520472082525,0.0193817321754071
0.204332051645564,-0.0440036477517935,0.00538019017258087,0.0160476711181563
0.138775928380234,-0.0340550598655697,0.00521749638004565,0.0106929744444637
0.0585123595644752,-0.10402926557543,-0.00822877988203736,0.00292158448848129
-0.00274603446164612,-0.152723617423447,-0.00309803268866218,-0.00696908883153405
-0.0245846831047399,-0.0862406679496008,0.0191599419600896,-0.0144557758436187
-0.0233481710335271,0.00319284547208609,0.0385694507894147,-0.0158286874143935
0.000639034034780155,0.0435689670962808,0.0441546629166611,-0.012207471848201
0.0380356994545438,0.0754574844931147,0.0410508075676487,-0.0060147263981624
0.014055172758304,0.117186858203308,0.0394399667208808,0.00103866225743249
-0.09496864444713,0.138285072880232,0.0375277521027866,0.00640180905415591
-0.194037889647399,0.103051502490557,0.0233052494794647,0.00783661025782188
-0.18523602826361,-0.00966519476092137,-0.0105820229847997,0.00582655266232849
-0.0950844366164867,-0.148873216601201,-0.0527586666819728,0.00253341321769383
-0.00973044709837892,-0.197692615145558,-0.0743593215206243,-0.000637650773079979
0.0430873276489991,-0.118543127528897,-0.0574770029098676,-0.00314935208090755
0.0623748804356849,-0.013859614099629,-0.0121778478874805,-0.00482303092929094
0.017947131416069,0.0226356722140455,0.0433541338498384,-0.00582065276313062
-0.0530154402634117,0.0132038681496875,0.0807125352835389,-0.00582874267923388
-0.0265834217684333,0.00968790719237984,0.0700282266671227,-0.00379873380532305
0.0992709497490607,0.024896018187405,0.0217929636553668,0.000821301608916568
0.168573573972072,0.0433763816665677,-0.0199191859886942,0.00655969311853359
0.114797783748206,0.0400650339324611,-0.0304721422244684,0.010209668679401
0.0564604531706586,0.0242802745831387,-0.0261852669310014,0.00994113910485291
0.0694740804944132,0.0252897278942591,-0.0275665480767932,0.00745690203385379
0.125374247272967,0.0383912510449445,-0.03487662576847,0.00543700494133635
0.13187457372028,0.0337543650664678,-0.035693597478023,0.00425048759128187
-0.0329674411887508,-0.00668666520867862,-0.0136298558345573,0.00127634076344848
-0.249147237958211,-0.0602716518066121,0.017228984616204,-0.00601651202220076
-0.261817169458881,-0.0800820878156751,0.0243770985630346,-0.0149866915799589
-0.0924781225591795,-0.0591105108994151,0.0130897879052394,-0.0197869516883211
0.0550725386553033,-0.0342587889042403,0.00238721961548707,-0.0178623175345871
0.110967164801727,-0.0320706853812806,-0.0010966622794155,-0.01093223565092
0.121690327898084,-0.0452608836624111,0.0111310959765635,-0.00258450052362873
0.085027121419338,-0.0493377507469529,0.0368111203654944,0.00387662093843845
0.000592904780691191,-0.0407291743996495,0.0569994648587937,0.00723927291567649
-0.0618135933064773,-0.0452149657271094,0.050173871958014,0.0078886058971723
-0.0490406479622172,-0.0717381123509874,0.0147403049117505,0.00688909456955185
0.0134530803801675,-0.0896271166693943,-0.0147061692987586,0.00588656603278862
0.0520881446453201,-0.0735295626131355,-0.0153791678663903,0.00580227425772109
0.0493742758005096,-0.0333305286240072,-0.00996716418418699,0.00563317034896542
0.0568652290779426,-0.00191201797972848,-0.0179972272668697,0.00379710109745098
0.0835228993763031,-0.00317169953066134,-0.0283879005108894,0.000340460061838703
0.0741467705919517,-0.00997386626220926,-0.0313239498488976,-0.00351127642723694
0.0245938026470599,0.017180162901371,-0.0223646659009585,-0.00673690850814829
-0.00493149774322464,0.0605673562322992,0.00781027800872788,-0.00796729205175301
-0.00886210400359249,0.0814960974466519,0.0439386821824602,-0.0061593165908941
-0.0173879416038031,0.0746157712583391,0.0532137512319218,-0.00308547962120557
-0.0206681488310381,0.0583643332957873,0.0311134894274548,-0.00176846261600712
-0.0275349030157129,0.0436991142928909,0.010033360623062,-0.00263171857342023
-0.0528916272675003,0.0289808240006315,0.01497399634693,-0.00321542470261012
-0.0831753921376986,0.000805330917023353,0.0306967997929553,-0.00108710992808395
-0.0989707617983625,-0.0521546096036389,0.0204604184727063,0.00300441215982171
-0.0720920004554509,-0.0871728165420401,-0.0152540867758818,0.00583190811210792
-0.0231347777309737,-0.0561550896677376,-0.0281439069936829,0.00576488361938424
0.0126806151744624,-0.00412770623596767,-0.00430519077740313,0.00493634150661836
0.0367781847980651,-0.0120994070062006,0.0176781583546387,0.00618142338980724
0.0401594628733614,-0.0662443393737442,0.015151245062381,0.00807095874059704
0.0104177462777818,-0.0775202076213079,0.00699137069056468,0.00702015397702591
-0.0326064450730872,-0.0248811014313029,0.0194079951099316,0.00315306115262085
-0.0695757957397312,0.0259084368252185,0.0388548391987137,-0.000556547412096719
-0.105145888891813,0.0536786149042428,0.031268931666921,-0.00176087521159601
-0.120216506352627,0.0794966152356304,0.0116579816989551,-7.35380161962984e-05
-0.104282571933099,0.0797513964535358,0.0172925975659841,0.0019699698970072
-0.0786891572354902,0.0533289216731557,0.0390752838690271,0.000799491312602345
-0.0283416651247473,0.043420995397035,0.0462112657670575,-0.00336469670924058
0.0674774311518108,0.0504001244589617,0.0314930168300404,-0.00648184690004712
0.178448779692738,0.0374543756763898,-0.00437121192620869,-0.00647590215753348
0.238596005808399,-0.00387065697216075,-0.0535683970246461,-0.00507596025953691
0.207925281599589,-0.0379639321547209,-0.0788571236370947,-0.00408281985273217
0.161473607002274,-0.0292665732103961,-0.0612245830819134,-0.00309202275195745
0.132479107947261,0.0116568651810214,-0.0140021561590995,-0.0010432808051493
0.0304387347386236,0.0424775051169292,0.0490445865100604,0.00148034922597266
-0.0627551815365761,0.0437920017019327,0.088746000742487,0.00256643133304601
-0.0156282736119198,0.0293111875868275,0.0734849166243789,0.00235897102010419
0.0391307899494443,0.0147993634196637,0.0311865954202769,0.00336506700964806
-0.02367056296427,0.00632537069740907,-0.00470471535253476,0.00615508540877959
-0.095230467844891,-0.00288666855794158,-0.0352610726448159,0.00866989254166083
-0.0909200911388729,-0.0155081502195874,-0.0566108988036432,0.00864204678439622
-0.0905968517460426,-0.0101282643945585,-0.0451988052733876,0.00511734655013255
-0.114435563557794,0.0262244984078818,-0.00730566084601879,-0.000305021813374176
-0.0784449090814402,0.0566171451991504,0.0188804461987396,-0.00465361637759402
0.0224379898787463,0.0471312596282116,0.00913907552467864,-0.00620458775352265
0.102874119928703,0.0196661846117021,-0.0190794989395248,-0.00513242706296853
0.10478944091303,-0.00405498835819393,-0.0314850756265886,-0.00294405312221074
0.058895358798118,-0.0166143704319985,-0.0401448836004548,-0.00136385007295643
0.0435514019985375,-0.0106191647850331,-0.061598062983948,-0.00143108646416473
0.0973042412578516,0.00234254417369599,-0.0688459735956013,-0.00294430016702335
0.145358133573443,0.0177718018855453,-0.0469063293255834,-0.00424426498778247
0.104677310233927,0.048666208321174,-0.0214598337557085,-0.00364092785299228
0.0319933187712317,0.0849422818077418,-0.0105467018200594,-0.00129695266754795
-0.0135655845900159,0.0913748754004465,0.0041573094410474,0.000875742680459645
-0.0612261884303408,0.0641647622448419,0.0321310548659443,0.00122778458671636
-0.0838010600144873,0.0385852626240937,0.0526126190858491,-7.51659282828797e-05
-0.0389903583503185,0.0316865743303456,0.0465164333412274,-0.00140478815773248
0.0159964865335212,0.0213998022145765,0.0170439933714371,-0.00142129294654702
0.0345392885028103,-0.0167772524910037,-0.0184408812034603,-0.000331833094874135
0.0315917608723504,-0.0697651767298903,-0.0407476290476039,0.000789785528632751
0.0110924509105961,-0.096715599846291,-0.0408487160915175,0.00144019985151598
-0.00403784883261339,-0.0817834984423132,-0.030344223222032,0.0015217163390952
0.0304153698386025,-0.03935000987425,-0.0297604772973986,0.00105320457926167
0.0795818999400354,0.0101045044747151,-0.0455842560568115,0.000571152734378784
0.0744563934778357,0.05472378322432,-0.0578489249617505,0.000423976327898574
0.0114820042802672,0.101825927653769,-0.0460254791029337,7.3850094624463e-05
-0.0653754296685064,0.13314054433348,-0.0218309294442721,-0.00148613626543489
-0.0978128132880203,0.0907670517008221,-0.00876090006921086,-0.00421765660631423
-0.0730237122420088,-0.0166078668660311,-0.0139723313187377,-0.00570148256458403
-0.0384450531530431,-0.100947994521107,-0.0357041385381217,-0.00358558618057469
-0.0181533725713386,-0.131511416272937,-0.0581334251713395,0.00056043400730652
0.00131610770139789,-0.118144764593551,-0.0519713807795444,0.00323904322229497
0.0186206149967764,-0.0545047812137885,-0.0186887254451024,0.00395204566177295
0.0313880113944918,0.0328612175947397,0.0142426957691905,0.00472170520337033
0.0498646002846969,0.0887918943297949,0.0357779718529537,0.00617332729277121
0.0604003054326078,0.0845904113686733,0.0471357951222176,0.00702223344669893
0.0390590768840571,0.0518916771334751,0.0480606660534922,0.00556384298600937
-0.0198014995986321,0.0372492474639729,0.0421185513963984,0.00044346112232911
-0.0746819159881097,0.0252249181968094,0.0356504611961566,-0.00764132576234236
-0.0620251480739733,-0.015650657187087,0.0306666997977836,-0.0146082948864372
-0.0168928770428718,-0.0583526441958465,0.0256934549563994,-0.0154231588411086
-0.00363532680998181,-0.0754464291451579,0.0185480171995798,-0.00938492271384947
0.000439952163311885,-0.0747323182014127,0.0101204236651733,-0.00112447425734859
-0.0177647493501491,-0.0556474037679222,0.00520383596510298,0.00470650567253331
-0.0791323532935335,-0.0250570766898808,0.00277009886035265,0.00703148036037113
-0.108472946405196,-0.0176764361529168,-0.00812855472937922,0.00634567406835016
-0.0800926537767249,-0.0351451361023517,-0.0184242350371936,0.00227421111032889
-0.045730383568462,-0.0390314136117457,-0.0136193197522656,-0.00392247085432733
-0.00761514150992595,-0.0219627357000663,-0.0278299089637094,-0.00737351443057548
0.043417791715671,-0.0181714152651618,-0.0657309223972082,-0.00503918821238957
0.0657792843449369,-0.0381169201123928,-0.0626614674724064,0.000271660855018256
0.044328260268658,-0.0511979990148409,-0.00695628418124702,0.00433777822391339
0.015399981206286,-0.0454311527873012,0.0532417658605013,0.00620506165454328
-0.00947039070236077,-0.0322152085461184,0.0956215706865989,0.00664633532443502
-0.056716765873018,-0.00909026003653853,0.122045356242623,0.00546948422819229
-0.117369813998629,0.0237797276076028,0.121558827257798,0.00249780931974658
-0.144515522829097,0.0348297773720116,0.0910352124739785,-0.0013714042077963
-0.119921829929025,0.00442698802725344,0.0629748182504618,-0.00490326983351261
-0.0556114865617916,-0.026537621382257,0.0576155116760734,-0.00668738752051953
0.00434721478496466,-0.0056199339516273,0.0545732068817235,-0.00572906157281013
0.0355731281392212,0.0360772874980769,0.0285956704121448,-0.00283468753940462
0.0698135776307773,-0.00903677157059818,-0.00799302726469102,-0.000372797704459431
0.0776396194148393,-0.122245796813853,-0.0202156396583077,4.68504829850369e-05
0.0125473568724934,-0.128379332066227,-0.00221058310823161,-0.000652423705324873
-0.0718457768675413,-0.00607813225533964,0.0191833191158444,-0.000609858112858512
-0.115234269555426,0.0913551091412033,0.00464200579297303,0.000273419348624953
-0.114891086142109,0.0930600546191967,-0.0556227044450301,0.000580744972726179
-0.0858151835482556,0.0334667898295094,-0.1139999889126,-0.000291308495140239
-0.0424989969248493,-0.0349961845909403,-0.118445693877107,-0.00168558355564493
0.00854803916206144,-0.0647532255041664,-0.0741622045294486,-0.00274383983792864
0.0637263472759046,-0.047676377497072,-0.0234617400667573,-0.00237866014760698
0.0920161495438243,-0.0263680705673411,0.00896742325218908,1.41709654957012e-05
0.0604365140868058,-0.00823460297965473,0.0204561600300601,0.00282461481145864
0.0102716641414327,0.0276640399195015,0.0180636806787598,0.00402864401090088
-0.0099663582461833,0.0530602879505817,0.0227126934074279,0.00419552535842536
-0.0205521563177599,0.039179644643064,0.0446202845527091,0.0048275779920752
-0.0211650012438936,0.0108940188518227,0.0638935089444049,0.00564808281445171
-0.00888754985342871,0.00522068644337477,0.0678091819086292,0.00551511933094212
-0.0486194346300233,0.0201859833616477,0.0668004266104747,0.00456085802268442
-0.0997639577706215,0.0304000293188733,0.0583248933554518,0.00313446543007989
-0.0347884476316612,0.0136815391278167,0.032829722717575,0.00117443676377674
0.0557537894781918,-0.0253510400562988,0.00934983950683868,0.000140264435250667
0.0703066488138943,-0.0376771448229822,-0.000108671831599974,0.00113796034471453
0.0692918497831147,-0.0141593260774461,-0.00764595126698146,0.00244587057483297
-0.00660892478505501,-0.0205912651886307,-0.0209836444543647,0.00174173692491123
-0.162138721817553,-0.0597723612333766,-0.0467822714667077,-0.00188370980065425
-0.194750911478944,-0.069701558112161,-0.0753486011951914,-0.00739884170493436
-0.0451766781039779,-0.04544067674077,-0.082435555582565,-0.0111770223048697
0.103297604877677,-0.00880759323525501,-0.0714656851347428,-0.0103526116238522
0.130997897874629,0.03570632011075,-0.0663662551683804,-0.00638789575605456
0.109989878021958,0.0630132022014743,-0.0648761746994627,-0.00203995013447333
0.10763861331647,0.0465555295429047,-0.0446027806153915,0.00245316708001993
0.0888451371218442,0.0222658517541886,-0.0093551699264821,0.0075014771268555
0.0298595109751448,0.0326236193586498,0.0133149966753996,0.0112290471176888
-0.0274885562907762,0.0542099691454591,0.0220107979536737,0.0116618361519293
-0.0740391232933414,0.0593372024949129,0.0456085204298317,0.0087025590450757
-0.112008083017389,0.0433151956766686,0.0827796296134684,0.00350066513331705
-0.0812177840619623,-0.00126336938681701,0.0945602506986085,-0.000873522517182684
0.00925523038270212,-0.0648339549320927,0.0747294477912919,-0.00167187195129425
0.0648762100331775,-0.100253003350437,0.0536221617151209,-0.000342125678057019
0.101930830595418,-0.0656987402497575,0.0296565543126877,0.000388295060434008
0.183814833975115,-0.0109238746736217,-0.0101464281937641,0.000768128037430899
0.210605474397904,0.0162592674750635,-0.034072232632638,0.000692971596112428
0.104353018588105,0.0503493014380515,-0.0188922653300275,-0.00256944339817388
-0.0117342980866214,0.0715050547168059,0.00240528384774679,-0.00903211563674493
-0.0911629916756671,0.0549670294892484,0.00869604088209785,-0.0133406000229888
-0.199141099924036,0.0514039211190714,0.0115278337224285,-0.0109421734683683
-0.251148412689975,0.075166749118179,-0.00528885819699368,-0.00381493551947135
-0.165086251295326,0.0837458709050576,-0.0450048063579786,0.00317366862899876
-0.0378908904422804,0.0412319554860785,-0.0576465751279148,0.00778821117320561
0.0340399243889332,-0.0487859951361124,-0.0226424745022107,0.00939755231689903
0.0288985779521845,-0.121594774878532,0.0129553256003311,0.0068594134570155
0.000873264299607312,-0.0993660847549093,0.0108375661831915,0.000501180739771115
0.0330293867679612,-0.0231548430705723,-0.0145742119621719,-0.00593514081858836
0.0858738114742425,0.00953750838473236,-0.0270608991579154,-0.00841341127405832
0.0966396065639686,0.000342895783348361,-0.00829653210166854,-0.00672560862740892
0.0986531063846884,0.00223733938548279,0.0158607366705799,-0.00316913807667022
0.105598606166867,0.0283147169521395,0.00508527409839963,0.000465673875733799
0.0637342752340601,0.0525789044312364,-0.029902082836258,0.00262365854884343
-0.0139344008144443,0.0616315698355344,-0.0448332638092593,0.00183429932987019
-0.0407965495627859,0.0670575450529405,-0.0291092123996711,-0.00122143317949295
-0.0274695990642719,0.0691651069461106,-0.00385150306174575,-0.00364587469333539
-0.0406382881139725,0.0537181181814627,0.00817988837319607,-0.00318983127811675
-0.0546916601460886,0.0276205383174568,-0.000466206874956701,5.68177531902877e-05
-0.0288198750768737,0.0232976319582542,-0.0166692962944041,0.00407576361760258
0.0192230919787672,0.0223866576634173,-0.023712494445284,0.00662322090719528
0.0609637076976862,-0.0298178587181772,-0.0147468345936841,0.00666400668072739
0.07573756131365,-0.0893819731678958,0.0117329954916986,0.00385209614198043
0.067162959514513,-0.0765188488598627,0.0414865901686129,-0.0012558568316472
0.0639137055211597,-0.0194858390395737,0.0482516531437218,-0.0061579366388367
0.063744926807908,0.0178624055893551,0.031563368140644,-0.00802563140033255
0.0373388328604685,0.0279588373684645,0.0161093719679982,-0.00626290683188382
0.000779171152921268,0.0278760349185844,0.00665861003354891,-0.0028931792569927
-0.00679753369134391,0.0279902088829441,-0.0272690776553193,0.000201381386542144
0.00436933686436306,0.0216104974123591,-0.0971620453254056,0.00279073311198913
-0.0131090677032812,-0.0178857346070467,-0.139112541387342,0.00382569268146265
-0.0758518014709479,-0.0944304875965974,-0.093484728899097,0.00254059576682273
-0.134927566360348,-0.160645681102282,-0.010508134043527,0.00123934981323959
-0.147744792863781,-0.161245149085309,0.0348038208157633,0.00207288652026496
-0.125055587097255,-0.0963479663639943,0.0372696034463341,0.00403266404001222
-0.0779615467918886,-0.0314411297027661,0.0171442368337734,0.00508961814379379
-0.00790864839912053,0.00325659170331385,-0.013573810706602,0.00469150519805144
0.0903430010570586,0.0482547072052738,-0.0371289800981191,0.00356991940895966
0.191102837107502,0.0992943857783697,-0.040908428437515,0.00263306195254005
0.222968400982327,0.098071020177222,-0.0365715148757347,0.00226781831151996
0.186496786162322,0.0517912771085007,-0.0329688453746301,0.00159394333834215
0.142955310903038,0.0197567390842778,-0.013944746454338,-0.000555086798338488
0.107004330246843,0.00713639502456302,0.0285912257929072,-0.0033103620984373
0.0671574236517876,0.00396811985337481,0.0722336754093896,-0.00407573051321343
0.0161538779304438,0.0251635248001239,0.0936781278807512,-0.0016663858338582
-0.0611462622976447,0.0583162061336135,0.0890603534699617,0.00236487237958384
-0.158258860995315,0.0692364834715263,0.0700225718549184,0.00566302688722556
-0.179586524778212,0.0430520733370728,0.0585009913647834,0.0065461853407103
-0.0784699487111886,-0.0176237421405029,0.0486617593325023,0.0046268505797598
0.0323396747024485,-0.0608845181546221,0.00839514231634234,0.00118278693626713
0.0919519588217324,-0.0302936446969497,-0.0532900005384995,-0.00223737457127748
0.107028718403549,0.0272923908199571,-0.0907144546486503,-0.004705928429576
0.0479697853783966,0.0659997720058707,-0.0795701744138394,-0.00562562350432299
-0.0452681913236977,0.0945649381304283,-0.0349319095308471,-0.00452897813329276
-0.0801816708162179,0.0858211290103657,0.0150394525537439,-0.000838524737098475
-0.0384252899809288,-0.000532659354308185,0.0471656886751073,0.00470360400477094
0.00348696386644272,-0.107184818004588,0.0510185012973254,0.00940645684572039
-0.0328491341750694,-0.141262866965378,0.0444171114307404,0.0110895859544651
-0.0828231388299586,-0.127558120798681,0.0390075697372324,0.00913039669847728
-0.0276408404983615,-0.0937896001426238,0.0302402935562424,0.00473518543427549
0.0883996779806406,-0.033499423246821,0.0150394892556971,0.0007575977002287
0.1477230803049,0.0088229440204689,-0.0127137408324071,-0.00220272245449155
0.145162794853646,0.0457858659119137,-0.0498427484712392,-0.00602776681054727
0.121717671451626,0.102459724387324,-0.0804547700530586,-0.0100307682230263
0.0839412271431399,0.121302564658616,-0.0886421689246124,-0.0116887967740982
0.0511088655794729,0.0940487685634622,-0.0712280760638671,-0.0110224692533107
0.0394506705028741,0.0720788737949319,-0.0346090660104581,-0.00913355019303827
0.0131158283919781,0.0566010478943452,0.00623803664874671,-0.00551444655756682
-0.0495763260830572,0.0321423148844314,0.0300744537744979,-0.000124764761273434
-0.0857926361694507,0.0288188868730002,0.0315820532554467,0.00511530463831133
-0.0779759211704241,0.0533049293554264,0.0245464880898903,0.00844351199334892
-0.10890882243833,0.0624428401021679,0.0245895684321762,0.00924032909630652
-0.169037243868724,0.053682412025015,0.0294403911746287,0.00720103534990408
-0.156424821186952,0.0311818149028334,0.0130647226975098,0.00308561342679189
-0.0548010856910044,-0.0180603429274013,-0.0243555895936239,-0.000703469020953814
0.0563701904973228,-0.0607749313040493,-0.0374812359051221,-0.00226336293113822
0.113976159856755,-0.0901319351419073,-0.0188157901370708,-0.00212834282376973
0.132905573997871,-0.132949209203426,-0.0057794627823287,-0.00254296801422633
0.153888282596754,-0.157769100699092,-0.00399985950139076,-0.00436705036715971
0.198361101689673,-0.122527673913791,-0.00393592345690365,-0.00563631608677042
0.206077923053539,-0.0608574596718775,-0.013156783401965,-0.00456395267551382
0.0890009489722463,-0.0263205079231549,-0.0280509247034902,-0.0025854829496349
-0.0547754487533098,-0.00484767809416498,-0.0327313460791122,-0.00297586633264398
-0.0917927708579881,0.0270802420923152,-0.0196473688461368,-0.00533929582202711
-0.122836715604443,0.0545684860563121,0.00916497201093317,-0.00554445868778288
-0.222811514166447,0.0613466715749207,0.0348525934899239,-0.00281657695563436
-0.233804015883976,0.0466188540570293,0.032338407181716,0.000129699487608236
-0.110968627092908,0.0277610541874405,0.00347080636617028,0.00280330825446256
-0.0215865580724871,0.0164261761974617,-0.0331668103883053,0.00620066385163967
-0.0293554764460087,0.00655937540791912,-0.0610403306250895,0.00881097650696698
-0.0441804720573269,-0.00155924255174573,-0.0653122597201902,0.00807974104834448
-0.0134724799724926,-0.00424318228706646,-0.0481870682026774,0.0040927811112797
0.0289985172507968,-0.0111246472265369,-0.028250265721442,-0.0014587301965263
0.0531769258137428,-0.0315478978610316,-0.015067466097717,-0.00747040786069649
0.0648995443034658,-0.0533997409254953,-0.00377106380017497,-0.0118416135031856
0.0576867487211817,-0.0658625759144415,0.00637564744444012,-0.0113155925536796
0.0191973176455699,-0.0835201529544315,0.0131153183072566,-0.00553139241953911
-0.0227454543622349,-0.0981841585356413,0.0188903149552463,0.00152657096987948
-0.0431640543402214,-0.0847144002699531,0.0232563808827001,0.00588067327924307
-0.0509488275109487,-0.0602975989378559,0.0228563446332113,0.00701903302069395
-0.0380593163184772,-0.0338167986795555,0.0188024332833679,0.00620743238880191
0.0140250036664465,0.00679998159099068,0.0160089690511893,0.00452717046856807
0.0330721733896817,0.039238617375316,0.0264447593419858,0.00300474868992868
-0.0480405461614744,0.0441544887973428,0.0494178122223284,0.00167004372010224
-0.11605635306599,0.0396607731434877,0.0567953377588908,-0.000380924615824811
-0.0745037549338827,0.0427474827230267,0.0412655788742216,-0.00237354945943831
-0.00242625020041309,0.0446294966618969,0.0220888605577925,-0.0024443304894322
0.0180805739208885,0.0294023677784705,0.0074745876756447,-0.000457052749269637
0.00391239879072984,0.000378584967717498,-0.000546426357368963,0.00168449083684494
-0.00781922345537964,-0.0261755661438942,-0.00138257781334105,0.00189910973408808
-0.0229564133975378,-0.0410833057861205,-0.00214012525969152,0.00027822740944476
-0.0359017461174962,-0.0393532769861576,-0.00425616408060288,-0.001291409633057
-0.0100491104234305,-0.0277965324923805,-0.00502920101479485,-0.00138649985231374
0.0311673285233581,-0.0270924034701587,-0.00726220210439946,0.000127312440116337
0.0245448638274221,-0.0427661875524587,-0.00086715329863646,0.00223718480354009
-0.0198247930414125,-0.0527378436319209,0.0278482927577962,0.00354276748176001
-0.0288241084950644,-0.0365173187643994,0.0739103916791985,0.00356673486995773
0.0276354068250377,-0.00891992444007164,0.113708939973959,0.00316052244314573
0.0494597630246683,-0.00478150066068447,0.123020484641378,0.00291967999613769
-0.0398528502427757,-0.0234353707167873,0.109548060319952,0.00197948187927253
-0.135313735219756,-0.0358951398038648,0.0944373219289192,-0.000198949793366601
-0.128746721522717,-0.0500504806149099,0.081517682137601,-0.00227689567355017
-0.0486631320157132,-0.0815805650106711,0.0708977567024527,-0.0031749855902546
-0.0114122723757304,-0.10105935176114,0.0687989284205897,-0.00361932138293333
-0.0895800733159777,-0.066552261629242,0.0620744450716975,-0.0041337994769215
-0.161006835319308,0.0279974577676491,0.0097694727082924,-0.00397841538681093
-0.0680676873346928,0.111081478927301,-0.0996234019788862,-0.00189597860147088
0.0884618465158614,0.109211081031059,-0.188497449621628,0.00214098494251468
0.123767491463643,0.0808542316342577,-0.172866140732755,0.00575568683266381
0.0674499612771204,0.0947317345458413,-0.0912002881250665,0.00690682155894062
0.0293167073203705,0.0973771935611628,-0.0311228644415413,0.00653200949624198
0.0615671576009895,0.0240957971009604,-0.00419479454865562,0.00576307674043967
0.155265256836922,-0.0801817596555235,0.0222836363070096,0.00403024668443283
0.184350262239191,-0.111087668336257,0.0548806503707453,0.00161740955694981
0.0706798899489991,-0.0719865462787831,0.0745698455915523,-0.000491843893669695
-0.0687002920497812,-0.0346838929902177,0.0715387011562099,-0.00169782858848357
-0.104299987881594,-0.012430937529554,0.0534711953371707,-0.00180236327212026
-0.0665439462973445,0.00282008312574559,0.0311115530595672,-0.00233233788348913
-0.0516902451174774,0.0146966412082264,0.0204268563919448,-0.00500702305420141
-0.0497203631361606,0.0268685045718049,0.0262897633321064,-0.00851500373089607
-0.0029243800758443,0.0285472232219973,0.0204882912111278,-0.00964342719799794
0.0652665361452844,0.0184477148847086,-0.00395749166503648,-0.00660381890076476
0.0896833259630188,0.0230606949296719,-0.0102545672896875,-0.000407153006427817
0.0484837614106611,0.0601994669058125,0.0108226045818675,0.00555394604492982
0.00822385145540104,0.102035552809317,0.0280693025340594,0.00807541072549116
0.0127667358342663,0.0983635221489427,0.0139957894184213,0.00699479664058479
0.0243526497230718,0.039339676905937,-0.0207981538472134,0.00414584456210509
0.0329011967160551,-0.0090343421289148,-0.0378717125643979,0.000553643934840739
0.0406143933742365,0.00804833199710189,-0.0370642021898738,-0.00351378502179909
0.0581357747146286,0.0386413825889778,-0.0522898547775629,-0.00734714684580018
0.112975354979079,0.0341223256796968,-0.0880865009110738,-0.00994092173100105
0.168024742568433,0.0232694283510587,-0.122477291337982,-0.0102275594753488
0.144348571073412,0.016773805675994,-0.133544690105707,-0.00699071778348291
0.0270907555516364,0.00894961866652452,-0.107089292780825,-0.000490710214337537
-0.0996324967484587,0.0250312295783648,-0.0585594597626229,0.00597145532030059
-0.150170996079266,0.0514264675891856,-0.0254045760644724,0.00897706386704778
-0.131016815158599,0.0467578227534124,-0.0280993310381358,0.00827782326171982
-0.0845128930847853,0.0295033168160336,-0.0421571451593368,0.00560518099343863
-0.0350076425491202,0.0311118769101373,-0.0275263437103693,0.00212974308062636
-0.00431980509614829,0.0400357831316892,0.00420324092713941,-0.00167172747576247
0.0260558167285206,0.0388883968181759,0.0195952775790943,-0.004710172131002
0.0718946884878065,0.028608979249697,0.0204346122961769,-0.00641696819442099
0.10438068029511,0.0113362814845135,0.020237536321053,-0.00768216821992563
0.122445963268248,-0.00904148412114145,0.0163756426496514,-0.00862918643058548
0.135912712315818,-0.0253640497075135,0.000583198854131405,-0.00807062071857315
0.128556215931484,-0.0436328136068056,-0.0185504927606836,-0.00529259368845525
0.0846378290590517,-0.0583546050858695,-0.0253258281233758,-0.000660704041219279
0.0444545581961254,-0.0494211419330638,-0.0218397603439173,0.00426126580243802
0.0541513820556683,-0.0260037751750406,-0.0113740147677474,0.00752725857716581
0.0604476104584529,-0.00521542987460413,0.00853058603037613,0.0086497861038413
-0.0152412381688357,0.0154892683538431,0.02699343133144,0.00808702397382787
-0.130229373675315,0.0359480517110867,0.0330188534859677,0.00579092816613633
-0.160351225293337,0.041367891535481,0.0288087270490611,0.00190341754518769
-0.0910423537247043,0.0366344882566874,0.019354873048987,-0.00207727866826777
0.000564796468053186,0.0588317661596158,0.00400180152479557,-0.00387983349942801
0.0628169744167893,0.0789206300143842,-0.0223886076442409,-0.00227306419067499
0.0930586704410421,0.0423801438213842,-0.0471057737887975,0.00128521626949749
0.125516137354137,-0.00329340569792663,-0.0426182886282556,0.00298232021233941
0.115346426841683,-0.00249437118503579,-0.0123403854359667,0.000150485680154728
0.00646018519639144,0.0340011929748238,0.0145613716269363,-0.0058686441545835
-0.113929221347545,0.0619695133418977,0.0133232957823221,-0.010766923711247
-0.158455216107823,0.0431740883556523,-0.0118551877816339,-0.0109210765235477
-0.142740957064586,-0.0159712851368386,-0.0301166666614044,-0.0064159462787372
-0.0916257831702172,-0.0788373702492119,-0.0373750886882431,-0.00102681971558615
-0.00931923245627882,-0.0954505955879586,-0.0406224785177247,0.00165206612839752
0.0469306083460041,-0.0588386133757081,-0.0258623641707875,0.00206317343539906
0.0274191624161786,-0.021639360439359,0.00265329846933157,0.0023924785375138
-0.00965069732274376,-0.0196359412856107,0.0271966499390676,0.00323022268050075
-0.00508483613333109,-0.0377357580880822,0.0472075682255683,0.00484697036304713
0.0190396593041143,-0.0322982745929551,0.0599428181938364,0.00785077821003034
-0.0108136211339692,0.00291020201136896,0.0662040444754173,0.0109095566321346
-0.0742390218114786,0.0351360040979523,0.0674758272693339,0.0108080486293271
-0.0514473069327753,0.051897799458412,0.0517412603679878,0.00683149653983783
0.0355005471223879,0.0562281442080033,0.0266521154620254,0.00227615831485608
0.0758734172118899,0.055116251263058,0.0129757526375248,-0.000615443328465665
0.0757267105106277,0.0557729411267942,0.00697441496095109,-0.00278729501798627
0.0789971812832148,0.0557020244868313,-0.00801286447435556,-0.00462910007800703
0.0683080032514944,0.0475235998989162,-0.0310328427408524,-0.00493208068391436
0.0242878585548595,0.0254886223289443,-0.053141282598954,-0.00366996250504175
-0.0433841568011467,-0.00306714421880149,-0.0606702117847715,-0.00281340930979347
-0.109738977827102,-0.019106814386544,-0.0406089099253793,-0.0035121882773785
-0.136363294459707,-0.0167026367040918,-0.00948212193770853,-0.00375948115548048
-0.0934607165618473,-0.0102579126632652,0.00937703599744669,-0.000736742759026237
-0.0206218779989495,-0.00790276636657407,0.0134809332246129,0.00469220751136895
0.0171967308758713,-0.00268112240201845,0.0115748994892557,0.00800830344174726
0.0160490894009348,0.00646727079003168,0.00907814063378455,0.005597147012118
0.00545218713195925,0.00891748427368613,0.0124428163585581,-0.00152863919051592
0.0168430635215515,0.00133108796303061,0.0367170010514979,-0.00787481056437988
0.0393526586440859,-0.0103465705643706,0.0804374094188709,-0.00816923653236926
0.0195422178657306,-0.016193405367757,0.115442836340542,-0.00285088514770428
-0.0338889453992498,-0.00985675223931023,0.124037777731096,0.00315519167936008
-0.0686341806776083,-0.00248328070723718,0.117531437695146,0.00673923604527276
-0.103954317929415,0.000570284875634309,0.10895644904631,0.00856718690917505
-0.16719792420706,0.0133426038323736,0.103080332337385,0.00945323612605703
-0.199092395892696,0.0382926248254165,0.0937101173504208,0.0085481558544796
-0.132568474758622,0.045811126521432,0.055429064533411,0.00453357835355807
-0.0385756382366813,0.00752539830993505,-0.0203203780198068,-0.00268919225562238
-0.0145448513894308,-0.0433491898211763,-0.10053990314403,-0.00999172312038525
0.0283167044349957,-0.0495811602951704,-0.151844102160118,-0.0125793319265451
0.139912481687987,-0.026204011472699,-0.156708193073718,-0.00850576842015472
0.169202623935066,-0.0197147610316974,-0.109593682936831,-0.000805432774414977
0.0953093604556579,-0.0318315272349383,-0.0395073189960429,0.00522623141218361
0.0935811512054129,-0.0384617972157868,0.0012024464561193,0.0075467401425799
0.140358259533981,-0.020296629115836,-0.00678535509950665,0.00847753233357513
0.0696885760467194,0.0106809828178713,-0.0175301754824481,0.00932243863661993
-0.045152570475259,0.026593600057662,0.0088554312743588,0.00794907127193818
-0.0737967325845743,0.0351499020839409,0.0448333846935334,0.00433263669882334
-0.0910497932000391,0.0449509770563092,0.052111919068262,0.00285742623815629
-0.14602166223372,0.0409490140876953,0.0363266860230437,0.00482211792920271
-0.128214368028659,0.0273077307043113,0.0238194407342337,0.00488783050077541
-0.0139105781650747,0.0255012966123624,0.0209363457802898,-0.000424443163246262
0.0776398044082874,0.0310291559734968,0.021256642383077,-0.00791632291036042
0.103809513727851,0.0178224205151354,0.0232794881208936,-0.0140330500925914
0.109792422624731,0.00656433339395049,0.0228783196180873,-0.0176176347174301
0.0773130579992543,0.0100172459338208,0.0139362680517995,-0.0169825620226789
-0.0218725527489409,-0.0180289670754068,-0.00558823332651472,-0.0114147853537188
-0.168548975138067,-0.0599864138307477,-0.0203824245380961,-0.00340228854626898
-0.283616678700677,-0.0514172081776235,-0.0188149312945833,0.00330593393073072
-0.213518794002924,-0.0210411313618555,-0.0276152867997735,0.00728583179389711
-0.00554397939472911,-0.0311904258128398,-0.0597564654942207,0.00988267361368782
0.097180141923935,-0.0595966304149911,-0.0795296005369085,0.0115452000117322
0.0479331464910704,-0.0691852125331622,-0.0577795785587385,0.0111686097696529
0.000982065470719846,-0.0674646709406104,-0.0116489709904215,0.00853502004255884
0.0193267052658317,-0.0553051013377598,0.0240523437931012,0.00470668771566124
0.0399955721044647,-0.0233925106092607,0.0325447872648447,0.000774001279318532
0.0565028495562727,0.0171365390559937,0.0107478672755718,-0.00274200805773998
0.0947408183343214,0.0477658013628693,-0.0309552389636684,-0.00586761349490166
0.0987552608462712,0.0686843564150806,-0.0585224893584777,-0.00914925985590502
0.0440103068422246,0.0866562189610994,-0.0464117199683161,-0.0130624954292421
0.0247588648856652,0.0946350760307949,-0.0225150225368661,-0.0165366777185246
0.0635546119127419,0.0751589452990913,-0.0313478549100923,-0.0164784410777683
0.0525959830637943,0.0404293974354091,-0.0627574575545386,-0.0107381616814592
-0.043531271729458,0.0223713825288177,-0.0694765662496327,-0.00159603056758777
-0.123239149401722,0.0105609197411744,-0.0446129432728664,0.00617824862197711
-0.110366943834766,-0.0221296601100336,-0.0213672161328478,0.0108892048890293
-0.0520880040577103,-0.0463269239805949,-0.00963430418130187,0.0134519822823699
-0.0056664535926047,-0.024399229557253,0.00285491537414031,0.0134476707044395
-0.00724222480927528,0.00533363884796846,0.0154069200756797,0.00957260837532811
-0.0646749385375994,0.007618396508044,0.0318644462185786,0.00185151535099495
-0.112677632966687,0.00537412559322588,0.0586941901921569,-0.00650495643189424
-0.103328120796075,-0.00865807287828402,0.0629047619609631,-0.0106544419745217
-0.0314548271853332,-0.0767424704505039,0.014136714244874,-0.00918653567469755
0.0867255253081965,-0.174091986643184,-0.0468447909725569,-0.00476783395292708
0.160476496394415,-0.206524334435422,-0.0570632207739485,-0.000332796944225357
0.0833420242775672,-0.130826628215504,-0.0182665431238626,0.0025791347252648
-0.0828397604944975,-0.00815541514746046,0.0207015942911954,0.00339165700039419
-0.127862673418345,0.080830424256199,0.0287668594976484,0.00295648906654174
-0.0122358384437898,0.105517739721842,0.0144177873041033,0.00277210746195659
0.0558682252366374,0.0939866718638254,0.0129491320192273,0.00213994805028042
-0.0169111996530353,0.0923609916626575,0.0406465598543747,-0.0005614786756716
-0.0799506286767149,0.0956145358870212,0.0722466527064889,-0.00364887795291774
-0.0436261047848346,0.0718362868679533,0.0752977411675263,-0.00448175856630022
0.0235388022899058,0.0149096345955795,0.0483483561369542,-0.0037667821404564
0.0817588065034578,-0.0424432986065068,0.01876629925166,-0.00264211102219777
0.103071971302092,-0.0691337361272707,0.00422068523131654,-0.00033069508581666
0.0205772845998165,-0.0813489981602826,0.00190531943864106,0.00235516055385518
-0.110605057695219,-0.0900748049693458,-0.00466153658306147,0.00280943760494158
-0.130010361559538,-0.0832706277823023,-0.0311315619654291,0.00174260853642475
-0.0328824249772296,-0.0582783566898374,-0.0642595624000465,0.00303792571434616
0.0282775101089642,-0.0153011067919523,-0.0752168250874745,0.00747602261691542
0.0241300570005397,0.0317349019466387,-0.0662343961950957,0.0110488359832073
0.0531983732978759,0.0569227031906726,-0.0627407732993766,0.00994413876861294
0.0800498256883918,0.0535698014940945,-0.0566387626006491,0.00482878416459055
0.0298701255372136,0.0392818855980249,-0.0322056874837678,-0.000866889914215095
-0.0109256096284454,0.0256103523269107,-0.0090354557697892,-0.00494948567386803
0.0142944506964579,-0.006626766986049,-0.00412355406871776,-0.00683869356457533
0.0408707876822733,-0.063677693462529,-0.00486714526228093,-0.00644748101851208
0.0258230197624352,-0.107787755287811,0.00435976652948047,-0.00407705617712232
-0.0116484275566975,-0.111433831326897,0.0208994905481129,-0.000653935340404393
-0.0385582799527562,-0.086104564871165,0.0359686755224658,0.00188706192838419
-0.0457033137810324,-0.0601582737095076,0.0467230311144697,0.00164839768037397
-0.0385354557229655,-0.0494446703071012,0.0615045227757583,-0.0010197762492711
-0.0333209288085896,-0.0464974180730211,0.086657166265175,-0.00363821603561088
-0.0483105684483536,-0.0383814622277612,0.104962473734719,-0.00389800044454135
-0.058368214647482,-0.0213934623392764,0.0909270511616098,-0.0014844480506559
-0.0136332621706874,-0.00312499552017147,0.0356584045865483,0.00168819417676219
0.0566669293299033,0.012613049919645,-0.0307804127473752,0.00323750967658877
0.0632406077014193,0.0247299899553328,-0.0545826099984754,0.00237947857543213
0.013277024373134,0.0300067808433441,-0.0400767657215265,0.000326522021043472
-0.0217655615896324,0.0371992843705005,-0.0361858646172756,-0.000882585317498828
-0.0321437364026634,0.0511911516775547,-0.0562763850248302,-3.38066485130667e-05
-0.0396929258441543,0.0480578983333848,-0.0792456966824647,0.00165511463762647
-0.0308092978648479,0.0150894038428705,-0.0820856139239294,0.00111878806937912
0.0300436085598401,-0.0189221741610307,-0.0629387241016928,-0.00258522820684457
0.101640307377317,-0.0362039785179205,-0.0318112612794701,-0.00652978886792364
0.0962150216838505,-0.0487563307876836,-0.00208995483327624,-0.00765568000322118
0.0226148981004347,-0.0580396387889535,0.0136909673002385,-0.00586489966960705
-0.0319862775904927,-0.053818973861772,0.0150892289569238,-0.00283196175376918
-0.0309171920614391,-0.0385432188974842,0.0083219261941838,5.55405020746958e-05
-0.0122328501861876,-0.021110943378809,0.00382192081433525,0.00243986827315368
-0.00047291789351564,-0.00559059359340663,0.00829644657706299,0.00452359863013487
0.0200040218361012,0.00558235299070002,0.0174393336077636,0.00643148558301284
0.0658069883337772,0.014186500146235,0.0304040355929792,0.007945375748949
0.117780322985809,0.027072030182578,0.0479014522248493,0.00824309080663326
0.130359586339887,0.0445756131967576,0.0603604863713035,0.00645401278532709
0.0334121188573664,0.0629753251295325,0.0661859570914671,0.00229155080046271
-0.142854503464229,0.0814470467669029,0.064548721025239,-0.00396470133355278
-0.175553541895745,0.0871763363235029,0.0483760613406603,-0.0110231094652057
-0.0295054781419841,0.0766808304872791,0.0357089544887069,-0.0162784233480803
0.0665456053352264,0.0726153219640983,0.0527365917216805,-0.0169476504955103
0.0435503233240702,0.0805773756218934,0.0841784206826922,-0.0123097158370628
-0.00957718503753641,0.0781045895864889,0.0899352980065846,-0.00409606745323517
-0.0328930209102964,0.0410093092890262,0.0553348014267284,0.00513396620956354
0.0125395976358831,-0.0461807646837242,0.00137266345956677,0.012438958239512
0.0846603831026005,-0.13348690291283,-0.0456121755174468,0.0152633917607234
0.0860379608730545,-0.145175072531009,-0.0794647177420108,0.0131253609120002
0.0188585055058006,-0.0972144308268732,-0.088934442904729,0.00763347304962218
-0.0364262163218896,-0.0266810219075821,-0.060416228267807,0.00149423373805671
-0.0450362410446828,0.052051456870687,-0.0153921121787768,-0.00248710736794371
-0.0372068822508448,0.123659799320484,0.0216577484675128,-0.00288031783198143
-0.0189755807932275,0.175059343128087,0.0417847778207757,-0.000246206288939453
0.0303259453394226,0.174209850830211,0.0425697326943071,0.00361592905129634
0.050499341957114,0.10933407725053,0.0431114906887023,0.00611228625677138
-0.0434606620980144,0.050312952679667,0.0640497031851847,0.00539838005388179
-0.181838921740385,0.0577584529697851,0.0948408018311942,0.00218288079125552
-0.205927075268231,0.0860062894251212,0.0978290585101099,-0.00160041476394672
-0.127075290956311,0.0715410068198584,0.0583553666297137,-0.00505806061437764
-0.0760634571122764,0.00232802770918031,0.00373201958214074,-0.00809830807426248
-0.0743358767589504,-0.0749308982227494,-0.0316522579750155,-0.00971690282764218
-0.0406325213051021,-0.137378409911689,-0.0506221330812193,-0.00848650282227704
0.0710916852436003,-0.196189730113028,-0.0764522164923488,-0.00502521183831927
0.185192348330642,-0.197788569108851,-0.0863736806399808,-0.0020828143045401
0.222697330519625,-0.129835299435997,-0.0559138074665721,-0.00106070093269479
0.194212607472616,-0.0631170114602472,-0.0161166994513218,-0.000681677479172735
0.120167112998923,-0.0212671946715212,0.0161636539603775,0.000306400140987643
0.0408833107729224,0.0107504181782576,0.057251947713824,0.0022088920518038
-0.00558660777701669,0.0357453314508968,0.0914524790651585,0.00517405299604223
-0.0422187986904528,0.0497639987687403,0.0904150027747761,0.00798605217282602
-0.0922933150040443,0.04571660922101,0.0703891876707329,0.00834933911002102
-0.133902603051692,0.0323569132404889,0.0679959986667379,0.00590340515047771
-0.15382547122502,0.0142735823422356,0.0726910507645259,0.00237906344990361
-0.177973745637346,-0.0122100445773705,0.049568395804515,-0.000474030835716118
-0.210576545955826,-0.0235808277883785,-0.00271499877758642,-0.00155470103647368
-0.215043414654777,-0.0323755821318321,-0.0597101916022386,-0.000829606475141849
-0.176925835921238,-0.0650077516207077,-0.0944663571394479,0.000304358869254526
-0.122200277178599,-0.0739592257170592,-0.10895205226564,0.000418805272149949
-0.0295509028109287,-0.0417888707315527,-0.123859646884925,-0.000368525494459251
0.143235769160341,-0.0190138373868774,-0.13716419345634,-0.000521374897493342
0.311380498500466,-0.0354487602880969,-0.12409259282342,0.00117800900352932
0.327889145005589,-0.06532732392604,-0.0698195801594091,0.00352758274079131
0.200666158026536,-0.0633775669897955,-0.00422624016027814,0.00397755488635994
0.0876206459057403,-0.0393032102398513,0.0248590394563281,0.00168649942310674
0.0490075961218729,-0.0449545517735583,0.0176287223859442,-0.00255046392653096
-0.00305134624400774,-0.0886496116262681,0.00362303137763444,-0.0076399442913704
-0.0743782083702184,-0.123273958124447,-0.00396922093518797,-0.0123663889150174
-0.0976456658048836,-0.122342134803417,-0.00237443162615983,-0.0154810301341031
-0.0983329631032809,-0.0892493821983376,0.0104526483742858,-0.0151950161208127
-0.100157963767627,-0.0304554866689018,0.0354075464308654,-0.00958072121301095
-0.0673828519885177,0.0165748263700313,0.0383024141398133,0.000786821678507885
0.00410388600724022,0.0393940970162403,-0.016974964271073,0.0105285768454443
0.0597954191211811,0.073900474252261,-0.0780372980535239,0.0126941014746991
0.0596195999245779,0.116321464305973,-0.0801297520975319,0.00695751370010485
0.059337102437172,0.135626922172636,-0.0618727947911199,0.00112362032443514
0.0876287669917129,0.110798490459122,-0.0647320144853276,0.00167163312416265
0.0785720905874957,0.0501778492932526,-0.0612800090400148,0.00662514307228325
0.0574309578420344,0.00291280055580423,-0.0527032261880074,0.00998866861300997
0.0974532613363365,-0.00640104089124249,-0.0576736932684886,0.00942780837745554
0.131257293085334,-0.00422427166847866,-0.05334709537478,0.00637758810666622
0.0798515986391479,-0.0175334489224834,-0.0276982839098943,0.00240401308127402
0.0181716926610411,-0.032752489983392,0.004123633951403,-0.00177162957113886
0.0417854139604426,-0.0180354378416202,0.0360018312788402,-0.00628050278808491
0.0667202435161177,0.0235513000647465,0.0594814985377227,-0.0104124832396335
-0.0326116327592388,0.056225107876675,0.060786507145144,-0.0124044863063006
-0.15205788182162,0.0696305107804381,0.0449415349403409,-0.0123403686710306
-0.131089920614328,0.0852074953852208,0.0271919278175069,-0.0097687723924525
-0.00559890650412859,0.0921766207056453,0.0128989303808549,-0.00143025448545823
0.148211219473699,0.0581687867628798,-0.00846246527263021,0.0114556472381826
0.282659328211181,0.0151584976715416,-0.0302327936567986,0.019199326598052
0.270477350371626,0.0247721686200951,-0.0138068179583521,0.013365299069336
0.0708721742970405,0.074731278056602,0.0349330547845542,-0.0026224085817383
-0.100513169063027,0.10036342610709,0.0542914805060449,-0.0164929390256312
-0.0610731272337793,0.069206961422592,0.0180046806835019,-0.0185246336797623
0.0496457566964332,0.000113453867449473,-0.0283877920456801,-0.00866820589609821
0.0291974692332887,-0.0521569114477363,-0.0265820870643876,0.00398968647176529
-0.0541328461179889,-0.0351035095811896,0.0187006411948673,0.00964844714778655
-0.047012035624683,0.0200596508841733,0.0571360189232908,0.00730653124558662
-0.041345463668421,0.0442411527082849,0.0634627217129715,0.00310277288559507
-0.123875041093661,0.0430285314253361,0.0618871606627181,0.00168003884203671
-0.149486012596219,0.0558455115050378,0.0735808256794193,0.00316950174430162
-0.0700132124607213,0.0677883094056454,0.0694349148230087,0.00545883767527033
0.0609795533492705,0.057591996114308,0.0303322809817212,0.00619580300521139
0.177749788343075,0.050802438161126,-0.0146123644614041,0.0042949250361561
0.18323457229852,0.0541403730746965,-0.0389746906586428,0.000513296141108845
0.124931163139949,0.0348922416916177,-0.0540956666870497,-0.00368683265115037
0.0846316856122559,-0.00540088638268153,-0.0856095744976959,-0.00738184512220961
0.0530638677717338,-0.0113477176681652,-0.112552710655916,-0.0103700812302795
0.0148112465210299,0.0223304318232694,-0.0965552910834783,-0.011712181507749
-0.016230988840471,0.0431437865525386,-0.0500081597700213,-0.00931240345016686
-0.0485513583610605,0.0325612647684277,0.0021945777355406,-0.00238395298287288
-0.0926781964380556,0.0112032556870509,0.0319641149216287,0.00639095812501057
-0.0884505834756619,-0.0156493512954814,0.0144992057721501,0.0124977777740802
-0.0254320412102058,-0.0726886686806903,-0.0110362629668157,0.013756993201019
0.00748318169350407,-0.118632165549187,0.00495430463972626,0.0118054034630902
-0.0184546586742421,-0.0800189483608699,0.0356545260953568,0.00939566781493231
-0.0560910728851879,-0.00317315110166996,0.027319065900237,0.00708838438725746
-0.0755802411334686,0.0199725090000308,-0.0156024769710838,0.00314012590746506
-0.0607133244517584,-0.00281944442876475,-0.0534294247691957,-0.0032063290165119
-0.0318614634166395,-0.0172999478031456,-0.0609607280011705,-0.00902143014740914
-0.0307159780884317,-0.00633192866136845,-0.0316283414176498,-0.0106093489384091
-0.030285170519904,0.0235439750108109,0.00863734711314446,-0.00831028356472334
0.0104232893924812,0.0485001115683559,0.032363700738725,-0.00452616383196491
0.057576115304497,0.0565602137620818,0.050838323756893,0.000306582297832344
0.0580612688192908,0.0663924462002393,0.0696931516253416,0.00578590945255963
0.0221853186272103,0.0757240909139462,0.0730987386465161,0.00902860262779256
0.00455838039166526,0.0612191397004868,0.0614347842716863,0.00814865054691299
0.0233075007790257,0.0250144081329476,0.0459338993936265,0.00547143529939577
0.0481209597939577,-0.0300095126878936,0.0293203688128079,0.0042496470007939
0.0671701128732207,-0.125530315354591,0.00672224042320066,0.00488566408416031
0.0835115632504042,-0.236670209601451,-0.0293520890799593,0.00502447601942433
0.0804812398253791,-0.258860198344316,-0.0705702441669202,0.00178306516013925
0.0349625273241975,-0.151826334884922,-0.0838603660874207,-0.00432447199425416
-0.0373873292781221,-0.0356594492262232,-0.0738828232602706,-0.00829229375964691
-0.0836698188218118,-0.00879946660146214,-0.0837199054092742,-0.00646203176731345
-0.11008446383861,-0.00990926440200447,-0.0929879526660903,-0.00125828974105099
-0.129629990324936,0.0380276990204445,-0.0654153012454503,0.00283695233651391
-0.111260534634728,0.0899007169789924,-0.0302419181682767,0.00426300782274712
-0.0679427960641112,0.07700795314367,-0.0153330792505091,0.00223814335884378
-0.0468819199771322,0.0426586939986953,-0.00364316063525558,-0.00384076368167851
-0.0308417794705976,0.0284341571214424,0.011292552384478,-0.0112024442251735
0.0231616882820329,0.00313092072447382,0.0161466582849329,-0.0154232102456924
0.0780437579889298,-0.0171585797052593,0.0246575638845449,-0.0133138305224244
0.107495361226534,-0.0104872013076974,0.0449317573989621,-0.00415294803225878
0.140694522611552,-0.0201297499153283,0.0604383721993221,0.00815318777913242
0.136563772947431,-0.0549220235268875,0.0669943313363554,0.0166827830021595
0.00509855594378175,-0.0632545429773831,0.0730036344450877,0.0172140385424245
-0.153290049724171,-0.0357729118725937,0.0762165597417774,0.011487902252357
-0.142436089515867,-0.00815616069433356,0.0740210137063643,0.00506082214835737
-0.00870637015477946,-0.000119651576411597,0.0755603634721153,0.00264853411923461
0.0847986648654589,-0.00918771178493412,0.0846116887018668,0.00467595135110103
0.099182153727807,-0.0316018726572565,0.0942158291233039,0.00687473431427816
0.0650872680382571,-0.048617012181278,0.0915596073697784,0.0049667723102418
0.00394435727901545,-0.0399423246167966,0.078878098050615,-0.000462753865558092
-0.0588814037696416,-0.0246093198547774,0.0690097245975087,-0.00585603952310072
-0.113556173456311,-0.00285476123127649,0.0572222301366596,-0.00864633809399349
-0.150126632582486,0.0513136167429441,0.00844640529109174,-0.00822673938118307
-0.157209117098119,0.101375132975449,-0.0910478643842034,-0.00658504935320065
-0.160413276849147,0.0960199774877902,-0.171862315112497,-0.00685009967326623
-0.0705906158038155,0.060390880095737,-0.179219452342672,-0.00891190520875731
0.15664572725986,0.0185432610919319,-0.144595745096305,-0.00972220152747313
0.260088566811008,-0.023064279104913,-0.0899070473018013,-0.00860255268389931
0.111461139140288,-0.0283339875977983,-0.0242136898396068,-0.00836770869240455
-0.0444681170865123,0.00416728796182611,0.0151553825571694,-0.00997954455648134
-0.0402311636869576,0.0307147537985602,0.025490648040934,-0.00980379183856718
0.00490378859886584,0.00891389874408759,0.0312108240668729,-0.0047982515464497
0.00193608172966496,-0.0615481432765607,0.0321663970491983,0.00345688329480645
0.00928344199719638,-0.110578567472716,0.0244216422324986,0.0113614844800551
0.011421434583642,-0.0802968675084214,0.0202519054331231,0.0159922632636327
-0.0409711207533896,-0.0133881260282164,0.0195171050097093,0.0156660869173107
-0.10982256488401,0.0183471889747734,0.00772111506491837,0.010144039856372
-0.146509038326853,0.0173177334934993,0.00103991225567001,0.0011626579680595
-0.141825428414113,0.00799964212199122,0.0173939718932632,-0.007082695958457
-0.118659973396612,-0.00754487721880577,0.0252180085959588,-0.0104639520910544
-0.0977111807050988,-0.0153332681634278,0.00226637370207157,-0.00890986899310079
-0.0602349043190404,-0.00505376232322984,-0.0310289845174371,-0.00536381514694293
-0.0120261744805031,0.0215958701504138,-0.0477868964845623,-0.00171272357414743
0.0213812186716185,0.0528990665845928,-0.0321326119774667,0.00123439383032483
0.0704453716389675,0.0676703149001655,-0.0101688525621637,0.00288008592510463
0.124174462898516,0.0492429683965302,-0.0163683476040045,0.003098481199349
0.109159359075372,0.0253905881029835,-0.0285382246600157,0.0020258764213636
0.00481865532601715,0.0425993894991655,-0.0223793599835463,0.000698928033366162
-0.086598646289987,0.0782843819615964,-0.0123925803624632,0.000266260072895839
-0.0849545862009121,0.0851760566707628,0.00157749137125237,-0.00011846246696035
-0.0629769179153436,0.0625612263181572,0.0226691085110349,-0.00334851090726212
-0.0292529697698882,0.0247035308486762,0.0234591900204855,-0.0100591864666022
0.0492908835211884,-0.0184967167000162,0.0011664098975247,-0.0148422301114283
0.0721964168010702,-0.041858366478191,-0.0191441093343847,-0.0129378021503348
0.0277248448173975,-0.0575759781954666,-0.0444076361662383,-0.00764695068372069
0.0545551988792922,-0.120956229759852,-0.0800377622900533,-0.00374316756191815
0.115756034119941,-0.203890017051287,-0.0964552472894007,-0.00018193883004846
0.0458313473980532,-0.204633257784985,-0.0765565419940064,0.00525485075322844
-0.0754401476039132,-0.107963376294008,-0.0264548237121551,0.010130235988352
-0.0911643095536001,0.000950579930490553,0.0312729473186404,0.0108074299283633
-0.0522734399773408,0.0571506112479369,0.0635411063623469,0.00812498877554084
0.00393652843374957,0.0563760791512823,0.0639921593013935,0.0049569696822066
0.0829632264255127,0.03495422915308,0.0483344613047027,0.00221762671359224
0.0936595409100027,0.0285119646858832,0.0299171260816851,0.000206088663750539
0.0222686756078532,0.0348896639179331,0.021789613126068,-0.000503435982208017
-0.0211121649436791,0.0347227208280572,0.0189452762694254,-0.000265364529980855
-0.0172202634717619,0.0195444815803854,0.00479137080965111,-0.000176778420691176
-0.0325279122188146,-0.00025848616678786,-0.0121354578927728,-0.000849780361385952
-0.0577033370799589,-0.020233112225573,-0.0163009749986901,-0.00175746587889951
-0.0341581362853618,-0.0575914383529203,-0.00642091389751945,-0.00153078105872692
0.0202866727485247,-0.117038922480412,0.0153770255042841,0.00103708673974827
0.0474487446277924,-0.152882862188846,0.0455573305761936,0.00556229730606075
0.0410157124609688,-0.112284752395205,0.0735774577632735,0.0099144746986808
0.0196214263946441,-0.0188726169548931,0.0853840732320952,0.0119111397831858
0.021245986947093,0.0587906053541088,0.0745173524342147,0.0110416707154392
0.0526612178004872,0.103126801341489,0.0496820867069031,0.008683434667828
0.0666512347686464,0.150961395124523,0.0329797881840491,0.00617386456611079
0.0426036683756099,0.203460831884635,0.0180610494205035,0.00332971174346049
0.0364342448726099,0.195521088560827,-0.0395830756282857,-0.00111120867654671
0.119884425833142,0.0856304223811779,-0.132282690054853,-0.00791123284001875
0.205828764799913,-0.0869833722163867,-0.184381172023712,-0.015484781890153
0.165294213908735,-0.206850599797499,-0.162466498428002,-0.0207798958296072
0.0578355397778559,-0.173138154166301,-0.101903013833165,-0.0217425295080451
-0.0426742647553973,-0.0600549958380503,-0.0417912602911068,-0.0178010931196498
-0.147428625707429,-0.0131250958407313,0.00604752204541084,-0.0100464741696082
-0.18708048040972,-0.0231913539252856,0.0396980821021611,-0.000825864540352536
-0.10383117950077,-0.00951284520941967,0.0512191743647274,0.00877135218099827
0.00565199644126754,0.0228937644616859,0.0406356390164979,0.0182047244211929
0.048781666941514,0.03776502932322,0.020689867830631,0.024789479024641
0.0417577770441695,0.0362885916853483,0.00831841619347387,0.0255324505903935
0.0381611928212574,0.0334904323657969,0.0114503392630494,0.0203280765461036
0.0526404464898904,0.0362331481994531,0.0246921204663991,0.0117820931901475
0.0386283232841606,0.0439178390902449,0.0349345687335102,0.00231299459641279
0.00469467032113001,0.0556396614345189,0.0270256691780803,-0.00662833190357567
0.0254702140424983,0.0643790826903625,0.00608107274432573,-0.0128438558066574
0.0693590211206603,0.0628358329188734,-0.00805738919253756,-0.0144434453963896
0.057996783060471,0.0661252554252919,-0.0127473351078234,-0.0123516508658374
0.0342565534645327,0.0821313349005555,-0.0261502994885394,-0.00934067309146713
0.0583710865812343,0.0809354711361766,-0.0507616961646722,-0.00656404467165458
0.0759034577276591,0.0481747163332749,-0.05416286835135,-0.00324348470683571
-0.0254833805763146,0.0156066366155987,-0.0215680169008667,0.000424423007773707
-0.203899314425532,0.0112071937848111,0.0113165909114011,0.00316873634623383
-0.242671394890449,0.000442408149292008,0.00542934575502658,0.00523535485910487
-0.106021618064533,-0.0741275399326288,-0.0288188119156482,0.00768791347808392
0.0318421158104487,-0.14415922701027,-0.0471775991215705,0.00931451061057113
0.0917614113569065,-0.0915702327137064,-0.0311563420248124,0.00740811409498229
0.104845669423644,0.030564463310452,-0.0156319715750396,0.000896668618102416
0.089866763582067,0.0981017854298724,-0.026495016352855,-0.00902190767494229
0.00235765645327989,0.103022426694616,-0.0194757917183552,-0.0185355243022485
-0.1690626614108,0.0937620287487894,0.0259066460688121,-0.0215756481136918
-0.232816635647548,0.0648803724345326,0.0490393673098962,-0.0149118377411959
-0.0562176714935434,0.00458867452394672,0.023899804613046,-0.00153583908209351
0.159373746844306,-0.0580465412110124,0.000497936662515762,0.0126019028275537
0.221326415579755,-0.100056058769374,0.0169281942631602,0.021989222266521
0.172114159495449,-0.104903869645696,0.0542380014076059,0.0228367711862292
0.0778436302097577,-0.0631163265556115,0.0777058786680924,0.0149145819860116
-0.015784049026713,-0.000375723600093775,0.0802492832386436,0.00267444190440727
-0.0629621229479677,0.038426728383477,0.0667533468713604,-0.00657873418317875
-0.0909289870924658,0.0378635868912362,0.0489798761848448,-0.00856392223731933
-0.111588710957271,0.0267706854786235,0.0458539614318004,-0.00512151294737302
-0.0919765370407328,0.0244094913178406,0.0416908381022363,3.70025415423391e-05
-0.0406129528459678,0.0245661116795902,0.0135753566345632,0.00416393394949865
0.0033253109821931,0.0306711859867174,-0.0199677370794098,0.00576058185314272
0.0257324445191578,0.0348195301225979,-0.0383635490938171,0.00500832362810937
0.0344449311407485,0.00796011567454251,-0.039234150679882,0.00201631458537661
0.018940241192548,-0.0482714144644997,-0.0247072268173211,-0.00320261920119119
-0.0161122262606166,-0.088708781297926,-0.000558767224623676,-0.00866915586742343
-0.0399421428791522,-0.0832177248227784,0.0223850321690909,-0.0111761502079578
-0.0503270256963473,-0.0405129070121038,0.0159294576082074,-0.00856968638547656
-0.0542224262732559,0.0136535598722729,-0.0336277073131654,-0.0021225838586285
-0.012818019365415,0.047742083708785,-0.073872861240858,0.00358434153554401
0.0887317764942346,0.0406408820818915,-0.0572399748519308,0.00576343603275017
0.139075646392189,-0.00371056001867896,-0.0155231816204325,0.00484806296089167
0.0352107185046347,-0.0582663843396381,0.0155539124392387,0.00161588556801462
-0.113022341515016,-0.0856337995095871,0.0320979985612434,-0.00153544482259418
-0.146063004294941,-0.0668267314548504,0.0313035300712083,-0.0014495750013856
-0.107477901337673,-0.0338924144276554,0.0207257101096893,0.00132939322631494
-0.0947865066641002,-0.0275182309759712,0.0134185344438526,0.00368541943365735
-0.0777107800366247,-0.0326384659831689,0.0105873386118568,0.00397835474428107
-0.00839501413535997,-0.0143872915313126,-0.00208460857282249,0.00286330735483406
0.0690167148809662,0.0189229275777945,-0.0340467238644754,0.00130249895677305
0.0952439063953527,0.0323108168851752,-0.0592442869245289,-0.00131363212170269
0.0712816469930561,0.0170392549031625,-0.0522432671154663,-0.00532338992594213
0.0241743037277647,-0.00427549046960322,-0.0308465372917611,-0.00897190513079539
-0.0148088756667878,-0.0167438558706735,-0.0183587788837197,-0.0105098941537162
-0.0234266785683105,-0.0221342968905795,-0.0154365047027743,-0.00982659689594594
-0.0084609855266537,-0.0230171879939958,-0.0136564910733537,-0.00787380116597633
0.00710370986358191,-0.0226666078197488,-0.0126177644608155,-0.00562782612805326
0.00455335540095463,-0.020937618102418,-0.0147393354176151,-0.00339231072314689
-0.0224224978726922,-0.0116131779791793,-0.0173790110386421,-0.000888832128056859
-0.0593285596490999,-0.000236627121110132,-0.0257475337038208,0.00195597373553824
-0.0689275616008421,0.00697567605071689,-0.0342841160565116,0.00495994502472111
-0.0444930791039722,0.0197576500644286,-0.028354027583284,0.0080111694191022
-0.0240210829657261,0.0345798475369539,-0.0133302841069349,0.009841670067604
-0.0252952257863664,0.0359850744992075,0.000776639463837509,0.00833387475437325
-0.0343926161810655,0.0210825051942861,0.00755925264601544,0.00357169733130662
-0.0416465372910749,0.00562324408995074,0.00500801211765371,-0.0021432625294745
-0.0496746999263043,0.0180624973868197,-0.000114078678614446,-0.00640093572862761
-0.0543696971176678,0.0548686171546037,-0.0104691439411626,-0.00759534713450592
-0.040746568977285,0.0675731044682846,-0.0367457360385439,-0.00637948323127173
-0.0206019745260391,0.0417860860110645,-0.0675722674883074,-0.00521283090425162
-0.0228724122451119,0.0224745394600398,-0.069573866139136,-0.00507438635438252
-0.0434462831506831,0.0198644438226798,-0.0363943480415186,-0.00432156208940362
-0.0566318287373567,0.00819214530952107,0.00307503537824436,-0.00184964384288324
-0.0174845875635134,-0.0123020754683191,0.0276970110918397,0.000874836600625323
0.0743670780507022,-0.0423325015706744,0.0390888913165797,0.00226929711284116
0.119273910720721,-0.0613993986568356,0.0567374772128742,0.00233371221679859
0.0787394652276596,-0.0369515336881921,0.0776201416360566,0.00179359893404094
0.0304363614653391,0.00508757332715217,0.0729791561049182,0.00152393002432214
0.0221401368055206,0.0241091945270533,0.0519652602154364,0.0027867334472801
0.0403348581372173,0.0205179946239743,0.0442939286465347,0.00626020195746368
0.0322034856192353,0.0114625659594155,0.0495299645842357,0.0110274044907704
-0.0321188573115781,-0.00621490355960652,0.0493760056769251,0.0150024057105857
-0.0809389188742151,-0.0374513954547669,0.0390248233643702,0.0150742250525273
-0.0646555688665211,-0.0457711938789773,0.036146018995599,0.00938129747129319
-0.0299165696558617,0.00639068190545999,0.0481736539139188,0.000629603230926708
-0.0249830652219684,0.0669653120017727,0.0574836148558383,-0.00602643737931669
-0.0518766317592159,0.0510483633694923,0.0520282677803338,-0.00827427554816114
-0.073178997219192,0.0178277589861933,0.0294790144562876,-0.0068450619318291
-0.0362284971927576,0.068847770808754,-0.0110819509983575,-0.00301458805471176
0.0508811173672353,0.131173266537648,-0.0497407271742488,0.00104348231413083
0.0865050855197457,0.112697918751195,-0.0531181048842677,0.00306173411347198
0.044562760184336,0.0562815443103723,-0.0235315844279652,0.00315593900999604
0.0207872832644966,0.0053473626800095,0.00724172376549075,0.00282547420775987
0.0435341231326702,-0.0567224651118865,0.0256923293241208,0.000853343853113638
0.0582785847081311,-0.107013411431929,0.0355423309858066,-0.0051609233644033
0.0512290375348729,-0.0893798962685829,0.0361535764469015,-0.0113879592572397
0.0462973024347381,-0.027548396764895,0.0318192423508638,-0.0106357703095418
0.0439028086513243,-0.00375256212353425,0.033715775524801,-0.00316884597305801
0.018542885949035,-0.0175061093742406,0.0469316298592434,0.00395127569036086
-0.0375737065991925,0.0126213715032652,0.0654209603837632,0.0067434294953189
-0.0686281799177643,0.0593213362697268,0.0619631371654927,0.00825377932884271
-0.0462613858238814,0.03064213697212,0.0303583149293264,0.0124439575686751
-0.0381726236211618,-0.0381575384349784,0.0118247752592036,0.0169544695575058
-0.0506330758131856,-0.0652632071698744,0.0282024134695949,0.0159018348378026
-0.0225149144359458,-0.0391446781404326,0.0465553827068585,0.00823714877916463
0.0220112978305522,-0.00228387413539469,0.0297315879697239,-0.00123438911871965
0.0313704617873304,0.0118704084525192,-0.00634032655097833,-0.00794983585279492
-0.000244830280478642,-0.00138635099741378,-0.0233621797424767,-0.0115672976881867
-0.0497901585566312,-0.0410637588813358,-0.0256464127404128,-0.0138984889830472
-0.069573900132439,-0.0776647648609179,-0.0341454284080809,-0.0151499122909111
-0.0332919516451372,-0.0867575071966161,-0.0478949805572836,-0.0140049538993745
0.0173311385559804,-0.0879239482082984,-0.0593961989638324,-0.0103380835312326
0.00737115834639156,-0.0773102969511145,-0.0535636003944795,-0.00577815955556461
-0.0682025384126447,-0.0255248016749708,-0.0217180625118165,-0.00175539605334602
-0.133477934614029,0.0435151551931584,0.0051260522840019,0.00150594979527667
-0.12645960983705,0.0770535961541555,0.024205799752445,0.00393161353984993
-0.0464931856790038,0.0639692308469403,0.0715325349345389,0.00506509796536113
0.00939539323352004,0.0335364579618051,0.127307280180502,0.00476672243865873
-0.0569890803694617,0.0164284175578732,0.15317583899602,0.00316145392235797
-0.129171279861633,0.0119089387489799,0.138921689546478,0.000234021673633416
-0.0353984502934168,-0.0094178605254861,0.0879583165593489,-0.00325250708732484
0.144658047966244,-0.0474644747378489,0.0232048700351383,-0.00542001802426656
0.248605028642095,-0.0583648377749887,-0.0313328338265915,-0.00533965739844401
0.292948415758599,-0.0155305173420256,-0.0708641016908081,-0.00369183531614577
0.265141983220431,0.0637902816128902,-0.103320856568429,-0.00102386087536743
0.0442035499642222,0.118656970718075,-0.119502508876588,0.00130959390608059
-0.212450127648844,0.0832733911248455,-0.108976780720837,4.90661645348688e-05
-0.194824877169952,-0.0397139510926965,-0.0862940413262801,-0.00514978693854304
0.0432466159222308,-0.142378888766914,-0.0603281396842101,-0.00937094333489151
0.191987530405086,-0.120885900537747,-0.0378785462109615,-0.00876735367859327
0.0918144259482661,-0.0327458531133297,-0.0211300055752015,-0.00530155868418634
-0.108734692080676,0.00662771387223865,0.00427752510841883,-0.00344529749770043
-0.183270791510627,-0.00849382258046781,0.0440423177822371,-0.00275910814847308
-0.15977675394426,-0.0293326218541374,0.0784019802444067,0.00188157640437205
-0.146541231630889,-0.0363912569292666,0.0840137169655253,0.0110113395264992
-0.0918803355859843,-0.0271193135938771,0.0735923582225304,0.0188625660748677
0.0228149419122189,-0.00562369121067265,0.0679116850106064,0.020717062079143
0.0861663364520647,0.0139131383216649,0.0576019658473867,0.0165225851334821
0.0553389811096181,0.0207110582361139,0.0263055070290421,0.00820645723120406
0.0187687395986731,0.0246862577355658,-0.0236708620818159,-0.00206235337030072
0.0452339103801676,0.0502459843955824,-0.0721298812393288,-0.0111970051817249
0.107843317729534,0.073009385795939,-0.0994566737288501,-0.016183954537557
0.149481461165864,0.0448675456353356,-0.104832303806961,-0.0157556290606665
0.126639784151764,0.00888023597006325,-0.0995309082111744,-0.0109325266057846
0.0594420168244938,0.0178029414166979,-0.0885863948900954,-0.00376315720285062
0.0194858929037516,0.0381768540435444,-0.0729458487519531,0.00374739777475422
0.0394491256390391,0.0324355812545203,-0.0582278369778851,0.00965964668613763
0.0990167070847004,-0.00654072492430952,-0.0478209795558397,0.012271071878588
0.125355697958669,-0.0405591231412119,-0.0336539016000509,0.0108099417413604
0.0807515410923826,-0.0189459547458679,-0.0077546706844307,0.00737335286843674
0.0163661664337862,0.0289413035317033,0.0156268307154568,0.00549283659722939
-0.00954702789881834,0.0537840084762786,0.023251558338595,0.00542658388009471
-0.0159924902428628,0.042962909795909,0.0249775920040124,0.00519062731299924
-0.0491971097447465,0.00548797504306252,0.0298253100572397,0.00440579163253237
-0.0528496517426218,-0.02278178206098,0.0364372566898868,0.00321272578298642
-0.0164885306965346,-0.0287169447015082,0.0475730502920098,0.00109742861534313
-0.0151029037017186,-0.0284013413902967,0.0619001189931088,-0.00171349565696464
-0.0412414150496093,-0.0255782736937189,0.05338111831687,-0.00427337639845092
-0.038514255479691,-0.0344332190772134,0.00354938266230424,-0.00550425555736918
0.0043357118300956,-0.0557693408376416,-0.0584275492299139,-0.00399086812216144
0.0269373980339977,-0.0431254589631172,-0.0929351673198063,0.000243614866860788
0.013436391595248,0.00835184173946499,-0.0943252349137437,0.00422312584968294
0.0150822184900792,0.0446155485267871,-0.0777947347753382,0.0045349027815281
0.0345821651503954,0.0492921247076492,-0.0622848333371458,0.000577315439306812
0.0469209001420837,0.040244531753593,-0.0482521109578433,-0.00470118706874485
0.0338822962124879,0.0238658610074167,-0.0149772594138216,-0.00668573954532035
-0.00885334463739278,0.0142117611308695,0.032322372182402,-0.00237564209478904
-0.0491962981313209,0.0164915198215242,0.0528956317331149,0.0063358302005703
-0.0511903747094177,0.000638953681179647,0.0297089503544965,0.0129371163222088
-0.00890646089778395,-0.025282986201124,-0.00604571603913969,0.0126093976116224
0.0601003903294168,-0.0231022809429385,-0.0299123960481235,0.00729052634194959
0.111322888835218,-0.0138681683898605,-0.0400838709337806,0.00178740703525484
0.100911514029398,-0.0128771473197388,-0.0246274725885277,-0.0025558953739661
0.0440797566927326,-0.00594118246462868,0.0165923767126459,-0.0070687491806232
-0.0131215231133194,-0.0130770170601405,0.0560950132174114,-0.0117682100393303
-0.0501303318796415,-0.0380453689174471,0.0739833172142961,-0.0149577361720281
-0.0655013315189934,-0.0447406067489251,0.075119548525155,-0.0151023819642359
-0.0552795766980782,-0.0221096494923449,0.0695785496166934,-0.0116424363397813
-0.0278200429321802,0.00532312349029059,0.0558509828085728,-0.00504168981188406
-0.0171961598537064,0.011132787670887,0.015353388353482,0.0026378894010664
-0.0190719495476624,-0.0147848513270055,-0.0486118917408635,0.00805107854058249
-0.0047193940477529,-0.0452519261327107,-0.0745112701781707,0.00888680127004634
-0.0174145868961272,-0.0330896374350885,-0.0359827608909386,0.00590121526915986
-0.0706517865599536,0.0126652075442702,-0.00359276681762737,0.00162724316678854
-0.0770051691854636,0.0330268755265161,-0.0174367704224994,-0.00203541586628004
-0.0124254466970818,0.0140645055778562,-0.0309736071719189,-0.00408507905795911
0.0394223687036116,0.0083487658017972,-0.0291289036704174,-0.00464871342524793
0.0311709052395035,0.0487995780830655,-0.0279038839384161,-0.00546744628286208
-0.0028592367956309,0.101194277593953,-0.0142855853844651,-0.00742773210749686
-0.0213485363857617,0.127848718164415,0.00117648253640192,-0.00869926384961951
0.00522585481803867,0.126080975344901,-0.00735142522080175,-0.0077770707960471
0.0814186257081714,0.100265892153758,-0.0153096981495809,-0.00565662875146589
0.142658330631591,0.0372711986785413,0.00680698277276025,-0.00349437063766479
0.130111078888458,-0.0466228969584326,0.0337260588985304,-0.000798765596235155
0.0439042344535161,-0.088682114095147,0.032274849579612,0.00265844583803856
-0.0703623345536474,-0.0876334443724025,0.0148133687344291,0.00559878026832168
-0.123945196286737,-0.0841873035809974,0.0143521258970659,0.00724569702211914
-0.0984102024173745,-0.075847117867208,0.0235091115373172,0.00836415887716364
-0.0554434411983657,-0.054170779466378,0.00973810178072351,0.00914263545769967
-0.0367639654890508,-0.0201029980316131,-0.0171443592686118,0.00802631032947694
-0.0534038225009781,0.0167371397221149,-0.0287961195213574,0.00445345663647368
-0.0736762108412323,0.0452113403007783,-0.0262789761575602,-0.000360412215438123
-0.0346956183537636,0.0530183372322131,-0.0338620749540089,-0.00521124320395953
0.075430495303227,0.0305822446547196,-0.0649819452934845,-0.00932093675088307
0.131389845699129,0.00333022737302338,-0.0894145461011734,-0.0126699961651977
0.0111659749535958,-0.00802836165089971,-0.0745860849054192,-0.014898159115161
-0.146082082289265,-0.00125500012749864,-0.0358596819817402,-0.0143046761662665
-0.115991648265693,0.0175318030437619,-0.00791643416551749,-0.0090519599856994
0.0401210196254053,0.0146674077663166,0.000888669156311653,0.000918485021398109
0.098737278190965,-0.00903626120887298,0.00107173973646884,0.0115775253095905
0.039832699753911,-0.0089201680743459,0.0109291903057847,0.0171407185454791
-0.0139799238844673,0.0182183055665856,0.0416371332549036,0.0161460698704489
-0.0387525525396766,0.043490502573512,0.0683927579897586,0.0115964653953903
-0.0582296698347353,0.0524803910467055,0.0694094266363728,0.00683045718786605
-0.0611615578869327,0.0404922433981504,0.0528903956445562,0.00341364661921227
-0.0458840266616055,0.0164676925981301,0.0263431407443869,0.00110063326647698
-0.0201909204643981,-0.00360740470297826,-0.00645691612721602,-0.000285214420944175
0.0012223615095499,-0.0109390234851497,-0.0391910911188236,-6.57800470723648e-05
0.00165702622460252,-0.0112856534710479,-0.0624333740577694,0.00148947589288338
0.00227445520339599,-0.021604471682709,-0.0688453343566343,0.0032709586098536
0.0123571555942619,-0.0349774615982649,-0.0617573396013986,0.00425067695881828
-0.0104587669355574,-0.0355517802276831,-0.0439425618230954,0.00348079078922945
-0.0604679538917483,-0.0305740449218765,-0.0255435775453226,0.00133956856346704
-0.0676948943065179,-0.0223672062726968,-0.0208109145807715,-0.00085832772241161
-0.00206558827449396,-0.0138788756237574,-0.0209606278431878,-0.00279605955487205
0.0981806491528755,-0.0232846196199039,-0.00876206904517577,-0.00545515112500946
0.13181965793894,-0.0392450548007532,0.0148411440501973,-0.00952990691763235
0.0580864818142756,-0.0318257041043527,0.0306813657449784,-0.0125265829208892
-0.0184772544651216,-0.0115520662203261,0.024650105333324,-0.0101849254070731
-0.0226669777573141,0.00163313809950469,0.0121482111358041,-0.00219423316952661
0.00615396673127908,0.012704235747935,0.0189365005758833,0.00682275257789557
-0.00255034664365858,0.0197397052369658,0.0452744456970804,0.0111268382949348
-0.0409448826331144,0.00992940920578908,0.0684196015120317,0.00786721325964981
-0.0246222251786201,-0.00461906905117373,0.0624312202682432,1.98719308061451e-05
0.0446680865169096,-0.00877644470273778,0.0201710793934498,-0.00484296303908371
0.0462482050295378,-0.0133078389784668,-0.0267839664173531,-0.00092358680227114
-0.0532991562463645,-0.0130209423263602,-0.0390920753071965,0.00916597546031818
-0.122593128047267,0.00121274602492259,-0.020216180806096,0.0166117230926574
-0.0922260249860202,0.0207019212532192,-0.00427280018644175,0.0159341724460968
-0.0358154309291407,0.0160728880997783,-0.0116567409081557,0.00881335519925521
-0.0194514471248547,-0.0329434935851426,-0.0281837870798221,0.0004437536775963
-0.0251847881737183,-0.0709938616019219,-0.0256139613278789,-0.00551370202429263
-0.00816025580594648,-0.0514808343837869,-0.00356771623372813,-0.00840535058761611
0.0237966944922439,-0.01455044934875,0.0130499569972926,-0.00866804872577315
0.0300859427139415,0.00618626163868578,0.00353319423997806,-0.00767291772638056
-0.00143542962522413,0.0229638125360657,-0.0288562836607861,-0.0077211934245284
-0.046843511227242,0.0357094674891072,-0.0490070758213936,-0.00974551521872748
-0.0739288711517538,0.0307500965976773,-0.0325127370760325,-0.0120323201739835
-0.0729133304783436,0.000492108722026124,0.00100976343208002,-0.0122606974559844
-0.0567944984105609,-0.0475523603610455,0.0261925587735991,-0.0101589256153382
-0.0296844982525272,-0.0593647408867102,0.0415263637094742,-0.00647705531742861
0.0157728541152885,-0.00573412284288832,0.0484870828721688,-0.00155112787611643
0.062678889390676,0.0362968160240036,0.0378305856248948,0.00361716564576649
0.0916270349099242,0.0264631295193101,0.0215358930422162,0.00775251177848535
0.0817898680109575,0.0278335589618168,0.0305991936808499,0.0102665764879779
0.00258841121020446,0.0544827981781343,0.0614098751517963,0.0109311221191377
-0.0909719779369842,0.0699581485191231,0.0851337400139141,0.0101482210906892
-0.142370300139871,0.0443702287382592,0.094227646062639,0.00912080715490837
-0.156872602013895,-0.0367568153411278,0.0929010248272469,0.00785198585886397
-0.0751826298698421,-0.0958506666671798,0.0723820729206197,0.00488118946641297
0.0900658446991471,-0.0645169419302809,0.0301981431529639,0.000302907220297834
0.168518618352154,-0.0131444203996373,-0.00817338844724667,-0.00417083561561824
0.104752485929256,0.00258504462414792,-0.0213052084528386,-0.00694508701455024
0.012175737524367,-0.000683471419596968,-0.0308263103491884,-0.00707291601545929
-0.0430803986025649,-0.0410437022177408,-0.0627519135483014,-0.00520585367792278
-0.0630527306330835,-0.108962327104988,-0.0890786801662012,-0.00322708197471787
-0.0398521965799377,-0.117857773635767,-0.0672415435821279,-0.00221714434874224
0.0216280162967815,-0.0487561915612127,-0.00718606811110942,-0.00153297224897258
0.0653351107820728,0.0185750652797853,0.0478277026583257,-0.000882242680092566
0.0526292587235558,0.0445953130698552,0.0710263329136257,-0.00167672002040295
0.0246090664558148,0.0506553258465232,0.0712006584361687,-0.00406631579394549
0.00282893001218872,0.0585026585713702,0.0616425262529342,-0.00617074912705066
-0.0273736301126521,0.0724896929100252,0.0327012944382073,-0.00652042246184397
-0.05541148934606,0.0720304742343954,-0.0106586902102403,-0.0047318091580047
-0.0556627607919581,0.0506467504897708,-0.0513606754024084,-0.00153689049312067
-0.00898687725822121,0.0421959532714418,-0.0783273811131724,0.00235620821768891
0.0496058608728967,0.0397656942553831,-0.0743503380223495,0.00654868079223933
0.0729194065239387,-0.00274405384696411,-0.0464523206190538,0.00926578747987639
0.088225633561155,-0.0652774605729406,-0.0183719040256031,0.00868549135855457
0.0889190577916951,-0.089959026408362,0.0111220361280695,0.00568378519382617
0.0218643639055173,-0.0722860993730488,0.0448659150159383,0.00269822517755134
-0.00723105459013738,-0.0469868971165862,0.0602175751619778,0.000939072208366783
0.0920956916334206,-0.0361685357166599,0.0501998274886801,0.000950277243261296
0.146721527534505,-0.0383616861404865,0.0395754707389926,0.00266174780060728
0.0433270910786182,-0.0290345632980605,0.0325150067718837,0.00371223265325066
-0.0617783405471427,0.00832251630595342,0.0109428733057605,0.00263191378879299
-0.0454573468772124,0.0472055110358598,-0.0231455502908042,0.0010514366261117
0.0143055217438229,0.0604579262742564,-0.0474705891745941,-8.38682797516966e-05
0.0317241233027584,0.0562541072260156,-0.0531977087453431,-0.00105526243344721
0.0363054013654712,0.0546962037716186,-0.0482481428861107,-0.00145976234603438
0.049868459794439,0.0586305269524625,-0.0369791716262972,-0.00160456762327365
0.0550775367130755,0.0446399972338039,-0.0218241526249761,-0.00317285203108149
0.052853492923429,0.00886293095771144,-0.00690969364423943,-0.0065610465106911
0.0444518068952614,-0.0129286790369805,0.00456235371062506,-0.00915565357155602
0.0291160525470572,-0.00735970472539144,0.0152461858140464,-0.00871346906713541
-0.0131472847018042,0.00845292378123805,0.0301441585097136,-0.00650274650961173
-0.0711323048386891,0.0232479151135951,0.042629915496189,-0.00441711723517748
-0.0854729374700655,0.0238032852441249,0.0365638539533864,-0.00193626488781746
-0.0446434779265663,-0.00392973781652807,0.0125744291154547,0.00160851811895084
0.0538109781255515,-0.0478735598961865,-0.0132359340718258,0.00503341316346821
0.153313427865052,-0.0695253060416415,-0.0387846181088844,0.00724397951295445
0.0992563429381044,-0.0434248890859315,-0.0622621421743989,0.00756101477833613
-0.053812212254623,0.0136392171264336,-0.068217979756768,0.00454922112531149
-0.0817404285057449,0.0628942899210977,-0.0484175222342569,-0.000396990493229828
-0.0160302191370612,0.087178759778799,-0.0124929250751418,-0.00186788269292041
-0.0241681543837341,0.0888392872458088,0.0236197384427979,0.00239010269395157
-0.0724241697537063,0.0588702210831281,0.0480576153104151,0.00835320192978626
-0.0601901881763292,0.00345977381367772,0.0455995705772194,0.0101853792346744
-0.0130343417452622,-0.0247166747129624,0.0179303690442375,0.004783081101667
-0.00500119038226596,-0.00929044840155211,-0.0097833108317243,-0.0051685904450229
-0.0530829965253672,-0.0128733088812522,-0.0164222713590871,-0.0130652979247293
-0.102144211713465,-0.0364701933966407,-0.00221923882245999,-0.0147387856421142
-0.0858584516720563,-0.0180904391592347,0.0134462271751482,-0.010937872482497
-0.0286936421819447,0.0193216459373485,0.0131269209376649,-0.0050317146394509
0.0178688301909205,0.0143633110808258,-0.00135644236054485,0.000153181540720776
0.0550296682371259,-0.0270341536438591,-0.00805614716982603,0.00397317307446815
0.0580132914887437,-0.0588429019668026,0.00459656958281033,0.00665276676874673
0.0212381512727954,-0.0569495029930419,0.0292940825976945,0.00769536087188147
-0.0163037650918864,-0.0334750038866008,0.0530081953226428,0.00648987326033761
-0.0493614343002364,-0.0187613552591929,0.0626946183390472,0.00363721666007563
-0.072298705644596,-0.0301794193027049,0.0600786452807304,0.000657704531700012
-0.0640635656285097,-0.0483448266367261,0.0505024630057605,-0.00170543703851688
-5.01244666353817e-05,-0.0409491244968579,0.0215431837777761,-0.00359231615319526
0.120206837379263,0.000681002099400418,-0.0268565580620725,-0.00487799988054916
0.191068409868839,0.0538117445099976,-0.0566674093200255,-0.00550258813722974
0.134455579007137,0.0840283746983433,-0.0482353083222658,-0.00612182560668583
0.0398991092093057,0.0802437696929817,-0.0176659676411258,-0.0072806815387426
-0.0122917474414442,0.0591550393257661,0.013038163125348,-0.00792257527529401
-0.0467457125227047,0.0474135118262468,0.0197467194841241,-0.0063496543378153
-0.0873459197419625,0.0490972623928869,0.00234473379782683,-0.00206230812914333
-0.120130989757738,0.0219183468299133,-0.0212237491721887,0.00456407645295915
-0.114600054600507,-0.0411752841006338,-0.033597342441007,0.0119109435399018
-0.0624796011543018,-0.0744599637731265,-0.021638571603138,0.0166552228114977
-0.0145659411480927,-0.0559276892815109,0.00366412652234552,0.0158675142408276
-0.00270715799471343,-0.0316003452925877,0.014511075252546,0.00984548985525243
0.00239218610595724,-0.0344978677486842,0.00169616325615518,0.00199071980177113
0.0194662851296983,-0.0585701916544875,-0.0181314662952567,-0.00484692878343503
0.0402805549045343,-0.081158484657602,-0.0209262947359156,-0.0103320694772655
0.0448266349234518,-0.0912239531832837,0.00317413326986241,-0.0146282698169637
0.0239479548082167,-0.088157405222989,0.0273378686232013,-0.0167314354046106
0.00658975388921565,-0.0668913026457713,0.0235784209664414,-0.0152603585373178
0.019463842088293,-0.0143628706369556,0.00849171789047989,-0.00968450698173134
0.0412459076316435,0.045577185512008,0.00192525405425479,-0.00105178301637857
0.0383033530039494,0.0581392709133915,-0.0150456627692031,0.00734126906248072
0.0221796204283036,0.0449564422485967,-0.0417380644454905,0.0119618955199229
0.0156078548927032,0.060407760607948,-0.0474526418726584,0.012690653480612
0.0151893872242288,0.0886966346964342,-0.0422829764912667,0.0114776805954668
0.0360800610446237,0.0901280985639683,-0.0492346865558544,0.00907182886995458
0.0850954266464898,0.0583088098840471,-0.056148862069424,0.0057502518508095
0.114884737513587,0.013080306820048,-0.0435061022759497,0.00270928084607042
0.0797837350657824,-0.0214219705693342,-0.00713785549842382,0.00115873691580842
-0.0211869846595085,-0.0413268888447288,0.0332874906512761,0.000861988298683241
-0.115393439814981,-0.0569270269761572,0.05213930664295,-0.000395132490585439
-0.131195387983135,-0.0491599574313619,0.0560083512399507,-0.00474703957452994
-0.121776668450878,0.000420311186031766,0.0625173006340549,-0.00929198227277071
-0.117982500089242,0.0514289342788761,0.0564758031522477,-0.00804857719520853
-0.0458178535095511,0.0406294642190783,0.0133286254106772,-0.00168459639468817
0.075535861983958,-0.0158257816082597,-0.0403974754915392,0.00214687933283652
0.124356217093451,-0.0457877949033375,-0.0560378044741928,-0.00023801168510609
0.108513748087617,-0.0451613362329775,-0.0273068539210364,-0.0042853714708958
0.109458820511022,-0.0565650041892373,0.0209246526699175,-0.00558821066615163
0.0670003518938438,-0.0692077470582624,0.0566387206829332,-0.00457222507666057
-0.0134451562477274,-0.0288539521625798,0.0572399830352095,-0.00236003235698963
-0.00675164134163773,0.0556886144370787,0.0193896582562767,0.00065118511220824
0.0464438359798322,0.108059324169301,-0.0343484066701109,0.00344891508973532
0.0303135766390733,0.0886406723305325,-0.0729491658182849,0.00527231959701618
-0.0409637485391583,0.0450925672278488,-0.0923413831761096,0.00602805900081787
-0.0964159099674999,0.0494721548482847,-0.0929683241738469,0.00530905890051765
-0.132895860554127,0.092335737252948,-0.0702038950654084,0.00342979973396908
-0.166039297735801,0.108071793695767,-0.0404136380526991,0.00235240683921258
-0.150717651090597,0.0690890958525899,-0.0227489055309855,0.00359973303463393
-0.0702573569476578,0.00242771929456773,-0.00813523849611118,0.00626139127019715
0.00265417644726904,-0.040859366361958,0.0145195977507401,0.00795790138284148
0.0493321908355027,-0.0459769574777868,0.0237198101179664,0.00732962455019879
0.116549258562982,-0.0588182963028098,0.0144850393103311,0.00516605223282471
0.151069443260955,-0.0951822629500496,0.0132821497743433,0.00300333184908339
0.0917419530826176,-0.0980977204439512,0.02526019577648,0.00104894260611804
-0.0132773920793464,-0.038016738058781,0.0397288078432682,-0.00142317414057242
-0.0914329192360495,0.0368679034658841,0.0526012854026145,-0.00484680946053184
-0.104130014295696,0.0796939290810866,0.0655592360040057,-0.00870535320874524
-0.0696491267835484,0.0954168652331183,0.0776000178747068,-0.0103176608780572
-0.0129711494600044,0.10464548865261,0.0820690986126815,-0.00712296997639924
0.0729705992809202,0.1211223550904,0.068951926374194,-0.000745123660825463
0.150961479172096,0.140225208101102,0.0268896097458576,0.00445403656628137
0.155592669608314,0.137121598069322,-0.0294257558629899,0.00557731035663351
0.0645923874168677,0.0941664055507222,-0.0669432074521141,0.00303991958879021
-0.0883209369210112,0.00189482078454939,-0.0822106085090952,-0.000300766728018858
-0.243631584843944,-0.0931275022060965,-0.077290210628397,-0.00221642448741305
-0.312887989966774,-0.0932086736171896,-0.050094116688014,-0.00317107629089009
-0.225723867633492,-0.00918244114830059,-0.0296742781899465,-0.00386128391698376
-0.0739313876745609,0.0597467976037399,-0.0337773737682481,-0.00283522910548299
0.0134887639837138,0.0871347720884536,-0.0353869641928902,0.000923546130559835
0.0477348390588017,0.0975181040871833,-0.0141107231067403,0.00537598558427654
0.0658938209955651,0.0864051542314708,-0.000352927971307322,0.00714396295445303
0.0722289195223904,0.0533110473704639,-0.00726321687542699,0.00482354455685741
0.0726392634243999,0.036725135556431,0.00305102542612026,0.000907101468970636
0.0469859578052507,0.0437781141937069,0.0308806509057295,-0.000715266022641078
0.0117308407037372,0.021676586712581,0.0448447115585364,-5.66856043620194e-05
0.0372709192407789,-0.0361054211974042,0.0455378231190907,-7.04625768299908e-05
0.086941999503698,-0.07113401053935,0.0493874690842548,-0.00159886382893255
0.0637618599775644,-0.0647659381002735,0.063598685650586,-0.00303658241174977
0.0272185617289397,-0.0521609159651182,0.0706673190842422,-0.00307912096016146
0.0608938808651407,-0.0506666947473258,0.0428058005853093,-0.00169450002048856
0.0990868860163824,-0.0351252535345141,-0.00491043326096331,0.00106511377350736
0.0588973367753747,0.00140095318289234,-0.0372627480373552,0.00509314575301005
-0.0518743942465242,0.0247859710099201,-0.04574115711392,0.00925550890382817
-0.146889352204477,0.0228059697792563,-0.0390038109600191,0.0115632334159516
-0.155822060298759,0.011948815223035,-0.0321886903276585,0.0094030521425977
-0.0964172964650722,0.00632871358467897,-0.0293504792489337,0.00176833769131005
-0.0210141357387926,0.0157385484894099,-0.0260253070889221,-0.00816512582804961
0.0125135148379216,0.0227424080551464,-0.0249376243127043,-0.0154273482004565
-0.0138964545347567,0.00908497041244365,-0.0176314735452732,-0.0181533380760987
-0.0271027718290517,-0.00616859685946863,0.00342230101831752,-0.018091477685425
0.022640442808702,-0.0095654085834144,0.0194984762664001,-0.0164170292857666
0.067246142083689,-0.0049613499272255,0.0178283015832869,-0.0120793297537544
0.041918357988922,0.00844120017703838,0.0103279082645837,-0.00490517108569775
0.00165098677753164,0.0202941284078344,0.00461103855257407,0.00237307802575522
0.0211443616726799,0.00630549176538392,-0.00486955529648315,0.00721161499891734
0.0665751982485224,-0.0348120102868478,-0.0144041053513209,0.00932549679833796
0.0943661342771771,-0.077029750422127,-0.012078532225426,0.00945416661971693
0.127725248419623,-0.092977772188534,0.000499088867115511,0.00915058172242687
0.150843985218927,-0.0788205598918191,0.00939074044446586,0.00922655094520402
0.110951338974838,-0.0619003514170919,0.00652379889393029,0.00815400200716309
0.0396943975979314,-0.0564136972441265,0.00178226394334446,0.00441456141411694
-0.00285854229553835,-0.0437036650382708,0.00715665128185506,-0.000997076683323352
-0.0243506121192998,-0.0153174495954088,0.0176536209630008,-0.00525195441394974
-0.0116566283328805,-0.000969466108930776,0.0207514293294906,-0.00623250156861029
0.00542347562482753,-0.0209732911371809,0.0168663373049468,-0.00442155842004444
-0.0153172714136598,-0.0349205663138545,0.0171321218705997,-0.0019987804130759
-0.0111706264008798,-0.018815031659059,0.0115813151035434,-0.000155342657904003
0.0449477992383974,-0.00688559688331097,-0.0141568728796177,0.00140658268945483
0.0895552157924222,-0.0154664198393245,-0.0387181018755787,0.00242336212042459
0.0410016973632953,-0.0328768448701265,-0.0331523511372148,0.00163865876674745
-0.0579914663218501,-0.0426261671917235,-0.00225203130287192,-0.00149470114871659
-0.0806921198704559,-0.0407603073411312,0.0203100301401565,-0.00578112498819235
-0.0333096314680107,-0.0338874197353993,0.0187355173147858,-0.00851418677085386
0.000272093047332653,-0.0378410015789759,0.00845610891744246,-0.00773421578921804
-0.000229015933115709,-0.0609368008704218,0.00773952919054582,-0.00473737352567106
-0.0108147766796935,-0.056289296977788,0.0285514456508412,-0.00211765847967553
-0.0216186793633903,-0.00492428307419705,0.0606722503429088,-0.000384080148087447
-0.036969017878204,0.026040203876872,0.0778882615787663,0.00186619690868265
-0.0370100209892806,-0.00272356845140972,0.0766377980470192,0.00569453768330261
-0.00705418363167845,-0.0429234059258494,0.0860110765196986,0.0107005848894292
0.028504272363716,-0.0572554529721089,0.114391728218491,0.015517953214331
0.0530765608920967,-0.0580978773535551,0.12657206001763,0.0179344950214104
0.0549077369513648,-0.044933959940404,0.0994001738898221,0.016875796361374
0.0378707860958433,-0.0181793449073821,0.0138782588562857,0.0137760077908599
0.0243565658910479,0.0023623730882455,-0.103595469789508,0.00871944100737202
-0.0035601201769375,0.0231106555872679,-0.147984993461574,-2.53690118019803e-05
-0.0340776882413672,0.0627899210618973,-0.113724351171623,-0.0111079591811292
-0.0311493867822565,0.089584976954044,-0.0950155377966274,-0.019270937126301
-0.0227742230281851,0.0642190822454603,-0.085228646923357,-0.020240027445412
-0.0263866426927687,0.0193285508541248,-0.024685785584787,-0.0140686441107709
-0.00813801048632587,0.0018856286025114,0.0599789808991545,-0.00342938039807147
0.0414770908142046,-0.00460261044938579,0.107278370972373,0.00687525821153674
0.0739026057445444,-0.0260234467186003,0.114094898895189,0.01143258264564
0.0116885731741604,-0.0442705503216845,0.098889837429532,0.00965243429346635
-0.13292397814086,-0.0461105950549732,0.056287648608386,0.00541724506421676
-0.214096481026128,-0.0454564713785035,-0.0105927201506291,0.00245557371899733
-0.16042451588974,-0.0470303956896272,-0.0734227825637725,0.00255151848028499
-0.0574241413003654,-0.0475838409849756,-0.101186477269987,0.00480566150905614
0.0156617293952481,-0.0457824539869924,-0.0924774986509139,0.0060677673446579
0.0662591450797364,-0.0326681817694477,-0.0619008780453532,0.00281155356353661
0.118710875918388,0.00142778581100699,-0.0270796676400176,-0.0058471676495112
0.143124822121861,0.0398856434289533,-0.00575668753505727,-0.0154934083219163
0.104644852772959,0.0647751359431775,0.00588456051593531,-0.0206021060450692
0.0274846440744504,0.0828016731294969,0.0174338111469232,-0.0205116144097461
-0.0553909769484575,0.0964502362977203,0.031021435873228,-0.0173901068989585
-0.115818870951832,0.10401134605514,0.0408517354429961,-0.0116421070266827
-0.104026952088623,0.101135507169148,0.0352970190507812,-0.00206598496638921
-0.0411282425249146,0.0803699201886166,0.0213379922761868,0.0108098212942904
-0.0215322184635302,0.0297620055883343,0.0156469800500351,0.0230376178041726
-0.00571605499953335,-0.0500715714850801,0.0161142652291767,0.0303247742278549
0.0894901513507277,-0.112215878478041,0.00955013541247339,0.0312219021065917
0.121381530330376,-0.123468539823668,-0.00251698854217125,0.0258013724429524
-0.0118343204509025,-0.116685122400253,-0.00641925564611573,0.0145994157401104
-0.117062137229471,-0.123200361569164,-0.00577443964000444,0.000460443660054689
-0.0464623741646422,-0.11980474363954,-0.0185988144675154,-0.0113255757601508
0.0770416610941202,-0.0794148952155806,-0.0447107096073485,-0.0170584549874646
0.089628956764512,-0.014919523775474,-0.0667969572027275,-0.0183123834505987
-0.00417836691433615,0.0422245331346147,-0.0769170975759502,-0.0200177463152271
-0.0967470319566664,0.082025277041795,-0.0731668303081792,-0.0234705799709616
-0.120523659922845,0.111144360452127,-0.0552462948045572,-0.0234952862843485
-0.0778996871244367,0.114345183049166,-0.0340379228626728,-0.0166023830555404
-0.00572005261744352,0.0918936666196421,-0.0156853477103601,-0.00678424121543731
0.0550967095246131,0.0742761314146563,-0.000148583661852129,0.000894669882556959
0.0646081782108827,0.0787444888038964,0.0127548925537996,0.00530836592191011
0.00625170254202035,0.0900372529120947,0.0309815210932368,0.00675279661132213
-0.0388378226776274,0.0814746697680244,0.0404017660218133,0.00579393944739994
0.0143002012719126,0.059007910471743,0.0241208456655228,0.00402426824392564
0.0847022753909085,0.0134131418135005,-0.00806885590601153,0.00207132636957685
0.0670268067822397,-0.0734244012513054,-0.0442327880631423,-0.000387677558224617
0.0157741256180372,-0.138444301674222,-0.0613488233814095,-0.00194643039111087
0.0166022767504617,-0.11794809985371,-0.041277069553295,-0.000799065309097214
0.0389205937142333,-0.0536872510544673,0.00420843176849639,0.0027120660495278
0.0215346777165489,-0.0161679863484495,0.0516356986438637,0.00671914700060418
-0.0275511463845343,-0.0219688110955894,0.084618439038155,0.00949963255510294
-0.0630306089707678,-0.0498919690248201,0.0998180470760198,0.0102316835139491
-0.0926210077357421,-0.0577917303706262,0.0995899864951397,0.00950280267163151
-0.123251366404828,-0.0316346811568211,0.0870541373017491,0.0082807703221069
-0.0803422228528394,-0.0115924378696078,0.0634233210579497,0.00682830768422294
0.0335943961420048,-0.0236824834478315,0.0297505081829737,0.00618012226228834
0.0998832806883146,-0.037436677952613,-0.00963957998660156,0.00679317808343135
0.0586587192990189,-0.0194238482481419,-0.0516835883955017,0.00586709197273618
-0.0283923838451384,-0.00538937737017564,-0.0876192707988699,0.000226834797909369
-0.072321064002348,-0.0204336097698274,-0.104006792957615,-0.00953367846531064
-0.060774221052708,-0.0127835812873324,-0.099003775938682,-0.018695095672191
-0.0232937673228104,0.0300554088163221,-0.0848091437773873,-0.0220246668377565
0.018941742141615,0.0599129547144684,-0.0667760130579965,-0.0182171105568942
0.0471199117678481,0.0660820489904071,-0.0348718205688704,-0.00971482553400514
0.0615710629598926,0.0647493738618265,0.00128794011201093,-0.000250224154526343
0.0535740651511626,0.0492962084021149,0.0152306789805858,0.00645745717121175
-0.010642860069514,0.0226391413560266,0.00793565873047434,0.00844994024104543
-0.122430651112029,0.0159766293387819,0.00703128244587143,0.00685623529863032
-0.200958240060908,0.0354516195572897,0.0207607431391648,0.00474216056223396
-0.18720992317978,0.0321585584768622,0.0224831730828614,0.00452944403519222
-0.118120973694654,-0.0184372268839057,0.00812334893084497,0.00574301045217695
-0.0499311787244286,-0.0514744904584809,0.00441113688400711,0.00620582516935297
-0.00818428605159172,-0.0270572589807083,0.0101944634446183,0.0053527597899322
-0.011859720272942,-0.00957995517271456,0.00686097684610072,0.00367802994844155
-0.0311684332199896,-0.0475223206962229,-0.000291322071501217,0.001544617559975
-0.000341663973406903,-0.0906176592272853,-0.00521249347298216,-0.000339317590960806
0.072465620993593,-0.0931312412079863,-0.0224357720776317,-0.00129876330569118
0.132771575021147,-0.0838411022055633,-0.0399668664991941,-0.00125755802884103
0.127287672007735,-0.0678273243662623,-0.0221934872637878,-0.000992532271196706
0.0376940296248224,-0.0289209557376265,0.00933484946794769,-0.00189108341695178
-0.0281701000889639,0.0189041085730023,-0.000311337478860019,-0.00431148932695601
0.0125889415285255,0.0766802232473223,-0.0404758488510847,-0.0058043636517955
0.0541933821506295,0.128856735553277,-0.0605690077596786,-0.00373114513017969
0.00538670257146996,0.122395997896326,-0.0501171115523433,0.000762427343702534
-0.0606523377604638,0.0615988339639613,-0.0337041086178365,0.00366787767512685
-0.0715320259265477,0.00631630202023271,-0.0264316036715717,0.00222577707727801
-0.0358219031436884,-0.0207787234576266,-0.0187572982982222,-0.00172211764778484
0.00807973131289098,-0.0281573900497814,-0.00679844796192452,-0.00353756927597127
0.0290058967131056,-0.0240446052027331,-0.00205351280218771,-0.00146198933513693
0.0179251545732851,-0.0167806016913792,-0.00344518144000722,0.00206945088254876
-0.0237685289814221,-0.0206289416797886,-0.00135374290786332,0.00432028875201354
-0.0680006661712807,-0.0224821966544639,0.00420945107980365,0.00507828686015905
-0.061443955199489,0.00173188965790689,0.00249165184199899,0.00593671949144929
0.0368199582945787,0.0258255990376312,-0.0111277696858384,0.00738428494682458
0.171585421620097,0.0290933429098526,-0.0192216657840844,0.00723316778898836
0.231224906945013,0.0344911826445372,-0.00908284660381763,0.00331319066928102
0.166011439513449,0.0444685867890074,0.00817151759744543,-0.00344605091650619
0.0252369304436558,0.0309943104555646,0.0173495303866657,-0.00984258951750132
-0.108284646735262,0.00644343881465942,0.0214274047048074,-0.0132051588813783
-0.17234732974143,0.00735224970497629,0.0299308025635683,-0.013798321681286
-0.0881971020194337,0.025699189331731,0.0365076623284594,-0.0133413083956826
0.0858723589113193,0.0313865117406765,0.0396703108228606,-0.0109676673492064
0.189193706709916,0.0182929007644515,0.0517944434495798,-0.00488036946617617
0.182274709402338,-0.000635989753167504,0.0655029183808385,0.00332626095033554
0.106743738249038,-0.0225495678883246,0.0620652159283237,0.00953313637093529
0.0450894512637276,-0.0547041995540788,0.0499752612922606,0.011520332563467
0.0206865539879623,-0.0772831860961022,0.0452679501206769,0.0103236912854432
-0.0228071320060948,-0.0670454272371694,0.0372875577197726,0.00776919152056582
-0.0600000799257738,-0.0458672115039704,0.0189814687346165,0.00546770245460346
-0.0670816813937363,-0.0308002840987215,0.0093364721743074,0.00435026482325406
-0.0908426873319295,-0.00450552631518625,0.0135362120544578,0.00344981855523674
-0.127631601535647,0.0357280477135714,0.0077720896563996,0.00136722921363198
-0.0834800798833149,0.0645698788814399,-0.0367887129615357,-0.000804399792436169
0.107316032835908,0.0593780420220656,-0.111389049212333,-0.000829672967220875
0.297660658568011,0.0319845932629781,-0.152869475120515,0.0006274720461086
0.290423262602548,0.0117126390843637,-0.114955748060889,0.000483834694630536
0.148894919780411,0.00766449325915113,-0.0305567309833624,-0.00266278228938953
0.0424565882560529,0.0115811334450836,0.0414946066900442,-0.00684430144044334
-0.00503701896398262,0.00391985830301283,0.0867350396109362,-0.00915163951772431
-0.0406972656619375,-0.0323561647913879,0.112828428523617,-0.00902195860510153
-0.0652440378002449,-0.0783168832202542,0.110537475970865,-0.00802026172219299
-0.0733594271435687,-0.0777874203037575,0.0718752169755415,-0.00689326950870556
-0.0851128422313579,-0.025385478682339,0.0201254790899963,-0.00484890054147626
-0.106326880198511,0.0176706398595698,-0.00999159290702714,-0.00123554641169293
-0.105848531674332,0.0361830460935584,-0.006557592166043,0.00310852917642372
-0.0484149906853808,0.0516071449368884,0.0197591210266189,0.00602365437116336
0.0426866700943708,0.059340955129882,0.038429979472176,0.00604512179136834
0.097339588416446,0.0573999200254595,0.0263450173386551,0.00443217906344453
0.0735465412120276,0.040166431740906,-0.00180749746554947,0.003171525577257
0.00498650808603664,-0.00318488884933381,-0.0224172578992303,0.00185702310227277
-0.0377340356241638,-0.0517154096926853,-0.034527094832484,-1.37415911766856e-05
-0.0266434700627667,-0.0709742284540776,-0.0440365158668726,-0.00136291285379584
-0.00557812850004399,-0.04985606592119,-0.0473929237710279,-0.00184349446152923
-0.00402668352444382,-0.0183288921104177,-0.0491440694463768,-0.00183949017612167
0.0160010980366157,-0.00317915495514314,-0.0569495033424767,-0.00117157825139979
0.0616377848708356,-0.00186250265490889,-0.0583046256222264,1.28455008347498e-05
0.0825532543457261,-0.00188525815833433,-0.0414792873577546,0.000603045621431882
0.0430387873724497,0.0122836308962168,-0.0175691246765789,-0.000110836731397436
-0.0172672308094539,0.031582384369299,-0.00545645790202207,-0.0014019885453077
-0.0181223901880908,0.0332509295299065,-0.0145407320929885,-0.00196449525772815
-0.0118865834165553,0.0176219620556137,-0.0293884946536936,-0.00143131894053217
-0.0719515821325194,0.00909329278562569,-0.031477436898335,-0.000768630270663225
-0.0932149664126199,0.0176395331717939,-0.0324183408189626,-0.00082470149151909
-0.022770565277339,0.0258484137874439,-0.0438887692317064,-0.00151508121362397
0.0291058865057793,0.0233443346849233,-0.0524871190960722,-0.00227043353209518
0.0112069818536566,0.0174646896280427,-0.0445145760874642,-0.00234375885662419
-0.00995437054567985,0.0169100065457286,-0.0260004833153224,-0.00161043520091242
-0.00316235868761113,0.0170085613098505,-0.00848633806749927,-0.000835132397614595
0.000441611375387244,0.0128408311309699,0.00454089531179103,-0.000651880653868805
0.0062684382561481,0.00767861384079856,0.0119186558781017,-0.000700549828141669
0.0370406918851004,0.00458838867194207,0.0185635469239699,-0.000269340101011164
0.0699826617398015,0.0110036669142976,0.0310209386852443,0.0011663179960849
0.0718387964810055,0.0294568680078196,0.0426157946236638,0.00356536027355626
0.0359350125171833,0.050993474784731,0.0458263708522,0.00543399522118646
-0.0120672415762756,0.0644813467667165,0.0372222620290297,0.00504171122925183
-0.0316887477956126,0.0631876192389031,0.0125608127717539,0.00235107060824154
-0.0242304965174304,0.0486767543517148,-0.0202503471265076,-0.00118882727855323
-0.0253207483267528,0.0276743307113414,-0.0408565979646523,-0.00371293140162422
-0.0504333527158483,0.0018375795183528,-0.0418346911696542,-0.00409405445342587
-0.0768033786823245,-0.0234429418031224,-0.0330116597459588,-0.00250003970412277
-0.0590698802627244,-0.0307064842971944,-0.0214388385342325,0.00025763323944828
0.00310229875831594,-0.0272461322361806,-0.0145370402767309,0.00320057059198385
0.0433225747815815,-0.0393985144690187,-0.0111366191749115,0.0055528448888866
0.0441648829843795,-0.0412266049552244,-0.00505058512448695,0.00681165853046591
0.0479624164143825,0.00449628799589303,-0.000388126650238237,0.00697148597288609
0.0595270094630241,0.0491985591916205,0.00298363138786529,0.00658486089493809
0.0496310662310158,0.0466545891832731,0.0154065862712392,0.0052256190494489
0.0316126984738961,0.0316363143448805,0.0482935676780235,0.00236017221273872
0.0445860072764237,0.0295621268618458,0.0880684519793767,-0.000751432959835457
0.0361134599944321,0.0321010202455839,0.107454970532074,-0.00311903322645272
-0.0476470026988698,0.038401377064006,0.100596494603634,-0.00577993278745616
-0.136653030973938,0.0368330082677227,0.0748185367973889,-0.00919252489911468
-0.140036667529461,0.0120652956398865,0.0447795512721751,-0.0113008902367335
-0.0495012686451428,-0.0261593642309779,0.0143442576163098,-0.00957108311819974
0.0927343608324293,-0.0637996327592969,-0.0196681542906212,-0.00280984059927617
0.18302161542778,-0.0943543357963868,-0.0362265446838264,0.00664027238272405
0.110969730396725,-0.101021201999763,-0.0312560080317473,0.0121622202242652
-0.0134348082537527,-0.0672249730726289,-0.0243911932300994,0.00933099892172721
-0.0387419038019874,-0.0248628205230482,-0.0149948206226974,0.00151618225527284
-0.0100321752278785,-0.02373572699508,0.00543663514107046,-0.00364619303675814
0.0103846046975425,-0.0492100778843919,0.0345512827446016,-0.00166399162162703
0.0114086204933616,-0.0649070799105426,0.0573625415446796,0.00511679774500971
-0.00367982090644053,-0.0625618600359795,0.0657131818281508,0.0108731704235647
-0.023469816884689,-0.02674440273231,0.0699802529490367,0.0120505792666087
-0.0321619846436586,0.0338008462414764,0.0678264551666566,0.00866332754279405
-0.00991582098561856,0.0731903856179463,0.0481670695873481,0.00190783280860672
0.0301751579900232,0.0913162875421392,0.0302118892049497,-0.00650072504297431
0.0464821954426109,0.111155665096753,0.0302863403852599,-0.012893336044216
-0.0247062913085844,0.103757438920471,0.0350877940375742,-0.0140338737829804
-0.188451872100959,0.0714432733628558,0.0413688930105949,-0.0107525720774163
-0.307985663402861,0.062305110846549,0.0396275117189555,-0.00559482146536179
-0.269608178971081,0.0334744870751151,0.00189714905011219,0.000166122356062396
-0.133846788405334,-0.0659766413836597,-0.0613735941541062,0.00489748290580084
-0.00250467718358033,-0.174843727559926,-0.0970442134903969,0.00703073205652586
0.10079321491394,-0.216233597103188,-0.0879092252238309,0.0075914049725928
0.184953992461804,-0.179540523869056,-0.0743130249659474,0.00675001315372947
0.238946345068659,-0.11553463964056,-0.0871408914815996,0.000978574492458651
0.222197900836078,-0.05863955167152,-0.08815985602817,-0.00976005225025127
0.129330790128097,-0.0107534890185002,-0.0290360128084491,-0.0176648500814195
0.0356707285960514,0.0208865597414771,0.0455014668821801,-0.0166730121228187
-0.0135010862473424,0.0487447157563895,0.0723505217187988,-0.0096617145012382
-0.0578777644143622,0.0770936152801939,0.0640670642955247,-0.00216783916080426
-0.100430545894183,0.0877129687646027,0.054980239258407,0.00387250537149074
-0.121941786433269,0.0835639049283323,0.0435703970001797,0.00896627593390543
-0.150175346657701,0.0740692848123225,0.0150900266045582,0.0130243513027633
-0.17378167639706,0.0463034462373918,-0.0252990773579499,0.0149800735896886
-0.157515064774046,0.0035206248698986,-0.0568538201495509,0.01462779142764
-0.13453678841261,-0.00200345628284958,-0.0515243295165027,0.0127187514107534
-0.115287320851654,0.0381705520520064,-0.0142687728894685,0.00968508844338874
-0.0455083891727101,0.0551677415725854,0.0142783196212222,0.00539615313391182
0.0379804541062099,0.0219186277025323,0.0246430373820336,0.000337252249374559
0.0462702813264742,-0.0228807660156184,0.0286484956699906,-0.00461228432632432
0.0170006326043136,-0.0353967996611856,0.0229446036391889,-0.00991144115097757
